Img	Time(s)	Epsilon
1	25.735	0.05
2	20.279	0.05
3	20.993	0.05
4	25.136	0.05
5	25.382	0.05
6	21.754	0.05
7	21.399	0.05
8	21.393	0.05
9	22.799	0.05
10	23.226	0.05
11	22.331	0.05
12	21.795	0.05
13	21.243	0.05
14	20.813	0.05
15	24.596	0.05
16	20.416	0.05
17	20.416	0.05
18	24.654	0.05
19	22.429	0.05
20	23.268	0.05
21	22.63	0.05
22	31.373	0.05
23	24.916	0.05
24	21.101	0.05
25	22.348	0.05
26	29.479	0.05
27	22.99	0.05
28	23.181	0.05
29	23.908	0.05
30	22.96	0.05
31	2.627	0.05
32	21.266	0.05
33	21.519	0.05
34	8.59	0.05
35	19.503	0.05
36	24.353	0.05
37	24.187	0.05
38	21.62	0.05
39	31.397	0.05
40	22.744	0.05
41	19.932	0.05
42	23.485	0.05
43	23.629	0.05
44	23.229	0.05
45	24.2	0.05
46	20.015	0.05
47	23.051	0.05
48	25.773	0.05
49	21.248	0.05
50	25.245	0.05
51	22.556	0.05
52	24.994	0.05
53	23.236	0.05
54	22.819	0.05
55	22.74	0.05
56	20.836	0.05
57	21.763	0.05
58	22.579	0.05
59	19.485	0.05
60	22.525	0.05
61	25.279	0.05
62	22.309	0.05
63	22.754	0.05
64	21.673	0.05
65	23.37	0.05
66	22.485	0.05
67	21.182	0.05
68	24.261	0.05
69	22.036	0.05
70	22.758	0.05
71	24.292	0.05
72	21.716	0.05
73	22.202	0.05
74	24.123	0.05
75	23.647	0.05
76	22.402	0.05
77	23.548	0.05
78	22.74	0.05
79	27.716	0.05
80	22.797	0.05
81	22.123	0.05
82	21.263	0.05
83	21.907	0.05
84	22.222	0.05
85	23.103	0.05
86	26.083	0.05
87	25.508	0.05
88	21.247	0.05
89	24.095	0.05
90	21.81	0.05
91	23.759	0.05
92	24.738	0.05
93	25.965	0.05
94	26.426	0.05
95	23.191	0.05
96	22.751	0.05
97	25.796	0.05
98	26.768	0.05
99	2.9	0.05
100	24.382	0.05
101	21.984	0.05
102	21.764	0.05
103	22.978	0.05
104	23.438	0.05
105	26.312	0.05
106	25.548	0.05
107	21.29	0.05
108	10.918	0.05
109	27.668	0.05
110	25.459	0.05
111	21.21	0.05
112	21.875	0.05
113	24.268	0.05
114	23.774	0.05
115	19.832	0.05
116	23.349	0.05
117	21.537	0.05
118	24.748	0.05
119	20.531	0.05
120	19.921	0.05
121	24.755	0.05
122	20.875	0.05
123	23.326	0.05
124	25.352	0.05
125	21.372	0.05
126	10.366	0.05
127	23.452	0.05
128	20.805	0.05
129	23.783	0.05
130	23.009	0.05
131	19.202	0.05
132	23.65	0.05
133	20.713	0.05
134	22.165	0.05
135	22.901	0.05
136	28.316	0.05
137	23.661	0.05
138	24.486	0.05
139	22.776	0.05
140	22.964	0.05
141	25.817	0.05
142	23.568	0.05
143	21.377	0.05
144	23.89	0.05
145	23.046	0.05
146	21.152	0.05
147	24.487	0.05
148	6.583	0.05
149	19.281	0.05
150	21.264	0.05
1	33.899	0.1
2	23.906	0.1
3	33.979	0.1
4	41.74	0.1
5	37.897	0.1
6	35.463	0.1
7	25.507	0.1
8	28.762	0.1
9	8.68	0.1
10	49.486	0.1
11	33.79	0.1
12	26.684	0.1
13	25.737	0.1
14	30.089	0.1
15	36.98	0.1
16	31.822	0.1
17	27.967	0.1
18	33.298	0.1
19	29.366	0.1
20	31.265	0.1
21	31.544	0.1
22	30.388	0.1
23	29.682	0.1
24	79.827	0.1
25	24.643	0.1
26	28.069	0.1
27	32.598	0.1
28	31.976	0.1
29	29.587	0.1
30	32.102	0.1
31	3.746	0.1
32	25.052	0.1
33	30.762	0.1
34	3.887	0.1
35	26.243	0.1
36	30.637	0.1
37	32.141	0.1
38	33.049	0.1
39	29.261	0.1
40	36.142	0.1
41	27.564	0.1
42	29.359	0.1
43	29.41	0.1
44	28.497	0.1
45	28.249	0.1
46	21.492	0.1
47	30.183	0.1
48	28.469	0.1
49	35.886	0.1
50	38.652	0.1
51	22.694	0.1
52	49.602	0.1
53	52.051	0.1
54	34.97	0.1
55	30.941	0.1
56	25.685	0.1
57	37.514	0.1
58	31.514	0.1
59	24.75	0.1
60	31.449	0.1
61	29.299	0.1
62	28.186	0.1
63	31.011	0.1
64	29.673	0.1
65	29.351	0.1
66	27.71	0.1
67	29.832	0.1
68	44.317	0.1
69	25.655	0.1
70	30.18	0.1
71	35.844	0.1
72	32.306	0.1
73	27.481	0.1
74	29.596	0.1
75	36.063	0.1
76	27.856	0.1
77	29.97	0.1
78	30.452	0.1
79	32.252	0.1
80	29.008	0.1
81	28.759	0.1
82	27.419	0.1
83	27.283	0.1
84	28.955	0.1
85	30.031	0.1
86	30.855	0.1
87	29.267	0.1
88	27.522	0.1
89	30.713	0.1
90	26.195	0.1
91	27.423	0.1
92	29.626	0.1
93	36.084	0.1
94	36.805	0.1
95	36.006	0.1
96	32.249	0.1
97	27.303	0.1
98	32.647	0.1
99	3.685	0.1
100	25.915	0.1
101	27.919	0.1
102	25.729	0.1
103	30.352	0.1
104	24.27	0.1
105	32.747	0.1
106	12.362	0.1
107	37.43	0.1
108	28.504	0.1
109	31.385	0.1
110	28.998	0.1
111	26.953	0.1
112	28.139	0.1
113	29.583	0.1
114	33.314	0.1
115	23.821	0.1
116	27.447	0.1
117	30.933	0.1
118	36.356	0.1
119	25.999	0.1
120	28.005	0.1
121	48.073	0.1
122	23.962	0.1
123	78.981	0.1
124	36.88	0.1
125	25.777	0.1
126	3.047	0.1
127	42.878	0.1
128	26.555	0.1
129	27.099	0.1
130	28.457	0.1
131	23.923	0.1
132	24.749	0.1
133	28.464	0.1
134	26.595	0.1
135	26.036	0.1
136	30.099	0.1
137	56.579	0.1
138	49.237	0.1
139	30.116	0.1
140	29.468	0.1
141	33.272	0.1
142	29.523	0.1
143	29.507	0.1
144	33.394	0.1
145	28.243	0.1
146	26.735	0.1
147	30.792	0.1
148	5.704	0.1
149	24.486	0.1
150	29.865	0.1
1	32.078	0.15
2	28.949	0.15
3	33.114	0.15
4	27.628	0.15
5	29.694	0.15
6	29.064	0.15
7	31.606	0.15
8	31.981	0.15
9	7.766	0.15
10	34.737	0.15
11	2.794	0.15
12	31.544	0.15
13	32.359	0.15
14	33.188	0.15
15	30.995	0.15
16	33.263	0.15
17	31.452	0.15
18	32.599	0.15
19	33.493	0.15
20	33.808	0.15
21	44.199	0.15
22	36.351	0.15
23	30.475	0.15
24	33.313	0.15
25	28.907	0.15
26	36.972	0.15
27	33.035	0.15
28	32.496	0.15
29	30.457	0.15
30	33.379	0.15
31	4.594	0.15
32	24.2	0.15
33	35.506	0.15
34	3.686	0.15
35	30.38	0.15
36	29.949	0.15
37	32.748	0.15
38	30.851	0.15
39	38.76	0.15
40	28.826	0.15
41	29.993	0.15
42	28.302	0.15
43	34.688	0.15
44	36.816	0.15
45	46.652	0.15
46	30.853	0.15
47	31.479	0.15
48	48.342	0.15
49	25.66	0.15
50	33.595	0.15
51	60.7	0.15
52	29.529	0.15
53	38.024	0.15
54	33.598	0.15
55	31.379	0.15
56	27.662	0.15
57	34.263	0.15
58	31.391	0.15
59	31.044	0.15
60	37.849	0.15
61	36.611	0.15
62	33.847	0.15
63	31.009	0.15
64	35.194	0.15
65	31.341	0.15
66	30.613	0.15
67	30.04	0.15
68	30.915	0.15
69	32.487	0.15
70	31.324	0.15
71	35.758	0.15
72	28.307	0.15
73	33.948	0.15
74	31.167	0.15
75	37.139	0.15
76	30.279	0.15
77	32.411	0.15
78	27.532	0.15
79	40.518	0.15
80	34.15	0.15
81	33.603	0.15
82	34.093	0.15
83	27.15	0.15
84	44.529	0.15
85	39.331	0.15
86	36.867	0.15
87	33.599	0.15
88	33.181	0.15
89	30.912	0.15
90	31.346	0.15
91	30.29	0.15
92	32.193	0.15
93	31.96	0.15
94	33.651	0.15
95	38.622	0.15
96	33.98	0.15
97	30.467	0.15
98	38.692	0.15
99	3.416	0.15
100	34.941	0.15
101	30.967	0.15
102	29.294	0.15
103	32.396	0.15
104	36.708	0.15
105	30.757	0.15
106	39.44	0.15
107	75.832	0.15
108	13.684	0.15
109	32.862	0.15
110	28.793	0.15
111	34.829	0.15
112	29.493	0.15
113	32.293	0.15
114	37.04	0.15
115	31.39	0.15
116	34.629	0.15
117	33.296	0.15
118	31.949	0.15
119	34.583	0.15
120	37.508	0.15
121	34.508	0.15
122	31.979	0.15
123	31.222	0.15
124	35.173	0.15
125	31.321	0.15
126	3.513	0.15
127	34.811	0.15
128	30.425	0.15
129	31.562	0.15
130	28.325	0.15
131	66.828	0.15
132	27.143	0.15
133	31.453	0.15
134	42.331	0.15
135	29.996	0.15
136	35.878	0.15
137	35.238	0.15
138	30.585	0.15
139	33.255	0.15
140	30.028	0.15
141	29.855	0.15
142	32.553	0.15
143	32.778	0.15
144	35.834	0.15
145	32.922	0.15
146	37.442	0.15
147	34.426	0.15
148	12.231	0.15
149	26.538	0.15
150	33.334	0.15
1	36.222	0.2
2	33.822	0.2
3	36.633	0.2
4	30.439	0.2
5	36.142	0.2
6	36.225	0.2
7	33.508	0.2
8	32.987	0.2
9	12.103	0.2
10	31.533	0.2
11	17.766	0.2
12	32.949	0.2
13	39.921	0.2
14	34.19	0.2
15	30.796	0.2
16	41.608	0.2
17	39.616	0.2
18	31.968	0.2
19	35.132	0.2
20	34.143	0.2
21	41.295	0.2
22	41.178	0.2
23	36.193	0.2
24	34.836	0.2
25	33.697	0.2
26	42.527	0.2
27	35.174	0.2
28	38.353	0.2
29	37.058	0.2
30	37.92	0.2
31	4.379	0.2
32	32.648	0.2
33	28.172	0.2
34	11.263	0.2
35	29.056	0.2
36	38.18	0.2
37	34.474	0.2
38	38.059	0.2
39	45.939	0.2
40	31.397	0.2
41	36.455	0.2
42	29.328	0.2
43	51.182	0.2
44	38.801	0.2
45	37.977	0.2
46	30.505	0.2
47	36.353	0.2
48	42.555	0.2
49	37.315	0.2
50	32.718	0.2
51	32.893	0.2
52	35.74	0.2
53	34.028	0.2
54	38.226	0.2
55	36.814	0.2
56	34.498	0.2
57	37.597	0.2
58	30.388	0.2
59	30.461	0.2
60	38.571	0.2
61	41.223	0.2
62	41.453	0.2
63	35.641	0.2
64	40.936	0.2
65	35.505	0.2
66	36.557	0.2
67	29.101	0.2
68	33.383	0.2
69	46.043	0.2
70	37.46	0.2
71	36.507	0.2
72	32.439	0.2
73	30.554	0.2
74	37.648	0.2
75	34.321	0.2
76	34.404	0.2
77	29.655	0.2
78	38.014	0.2
79	46.798	0.2
80	37.027	0.2
81	35.333	0.2
82	38.473	0.2
83	38.901	0.2
84	37.751	0.2
85	36.002	0.2
86	31.534	0.2
87	35.293	0.2
88	34.743	0.2
89	32.03	0.2
90	42.069	0.2
91	38.744	0.2
92	36.718	0.2
93	36.902	0.2
94	39.22	0.2
95	38.553	0.2
96	36.339	0.2
97	39.731	0.2
98	38.43	0.2
99	4.365	0.2
100	36.191	0.2
101	38.676	0.2
102	36.019	0.2
103	33.49	0.2
104	10.289	0.2
105	30.96	0.2
106	8.266	0.2
107	31.551	0.2
108	3.738	0.2
109	35.696	0.2
110	32.057	0.2
111	35.052	0.2
112	32.829	0.2
113	37.247	0.2
114	32.304	0.2
115	38.291	0.2
116	36.032	0.2
117	42.952	0.2
118	38.228	0.2
119	39.309	0.2
120	35.278	0.2
121	35.301	0.2
122	32.976	0.2
123	31.004	0.2
124	37.46	0.2
125	43.416	0.2
126	3.802	0.2
127	34.808	0.2
128	35.732	0.2
129	34.883	0.2
130	31.184	0.2
131	32.305	0.2
132	41.215	0.2
133	30.573	0.2
134	42.865	0.2
135	28.678	0.2
136	38.332	0.2
137	33.052	0.2
138	32.695	0.2
139	36.917	0.2
140	36.676	0.2
141	32.318	0.2
142	37.008	0.2
143	34.397	0.2
144	42.466	0.2
145	30.107	0.2
146	37.257	0.2
147	41.093	0.2
148	26.208	0.2
149	32.186	0.2
150	39.849	0.2
