Img	Time(s)	Epsilon
1	15.145	0.05
2	13.334	0.05
3	11.28	0.05
4	13.839	0.05
5	13.116	0.05
6	14.732	0.05
7	10.827	0.05
8	13.618	0.05
9	13.295	0.05
10	14.92	0.05
11	13.947	0.05
12	13.438	0.05
13	18.357	0.05
14	12.238	0.05
15	21.839	0.05
16	12.763	0.05
17	12.111	0.05
18	13.939	0.05
19	14.337	0.05
20	13.485	0.05
21	99.063	0.05
22	13.391	0.05
23	13.126	0.05
24	13.873	0.05
25	14.235	0.05
26	13.593	0.05
27	13.953	0.05
28	13.446	0.05
29	13.801	0.05
30	16.767	0.05
31	3.117	0.05
32	12.227	0.05
33	13.229	0.05
34	4.698	0.05
35	11.423	0.05
36	14.448	0.05
37	14.264	0.05
38	12.882	0.05
39	14.28	0.05
40	15.667	0.05
41	13.395	0.05
42	13.116	0.05
43	13.838	0.05
44	121.696	0.05
45	13.93	0.05
46	13.405	0.05
47	14.245	0.05
48	11.659	0.05
49	13.469	0.05
50	15.267	0.05
51	12.514	0.05
52	14.642	0.05
53	29.826	0.05
54	13.487	0.05
55	12.232	0.05
56	12.008	0.05
57	13.786	0.05
58	12.717	0.05
59	13.508	0.05
60	12.081	0.05
61	12.647	0.05
62	14.545	0.05
63	13.509	0.05
64	13.691	0.05
65	12.342	0.05
66	11.522	0.05
67	16.542	0.05
68	13.61	0.05
69	12.797	0.05
70	13.853	0.05
71	15.397	0.05
72	15.521	0.05
73	13.485	0.05
74	12.685	0.05
75	14.989	0.05
76	13.536	0.05
77	14.139	0.05
78	12.949	0.05
79	13.536	0.05
80	15.481	0.05
81	16.716	0.05
82	13.263	0.05
83	12.374	0.05
84	13.012	0.05
85	14.539	0.05
86	57.274	0.05
87	13.14	0.05
88	12.994	0.05
89	14.384	0.05
90	12.295	0.05
91	12.06	0.05
92	15.64	0.05
93	14.333	0.05
94	24.766	0.05
95	13.339	0.05
96	12.845	0.05
97	14.751	0.05
98	12.707	0.05
99	1.6	0.05
100	13.7	0.05
101	14.492	0.05
102	11.665	0.05
103	12.613	0.05
104	13.378	0.05
105	13.802	0.05
106	13.182	0.05
107	13.331	0.05
108	3.688	0.05
109	15.678	0.05
110	13.073	0.05
111	24.002	0.05
112	15.441	0.05
113	12.905	0.05
114	14.852	0.05
115	12.786	0.05
116	13.374	0.05
117	13.022	0.05
118	13.493	0.05
119	12.156	0.05
120	12.777	0.05
121	14.27	0.05
122	12.485	0.05
123	13.934	0.05
124	14.545	0.05
125	13.778	0.05
126	14.522	0.05
127	13.968	0.05
128	12.682	0.05
129	16.296	0.05
130	11.622	0.05
131	12.512	0.05
132	15.509	0.05
133	18.792	0.05
134	13.13	0.05
135	22.449	0.05
136	17.4	0.05
137	15.978	0.05
138	13.761	0.05
139	12.607	0.05
140	12.669	0.05
141	14.033	0.05
142	14.046	0.05
143	11.739	0.05
144	12.521	0.05
145	12.736	0.05
146	14.475	0.05
147	14.647	0.05
148	1.86	0.05
149	11.349	0.05
150	12.995	0.05
1	15.876	0.1
2	14.062	0.1
3	14.044	0.1
4	14.423	0.1
5	15.237	0.1
6	13.859	0.1
7	13.409	0.1
8	14.393	0.1
9	15.21	0.1
10	14.436	0.1
11	16.098	0.1
12	22.238	0.1
13	14.485	0.1
14	18.552	0.1
15	13.949	0.1
16	13.016	0.1
17	15.811	0.1
18	15.363	0.1
19	13.915	0.1
20	13.665	0.1
21	16.333	0.1
22	14.144	0.1
23	14.201	0.1
24	15.131	0.1
25	14.56	0.1
26	12.708	0.1
27	16.148	0.1
28	16.846	0.1
29	15.027	0.1
30	14.326	0.1
31	1.615	0.1
32	25.647	0.1
33	14.942	0.1
34	1.756	0.1
35	16.042	0.1
36	14.59	0.1
37	14.03	0.1
38	14.212	0.1
39	15.23	0.1
40	6.344	0.1
41	20.645	0.1
42	15.306	0.1
43	14.423	0.1
44	13.098	0.1
45	14.809	0.1
46	14.898	0.1
47	14.109	0.1
48	13.85	0.1
49	15.099	0.1
50	15.878	0.1
51	18.414	0.1
52	13.941	0.1
53	16.845	0.1
54	16.23	0.1
55	15.698	0.1
56	25.03	0.1
57	16.74	0.1
58	13.874	0.1
59	14.497	0.1
60	13.514	0.1
61	15.563	0.1
62	14.392	0.1
63	13.868	0.1
64	13.98	0.1
65	13.816	0.1
66	108.3	0.1
67	14.749	0.1
68	15.362	0.1
69	14.067	0.1
70	15.217	0.1
71	15.353	0.1
72	13.552	0.1
73	14.071	0.1
74	18.192	0.1
75	15.384	0.1
76	13.649	0.1
77	14.183	0.1
78	17.693	0.1
79	17.754	0.1
80	14.797	0.1
81	15.211	0.1
82	15.129	0.1
83	15.727	0.1
84	15.047	0.1
85	15.375	0.1
86	14.769	0.1
87	14.965	0.1
88	14.596	0.1
89	14.651	0.1
90	13.233	0.1
91	15.04	0.1
92	14.781	0.1
93	14.633	0.1
94	15.007	0.1
95	14.705	0.1
96	16.257	0.1
97	13.245	0.1
98	15.249	0.1
99	1.72	0.1
100	15.107	0.1
101	14.194	0.1
102	13.09	0.1
103	14.551	0.1
104	12.687	0.1
105	7.124	0.1
106	15.194	0.1
107	5.855	0.1
108	3.087	0.1
109	14.658	0.1
110	14.473	0.1
111	15.164	0.1
112	13.448	0.1
113	16.412	0.1
114	15.463	0.1
115	15.268	0.1
116	14.204	0.1
117	14.496	0.1
118	14.659	0.1
119	30.419	0.1
120	13.656	0.1
121	19.56	0.1
122	16.46	0.1
123	7.888	0.1
124	14.04	0.1
125	43.196	0.1
126	16.015	0.1
127	15.377	0.1
128	16.573	0.1
129	14.862	0.1
130	12.528	0.1
131	13.209	0.1
132	14.876	0.1
133	13.893	0.1
134	16.281	0.1
135	14.984	0.1
136	14.512	0.1
137	15.061	0.1
138	14.76	0.1
139	14.026	0.1
140	14.78	0.1
141	13.546	0.1
142	15.194	0.1
143	12.711	0.1
144	15.267	0.1
145	13.659	0.1
146	14.123	0.1
147	15.817	0.1
148	3.569	0.1
149	13.274	0.1
150	15.528	0.1
1	13.749	0.15
2	14.391	0.15
3	17.205	0.15
4	1.576	0.15
5	15.493	0.15
6	13.645	0.15
7	13.805	0.15
8	14.839	0.15
9	14.887	0.15
10	14.469	0.15
11	16.544	0.15
12	14.626	0.15
13	4.803	0.15
14	14.845	0.15
15	13.931	0.15
16	14.412	0.15
17	15.87	0.15
18	15.965	0.15
19	15.824	0.15
20	15.624	0.15
21	17.81	0.15
22	15.713	0.15
23	16.71	0.15
24	16.932	0.15
25	14.643	0.15
26	15.574	0.15
27	14.67	0.15
28	15.241	0.15
29	13.666	0.15
30	16.538	0.15
31	1.529	0.15
32	14.107	0.15
33	14.593	0.15
34	1.894	0.15
35	14.522	0.15
36	14.266	0.15
37	14.645	0.15
38	15.973	0.15
39	17.194	0.15
40	14.269	0.15
41	15.282	0.15
42	15.499	0.15
43	17.304	0.15
44	13.759	0.15
45	14.547	0.15
46	15.597	0.15
47	15.285	0.15
48	14.787	0.15
49	16.927	0.15
50	17.386	0.15
51	14.551	0.15
52	13.657	0.15
53	15.852	0.15
54	18.704	0.15
55	20.273	0.15
56	14.149	0.15
57	17.845	0.15
58	14.841	0.15
59	14.328	0.15
60	14.394	0.15
61	16.216	0.15
62	15.514	0.15
63	15.556	0.15
64	15.856	0.15
65	15.318	0.15
66	13.851	0.15
67	13.999	0.15
68	14.687	0.15
69	16.658	0.15
70	15.82	0.15
71	11.206	0.15
72	14.907	0.15
73	15.029	0.15
74	13.948	0.15
75	15.31	0.15
76	15.769	0.15
77	5.17	0.15
78	15.546	0.15
79	17.989	0.15
80	8.428	0.15
81	13.47	0.15
82	15.127	0.15
83	14.143	0.15
84	16.34	0.15
85	14.345	0.15
86	16.266	0.15
87	15.176	0.15
88	15.466	0.15
89	14.197	0.15
90	17.064	0.15
91	14.867	0.15
92	14.512	0.15
93	15.187	0.15
94	15.99	0.15
95	15.076	0.15
96	19.334	0.15
97	15.29	0.15
98	17.22	0.15
99	1.553	0.15
100	15.065	0.15
101	14.005	0.15
102	15.281	0.15
103	14.584	0.15
104	4.757	0.15
105	8.158	0.15
106	15.006	0.15
107	14.968	0.15
108	5.744	0.15
109	15.551	0.15
110	18.279	0.15
111	18.46	0.15
112	15.363	0.15
113	17.751	0.15
114	15.939	0.15
115	15.266	0.15
116	15.435	0.15
117	15.456	0.15
118	15.657	0.15
119	15.72	0.15
120	16.77	0.15
121	16.465	0.15
122	13.732	0.15
123	7.776	0.15
124	15.844	0.15
125	14.66	0.15
126	1.516	0.15
127	14.844	0.15
128	15.472	0.15
129	14.15	0.15
130	1.505	0.15
131	15.446	0.15
132	16.086	0.15
133	15.364	0.15
134	14.911	0.15
135	14.511	0.15
136	13.937	0.15
137	16.841	0.15
138	15.648	0.15
139	15.576	0.15
140	15.665	0.15
141	17.344	0.15
142	15.704	0.15
143	15.815	0.15
144	14.443	0.15
145	15.545	0.15
146	14.75	0.15
147	15.2	0.15
148	3.103	0.15
149	15.062	0.15
150	17.156	0.15
1	15.417	0.2
2	15.107	0.2
3	15.196	0.2
4	2.312	0.2
5	14.494	0.2
6	14.608	0.2
7	14.009	0.2
8	16.028	0.2
9	14.926	0.2
10	15.253	0.2
11	15.873	0.2
12	17.462	0.2
13	4.788	0.2
14	15.346	0.2
15	15.836	0.2
16	15.114	0.2
17	16.258	0.2
18	15.721	0.2
19	15.197	0.2
20	14.489	0.2
21	16.462	0.2
22	16.669	0.2
23	14.911	0.2
24	17.063	0.2
25	15.644	0.2
26	15.384	0.2
27	15.476	0.2
28	16.232	0.2
29	14.265	0.2
30	16.381	0.2
31	1.701	0.2
32	14.897	0.2
33	15.957	0.2
34	1.851	0.2
35	15.403	0.2
36	14.654	0.2
37	4.732	0.2
38	15.846	0.2
39	16.433	0.2
40	14.803	0.2
41	15.109	0.2
42	15.784	0.2
43	16.005	0.2
44	15.448	0.2
45	16.565	0.2
46	16.198	0.2
47	15.837	0.2
48	15.243	0.2
49	14.303	0.2
50	17.58	0.2
51	15.392	0.2
52	14.948	0.2
53	16.538	0.2
54	17.083	0.2
55	15.667	0.2
56	15.406	0.2
57	16.959	0.2
58	16.362	0.2
59	14.869	0.2
60	15.833	0.2
61	17.455	0.2
62	14.367	0.2
63	14.354	0.2
64	15.32	0.2
65	5.666	0.2
66	17.222	0.2
67	15.706	0.2
68	16.007	0.2
69	16.951	0.2
70	14.76	0.2
71	1.747	0.2
72	14.323	0.2
73	15.832	0.2
74	16.019	0.2
75	15.165	0.2
76	15.335	0.2
77	4.859	0.2
78	15.219	0.2
79	17.059	0.2
80	9.057	0.2
81	14.581	0.2
82	14.432	0.2
83	16.428	0.2
84	15.474	0.2
85	14.805	0.2
86	10.166	0.2
87	16.064	0.2
88	15.628	0.2
89	15.812	0.2
90	16.905	0.2
91	17.382	0.2
92	14.543	0.2
93	16.007	0.2
94	15.4	0.2
95	16.456	0.2
96	15.801	0.2
97	5.805	0.2
98	15.161	0.2
99	1.825	0.2
100	15.296	0.2
101	7.063	0.2
102	15.177	0.2
103	14.12	0.2
104	1.471	0.2
105	15.696	0.2
106	15.743	0.2
107	16.29	0.2
108	1.635	0.2
109	5.06	0.2
110	15.102	0.2
111	16.963	0.2
112	14.769	0.2
113	15.66	0.2
114	14.393	0.2
115	16.988	0.2
116	15.24	0.2
117	16.134	0.2
118	15.028	0.2
119	17.896	0.2
120	18.516	0.2
121	15.577	0.2
122	15.449	0.2
123	8.317	0.2
124	6.307	0.2
125	15.353	0.2
126	1.601	0.2
127	15.284	0.2
128	15.244	0.2
129	14.631	0.2
130	5.237	0.2
131	15.365	0.2
132	17.742	0.2
133	16.261	0.2
134	13.76	0.2
135	15.692	0.2
136	16.774	0.2
137	15.504	0.2
138	14.299	0.2
139	15.119	0.2
140	16.447	0.2
141	15.532	0.2
142	16.47	0.2
143	13.962	0.2
144	17.024	0.2
145	15.102	0.2
146	15.169	0.2
147	15.87	0.2
148	1.802	0.2
149	15.023	0.2
150	15.634	0.2
