Img	Time(s)	Epsilon
1	18.099	0.05
2	13.237	0.05
3	29.617	0.05
4	18.328	0.05
5	13.235	0.05
6	12.262	0.05
7	14.72	0.05
8	15.474	0.05
9	12.922	0.05
10	296.915	0.05
11	3.491	0.05
12	12.795	0.05
13	17.433	0.05
14	13.991	0.05
15	76.089	0.05
16	13.659	0.05
17	13.155	0.05
18	18.646	0.05
19	14.375	0.05
20	15.578	0.05
21	22.893	0.05
22	29.377	0.05
23	16.144	0.05
24	16.319	0.05
25	16.069	0.05
26	12.664	0.05
27	16.125	0.05
28	50.119	0.05
29	18.029	0.05
30	30.898	0.05
31	1.66	0.05
32	17.208	0.05
33	14.257	0.05
34	1.685	0.05
35	13.832	0.05
36	13.002	0.05
37	13.872	0.05
38	14.115	0.05
39	16.112	0.05
40	14.645	0.05
41	14.785	0.05
42	15.431	0.05
43	24.342	0.05
44	13.233	0.05
45	13.326	0.05
46	13.353	0.05
47	15.537	0.05
48	23.877	0.05
49	21.517	0.05
50	14.664	0.05
51	14.224	0.05
52	169.103	0.05
53	15.184	0.05
54	17.242	0.05
55	14.931	0.05
56	42.523	0.05
57	15.196	0.05
58	29.269	0.05
59	13.611	0.05
60	28.55	0.05
61	29.337	0.05
62	17.054	0.05
63	16.728	0.05
64	35.112	0.05
65	16.414	0.05
66	24.8	0.05
67	13.563	0.05
68	15.861	0.05
69	13.851	0.05
70	16.042	0.05
71	16.828	0.05
72	21.309	0.05
73	18.893	0.05
74	55.177	0.05
75	1192.67	0.05
76	12.975	0.05
77	15.054	0.05
78	642.609	0.05
79	14.918	0.05
80	47.809	0.05
81	33.496	0.05
82	16.723	0.05
83	13.931	0.05
84	12.633	0.05
85	15.43	0.05
86	21.002	0.05
87	15.345	0.05
88	45.039	0.05
89	12.405	0.05
90	22.58	0.05
91	14.948	0.05
92	17.031	0.05
93	297.089	0.05
94	16.617	0.05
95	15.075	0.05
96	13.052	0.05
97	14.014	0.05
98	24.234	0.05
99	2.057	0.05
100	13.077	0.05
101	16.193	0.05
102	12.252	0.05
103	15.34	0.05
104	15.359	0.05
105	15.927	0.05
106	15.497	0.05
107	14.786	0.05
108	1.866	0.05
109	16.722	0.05
110	15.811	0.05
111	290.291	0.05
112	18.604	0.05
113	15.313	0.05
114	143.69	0.05
115	37.085	0.05
116	13.482	0.05
117	15.464	0.05
118	13.427	0.05
119	69.585	0.05
120	13.877	0.05
121	22.362	0.05
122	13.942	0.05
123	24.003	0.05
124	21.586	0.05
125	12.883	0.05
126	16.702	0.05
127	1.653	0.05
128	13.816	0.05
129	12.308	0.05
130	14.926	0.05
131	16.036	0.05
132	14.825	0.05
133	14.524	0.05
134	14.715	0.05
135	18.042	0.05
136	191.144	0.05
137	656.078	0.05
138	15.787	0.05
139	13.612	0.05
140	12.95	0.05
141	15.664	0.05
142	12.997	0.05
143	13.073	0.05
144	13.162	0.05
145	17.102	0.05
146	14.73	0.05
147	221.42	0.05
148	2.289	0.05
149	11.266	0.05
150	16.283	0.05
1	16.462	0.1
2	16.315	0.1
3	17.342	0.1
4	17.856	0.1
5	26.263	0.1
6	16.566	0.1
7	26.992	0.1
8	19.233	0.1
9	3.431	0.1
10	18.014	0.1
11	14.59	0.1
12	18.105	0.1
13	16.597	0.1
14	16.06	0.1
15	17.447	0.1
16	14.644	0.1
17	21.256	0.1
18	17.0	0.1
19	21.099	0.1
20	15.101	0.1
21	17.865	0.1
22	19.168	0.1
23	20.331	0.1
24	16.339	0.1
25	16.724	0.1
26	16.851	0.1
27	16.971	0.1
28	17.366	0.1
29	15.787	0.1
30	19.348	0.1
31	1.87	0.1
32	14.351	0.1
33	16.944	0.1
34	2.051	0.1
35	33.3	0.1
36	16.701	0.1
37	17.823	0.1
38	17.307	0.1
39	20.844	0.1
40	17.424	0.1
41	19.643	0.1
42	17.025	0.1
43	9.715	0.1
44	16.781	0.1
45	17.006	0.1
46	15.317	0.1
47	7.976	0.1
48	22.269	0.1
49	17.052	0.1
50	19.282	0.1
51	17.115	0.1
52	18.819	0.1
53	20.304	0.1
54	25.815	0.1
55	18.467	0.1
56	19.833	0.1
57	17.886	0.1
58	18.22	0.1
59	17.425	0.1
60	15.58	0.1
61	17.947	0.1
62	15.082	0.1
63	17.418	0.1
64	18.031	0.1
65	16.385	0.1
66	23.399	0.1
67	16.283	0.1
68	18.625	0.1
69	18.444	0.1
70	16.458	0.1
71	18.375	0.1
72	17.183	0.1
73	14.959	0.1
74	18.229	0.1
75	18.809	0.1
76	17.293	0.1
77	18.224	0.1
78	19.165	0.1
79	19.152	0.1
80	17.714	0.1
81	17.139	0.1
82	18.906	0.1
83	16.12	0.1
84	16.996	0.1
85	19.806	0.1
86	16.328	0.1
87	18.198	0.1
88	17.0	0.1
89	14.319	0.1
90	21.5	0.1
91	15.971	0.1
92	20.614	0.1
93	18.425	0.1
94	18.083	0.1
95	18.06	0.1
96	18.229	0.1
97	18.895	0.1
98	17.707	0.1
99	1.514	0.1
100	16.074	0.1
101	16.684	0.1
102	14.416	0.1
103	17.526	0.1
104	7.72	0.1
105	18.538	0.1
106	17.457	0.1
107	18.093	0.1
108	2.078	0.1
109	19.588	0.1
110	17.18	0.1
111	17.037	0.1
112	19.806	0.1
113	17.481	0.1
114	22.611	0.1
115	18.154	0.1
116	14.777	0.1
117	20.132	0.1
118	16.985	0.1
119	21.419	0.1
120	16.374	0.1
121	18.749	0.1
122	15.634	0.1
123	7.232	0.1
124	17.122	0.1
125	110.492	0.1
126	11.817	0.1
127	2.922	0.1
128	16.641	0.1
129	15.163	0.1
130	15.134	0.1
131	17.474	0.1
132	17.333	0.1
133	14.849	0.1
134	24.639	0.1
135	16.872	0.1
136	16.176	0.1
137	17.241	0.1
138	21.178	0.1
139	16.281	0.1
140	15.132	0.1
141	18.941	0.1
142	15.629	0.1
143	14.281	0.1
144	20.194	0.1
145	21.284	0.1
146	16.993	0.1
147	53.508	0.1
148	1.618	0.1
149	29.389	0.1
150	18.528	0.1
1	17.926	0.15
2	16.777	0.15
3	19.953	0.15
4	18.217	0.15
5	16.95	0.15
6	18.324	0.15
7	19.977	0.15
8	17.614	0.15
9	9.576	0.15
10	19.694	0.15
11	6.182	0.15
12	16.646	0.15
13	16.562	0.15
14	19.375	0.15
15	17.881	0.15
16	15.48	0.15
17	19.077	0.15
18	16.096	0.15
19	16.469	0.15
20	16.502	0.15
21	19.645	0.15
22	17.805	0.15
23	17.979	0.15
24	20.081	0.15
25	16.676	0.15
26	16.348	0.15
27	18.441	0.15
28	17.884	0.15
29	17.856	0.15
30	18.094	0.15
31	1.62	0.15
32	16.642	0.15
33	15.74	0.15
34	1.819	0.15
35	24.226	0.15
36	18.754	0.15
37	17.263	0.15
38	16.353	0.15
39	21.218	0.15
40	17.453	0.15
41	18.346	0.15
42	18.384	0.15
43	18.197	0.15
44	17.689	0.15
45	19.521	0.15
46	17.056	0.15
47	7.45	0.15
48	16.189	0.15
49	17.415	0.15
50	18.392	0.15
51	16.85	0.15
52	18.11	0.15
53	20.959	0.15
54	19.528	0.15
55	17.553	0.15
56	19.677	0.15
57	18.979	0.15
58	18.639	0.15
59	19.384	0.15
60	16.631	0.15
61	16.104	0.15
62	18.16	0.15
63	19.71	0.15
64	18.251	0.15
65	16.163	0.15
66	16.969	0.15
67	16.687	0.15
68	17.242	0.15
69	16.457	0.15
70	17.291	0.15
71	21.805	0.15
72	17.226	0.15
73	18.393	0.15
74	16.636	0.15
75	18.013	0.15
76	18.848	0.15
77	17.922	0.15
78	17.776	0.15
79	24.502	0.15
80	18.038	0.15
81	11.896	0.15
82	17.168	0.15
83	19.251	0.15
84	22.123	0.15
85	18.922	0.15
86	11.892	0.15
87	16.475	0.15
88	19.599	0.15
89	16.823	0.15
90	19.898	0.15
91	17.415	0.15
92	17.978	0.15
93	18.463	0.15
94	18.97	0.15
95	18.101	0.15
96	20.159	0.15
97	18.416	0.15
98	19.161	0.15
99	2.272	0.15
100	18.273	0.15
101	16.938	0.15
102	16.818	0.15
103	16.596	0.15
104	1.862	0.15
105	21.371	0.15
106	18.569	0.15
107	16.785	0.15
108	2.412	0.15
109	20.6	0.15
110	17.653	0.15
111	19.401	0.15
112	19.108	0.15
113	18.704	0.15
114	18.091	0.15
115	19.339	0.15
116	19.582	0.15
117	18.432	0.15
118	18.313	0.15
119	17.798	0.15
120	51.521	0.15
121	18.484	0.15
122	17.713	0.15
123	3.464	0.15
124	18.125	0.15
125	19.795	0.15
126	1.815	0.15
127	5.942	0.15
128	17.295	0.15
129	16.71	0.15
130	5.24	0.15
131	17.238	0.15
132	16.841	0.15
133	19.447	0.15
134	16.72	0.15
135	17.939	0.15
136	17.929	0.15
137	18.241	0.15
138	17.845	0.15
139	20.485	0.15
140	21.764	0.15
141	18.759	0.15
142	19.184	0.15
143	16.707	0.15
144	17.694	0.15
145	16.09	0.15
146	19.446	0.15
147	19.153	0.15
148	2.03	0.15
149	16.372	0.15
150	18.269	0.15
1	18.361	0.2
2	17.694	0.2
3	20.976	0.2
4	5.965	0.2
5	17.83	0.2
6	19.177	0.2
7	18.433	0.2
8	17.87	0.2
9	10.183	0.2
10	18.598	0.2
11	2.367	0.2
12	19.615	0.2
13	16.531	0.2
14	17.92	0.2
15	19.661	0.2
16	1.883	0.2
17	18.536	0.2
18	18.712	0.2
19	21.36	0.2
20	17.544	0.2
21	19.826	0.2
22	19.848	0.2
23	19.845	0.2
24	22.27	0.2
25	19.683	0.2
26	18.491	0.2
27	20.826	0.2
28	20.066	0.2
29	18.008	0.2
30	19.811	0.2
31	2.207	0.2
32	20.879	0.2
33	17.654	0.2
34	2.318	0.2
35	17.653	0.2
36	21.257	0.2
37	6.034	0.2
38	18.47	0.2
39	19.274	0.2
40	19.096	0.2
41	17.974	0.2
42	18.765	0.2
43	21.117	0.2
44	18.128	0.2
45	21.113	0.2
46	18.787	0.2
47	5.769	0.2
48	16.981	0.2
49	20.418	0.2
50	21.239	0.2
51	19.691	0.2
52	18.161	0.2
53	20.95	0.2
54	18.926	0.2
55	17.022	0.2
56	19.872	0.2
57	19.09	0.2
58	19.126	0.2
59	21.364	0.2
60	22.396	0.2
61	17.264	0.2
62	19.16	0.2
63	18.494	0.2
64	18.352	0.2
65	18.246	0.2
66	20.388	0.2
67	17.165	0.2
68	18.62	0.2
69	20.001	0.2
70	18.386	0.2
71	18.899	0.2
72	19.45	0.2
73	17.866	0.2
74	17.748	0.2
75	20.378	0.2
76	19.099	0.2
77	5.626	0.2
78	17.842	0.2
79	17.242	0.2
80	19.849	0.2
81	1.882	0.2
82	18.102	0.2
83	20.162	0.2
84	19.978	0.2
85	4.213	0.2
86	11.186	0.2
87	19.355	0.2
88	17.86	0.2
89	17.977	0.2
90	20.264	0.2
91	20.173	0.2
92	21.153	0.2
93	8.038	0.2
94	20.367	0.2
95	19.867	0.2
96	20.817	0.2
97	19.88	0.2
98	19.286	0.2
99	2.099	0.2
100	18.103	0.2
101	19.745	0.2
102	21.066	0.2
103	17.71	0.2
104	1.693	0.2
105	7.989	0.2
106	21.695	0.2
107	16.666	0.2
108	2.067	0.2
109	20.111	0.2
110	9.252	0.2
111	18.962	0.2
112	16.604	0.2
113	10.999	0.2
114	20.861	0.2
115	17.385	0.2
116	18.072	0.2
117	19.871	0.2
118	17.699	0.2
119	18.718	0.2
120	19.252	0.2
121	19.229	0.2
122	18.922	0.2
123	4.487	0.2
124	19.611	0.2
125	17.637	0.2
126	1.834	0.2
127	22.177	0.2
128	17.043	0.2
129	17.541	0.2
130	3.834	0.2
131	18.975	0.2
132	22.717	0.2
133	19.315	0.2
134	16.331	0.2
135	21.178	0.2
136	18.178	0.2
137	18.735	0.2
138	22.215	0.2
139	17.089	0.2
140	21.036	0.2
141	19.903	0.2
142	22.431	0.2
143	19.017	0.2
144	19.946	0.2
145	16.897	0.2
146	18.031	0.2
147	18.316	0.2
148	1.589	0.2
149	18.804	0.2
150	18.896	0.2
