Img	Time(s)	Epsilon
1	18.646	0.025
2	16.065	0.025
3	16.673	0.025
4	16.782	0.025
5	17.253	0.025
6	17.238	0.025
7	16.092	0.025
8	16.411	0.025
9	17.168	0.025
10	16.785	0.025
11	1.963	0.025
12	15.959	0.025
13	16.618	0.025
14	16.465	0.025
15	16.299	0.025
16	15.944	0.025
17	16.803	0.025
18	16.973	0.025
19	16.83	0.025
20	16.909	0.025
21	16.749	0.025
22	17.079	0.025
23	16.887	0.025
24	15.893	0.025
25	16.762	0.025
26	16.012	0.025
27	16.673	0.025
28	16.321	0.025
29	17.484	0.025
30	15.952	0.025
31	1.879	0.025
32	15.97	0.025
33	16.408	0.025
34	1.834	0.025
35	15.784	0.025
36	16.385	0.025
37	16.941	0.025
38	16.132	0.025
39	18.943	0.025
40	16.555	0.025
41	15.966	0.025
42	16.473	0.025
43	17.462	0.025
44	17.176	0.025
45	17.149	0.025
46	15.71	0.025
47	16.643	0.025
48	16.533	0.025
49	16.451	0.025
50	16.961	0.025
51	15.934	0.025
52	17.006	0.025
53	16.631	0.025
54	16.953	0.025
55	17.094	0.025
56	16.087	0.025
57	16.444	0.025
58	17.157	0.025
59	16.613	0.025
60	15.972	0.025
61	17.237	0.025
62	17.159	0.025
63	16.726	0.025
64	16.604	0.025
65	16.619	0.025
66	16.304	0.025
67	17.041	0.025
68	16.568	0.025
69	16.825	0.025
70	16.933	0.025
71	16.869	0.025
72	16.509	0.025
73	16.091	0.025
74	16.057	0.025
75	17.023	0.025
76	16.396	0.025
77	17.357	0.025
78	16.098	0.025
79	17.201	0.025
80	17.344	0.025
81	16.708	0.025
82	16.638	0.025
83	17.044	0.025
84	16.155	0.025
85	16.91	0.025
86	17.372	0.025
87	17.1	0.025
88	16.15	0.025
89	17.032	0.025
90	16.54	0.025
91	16.792	0.025
92	16.82	0.025
93	16.646	0.025
94	16.858	0.025
95	16.851	0.025
96	15.79	0.025
97	17.112	0.025
98	17.492	0.025
99	1.96	0.025
100	16.841	0.025
101	17.058	0.025
102	15.678	0.025
103	17.499	0.025
104	16.665	0.025
105	16.954	0.025
106	17.955	0.025
107	16.405	0.025
108	1.935	0.025
109	16.54	0.025
110	17.239	0.025
111	16.915	0.025
112	17.119	0.025
113	17.363	0.025
114	17.758	0.025
115	16.245	0.025
116	16.964	0.025
117	16.701	0.025
118	17.1	0.025
119	16.535	0.025
120	15.898	0.025
121	17.051	0.025
122	16.195	0.025
123	17.033	0.025
124	16.883	0.025
125	16.748	0.025
126	1.806	0.025
127	17.157	0.025
128	15.985	0.025
129	17.134	0.025
130	16.918	0.025
131	15.979	0.025
132	16.398	0.025
133	16.317	0.025
134	16.613	0.025
135	16.434	0.025
136	18.024	0.025
137	16.602	0.025
138	17.409	0.025
139	16.969	0.025
140	16.52	0.025
141	17.24	0.025
142	16.825	0.025
143	16.425	0.025
144	16.823	0.025
145	16.499	0.025
146	16.568	0.025
147	17.493	0.025
148	3.686	0.025
149	15.975	0.025
150	17.407	0.025
1	20.53	0.075
2	17.093	0.075
3	17.674	0.075
4	19.557	0.075
5	20.901	0.075
6	19.473	0.075
7	17.123	0.075
8	19.517	0.075
9	12.22	0.075
10	18.996	0.075
11	11.358	0.075
12	17.656	0.075
13	19.186	0.075
14	17.807	0.075
15	18.116	0.075
16	17.719	0.075
17	20.291	0.075
18	20.283	0.075
19	18.562	0.075
20	18.825	0.075
21	20.28	0.075
22	20.439	0.075
23	19.308	0.075
24	17.717	0.075
25	17.806	0.075
26	17.321	0.075
27	19.885	0.075
28	19.525	0.075
29	19.889	0.075
30	19.297	0.075
31	2.178	0.075
32	17.407	0.075
33	18.688	0.075
34	2.367	0.075
35	17.304	0.075
36	19.254	0.075
37	18.678	0.075
38	18.458	0.075
39	21.401	0.075
40	19.595	0.075
41	17.154	0.075
42	18.513	0.075
43	21.437	0.075
44	19.426	0.075
45	19.062	0.075
46	16.818	0.075
47	19.041	0.075
48	17.614	0.075
49	18.79	0.075
50	20.484	0.075
51	17.236	0.075
52	19.805	0.075
53	21.019	0.075
54	20.315	0.075
55	19.157	0.075
56	17.865	0.075
57	18.608	0.075
58	19.338	0.075
59	17.551	0.075
60	18.79	0.075
61	20.878	0.075
62	19.083	0.075
63	19.179	0.075
64	19.851	0.075
65	18.404	0.075
66	18.724	0.075
67	19.138	0.075
68	20.046	0.075
69	18.268	0.075
70	19.961	0.075
71	20.801	0.075
72	19.923	0.075
73	18.314	0.075
74	18.349	0.075
75	19.462	0.075
76	18.29	0.075
77	19.429	0.075
78	18.722	0.075
79	19.688	0.075
80	20.603	0.075
81	18.322	0.075
82	19.246	0.075
83	18.314	0.075
84	17.668	0.075
85	19.322	0.075
86	20.551	0.075
87	20.099	0.075
88	17.911	0.075
89	19.152	0.075
90	18.577	0.075
91	18.651	0.075
92	20.212	0.075
93	19.606	0.075
94	20.02	0.075
95	20.39	0.075
96	18.91	0.075
97	21.116	0.075
98	21.066	0.075
99	2.344	0.075
100	19.348	0.075
101	19.652	0.075
102	17.397	0.075
103	19.011	0.075
104	19.031	0.075
105	20.408	0.075
106	20.222	0.075
107	17.885	0.075
108	13.718	0.075
109	21.203	0.075
110	19.668	0.075
111	18.673	0.075
112	18.495	0.075
113	19.87	0.075
114	20.951	0.075
115	17.8	0.075
116	18.818	0.075
117	19.02	0.075
118	19.834	0.075
119	17.977	0.075
120	17.508	0.075
121	20.839	0.075
122	18.332	0.075
123	18.824	0.075
124	20.69	0.075
125	17.819	0.075
126	2.226	0.075
127	19.761	0.075
128	17.769	0.075
129	18.763	0.075
130	18.798	0.075
131	16.722	0.075
132	18.641	0.075
133	18.845	0.075
134	18.266	0.075
135	18.364	0.075
136	20.773	0.075
137	19.242	0.075
138	20.925	0.075
139	18.908	0.075
140	17.652	0.075
141	20.273	0.075
142	19.354	0.075
143	18.392	0.075
144	18.698	0.075
145	18.759	0.075
146	19.575	0.075
147	20.623	0.075
148	6.554	0.075
149	16.929	0.075
150	19.154	0.075
