Img	Time(s)	Epsilon
1	12.832	0.05
2	11.581	0.05
3	12.217	0.05
4	16.206	0.05
5	11.561	0.05
6	12.21	0.05
7	10.956	0.05
8	12.467	0.05
9	14.435	0.05
10	12.61	0.05
11	13.553	0.05
12	13.092	0.05
13	13.837	0.05
14	13.236	0.05
15	13.129	0.05
16	12.764	0.05
17	12.184	0.05
18	14.849	0.05
19	12.836	0.05
20	12.722	0.05
21	13.467	0.05
22	14.42	0.05
23	12.813	0.05
24	11.976	0.05
25	11.374	0.05
26	11.118	0.05
27	15.492	0.05
28	12.38	0.05
29	11.841	0.05
30	12.972	0.05
31	1.444	0.05
32	10.532	0.05
33	13.008	0.05
34	2.152	0.05
35	11.43	0.05
36	12.088	0.05
37	11.7	0.05
38	11.904	0.05
39	16.124	0.05
40	12.212	0.05
41	12.794	0.05
42	11.85	0.05
43	13.346	0.05
44	13.425	0.05
45	12.098	0.05
46	10.845	0.05
47	12.56	0.05
48	11.651	0.05
49	12.212	0.05
50	13.598	0.05
51	11.273	0.05
52	11.759	0.05
53	13.72	0.05
54	12.333	0.05
55	11.575	0.05
56	11.83	0.05
57	12.128	0.05
58	12.729	0.05
59	12.589	0.05
60	11.15	0.05
61	12.947	0.05
62	13.391	0.05
63	14.178	0.05
64	12.364	0.05
65	12.348	0.05
66	10.687	0.05
67	11.776	0.05
68	15.418	0.05
69	12.747	0.05
70	10.98	0.05
71	12.628	0.05
72	13.733	0.05
73	11.752	0.05
74	12.394	0.05
75	16.225	0.05
76	12.889	0.05
77	13.826	0.05
78	13.526	0.05
79	12.698	0.05
80	12.828	0.05
81	13.373	0.05
82	12.374	0.05
83	12.443	0.05
84	11.947	0.05
85	13.821	0.05
86	14.686	0.05
87	11.771	0.05
88	11.401	0.05
89	12.528	0.05
90	11.228	0.05
91	13.243	0.05
92	13.199	0.05
93	13.315	0.05
94	12.931	0.05
95	14.403	0.05
96	12.106	0.05
97	13.528	0.05
98	13.501	0.05
99	1.393	0.05
100	11.727	0.05
101	13.36	0.05
102	11.675	0.05
103	11.14	0.05
104	12.772	0.05
105	12.89	0.05
106	13.625	0.05
107	12.198	0.05
108	1.568	0.05
109	14.067	0.05
110	13.026	0.05
111	13.477	0.05
112	13.427	0.05
113	13.615	0.05
114	13.524	0.05
115	11.914	0.05
116	13.384	0.05
117	13.328	0.05
118	11.305	0.05
119	10.497	0.05
120	12.043	0.05
121	12.713	0.05
122	12.775	0.05
123	5.926	0.05
124	14.595	0.05
125	11.723	0.05
126	14.029	0.05
127	8.149	0.05
128	13.051	0.05
129	12.483	0.05
130	14.179	0.05
131	12.957	0.05
132	12.159	0.05
133	11.912	0.05
134	12.521	0.05
135	12.141	0.05
136	14.859	0.05
137	13.642	0.05
138	13.1	0.05
139	12.007	0.05
140	13.588	0.05
141	13.579	0.05
142	11.577	0.05
143	11.053	0.05
144	11.306	0.05
145	1.431	0.05
146	12.922	0.05
147	13.546	0.05
148	1.735	0.05
149	10.536	0.05
150	12.811	0.05
1	15.843	0.1
2	13.07	0.1
3	13.601	0.1
4	13.897	0.1
5	14.819	0.1
6	14.933	0.1
7	12.864	0.1
8	15.051	0.1
9	12.918	0.1
10	16.485	0.1
11	16.243	0.1
12	14.41	0.1
13	14.18	0.1
14	14.586	0.1
15	14.396	0.1
16	12.806	0.1
17	14.048	0.1
18	17.045	0.1
19	14.041	0.1
20	14.321	0.1
21	14.794	0.1
22	16.775	0.1
23	15.082	0.1
24	14.281	0.1
25	12.508	0.1
26	13.88	0.1
27	15.788	0.1
28	13.932	0.1
29	14.397	0.1
30	16.419	0.1
31	1.786	0.1
32	13.393	0.1
33	14.667	0.1
34	1.522	0.1
35	13.449	0.1
36	15.101	0.1
37	14.379	0.1
38	14.663	0.1
39	15.735	0.1
40	9.552	0.1
41	15.33	0.1
42	13.814	0.1
43	8.63	0.1
44	14.488	0.1
45	17.233	0.1
46	12.458	0.1
47	14.986	0.1
48	12.388	0.1
49	15.45	0.1
50	15.308	0.1
51	12.532	0.1
52	14.47	0.1
53	16.82	0.1
54	14.883	0.1
55	14.478	0.1
56	13.589	0.1
57	16.088	0.1
58	15.093	0.1
59	15.225	0.1
60	14.057	0.1
61	16.339	0.1
62	14.04	0.1
63	14.993	0.1
64	15.1	0.1
65	16.274	0.1
66	13.213	0.1
67	14.645	0.1
68	15.296	0.1
69	13.968	0.1
70	15.139	0.1
71	15.28	0.1
72	14.62	0.1
73	14.638	0.1
74	15.683	0.1
75	15.552	0.1
76	14.418	0.1
77	16.427	0.1
78	14.64	0.1
79	11.713	0.1
80	7.562	0.1
81	13.305	0.1
82	14.83	0.1
83	14.482	0.1
84	14.318	0.1
85	15.458	0.1
86	16.201	0.1
87	14.313	0.1
88	13.867	0.1
89	13.896	0.1
90	13.471	0.1
91	15.385	0.1
92	14.559	0.1
93	6.538	0.1
94	14.409	0.1
95	16.39	0.1
96	15.726	0.1
97	15.054	0.1
98	15.051	0.1
99	1.908	0.1
100	15.616	0.1
101	15.296	0.1
102	13.666	0.1
103	14.23	0.1
104	11.246	0.1
105	15.128	0.1
106	15.409	0.1
107	13.981	0.1
108	3.74	0.1
109	16.743	0.1
110	15.387	0.1
111	15.612	0.1
112	13.666	0.1
113	15.827	0.1
114	15.373	0.1
115	14.195	0.1
116	15.622	0.1
117	15.788	0.1
118	14.45	0.1
119	13.526	0.1
120	14.219	0.1
121	14.868	0.1
122	14.733	0.1
123	3.364	0.1
124	14.466	0.1
125	13.167	0.1
126	17.147	0.1
127	9.564	0.1
128	14.76	0.1
129	13.943	0.1
130	16.084	0.1
131	14.267	0.1
132	14.716	0.1
133	14.083	0.1
134	15.198	0.1
135	14.847	0.1
136	6.986	0.1
137	15.374	0.1
138	16.627	0.1
139	15.749	0.1
140	14.126	0.1
141	15.26	0.1
142	15.193	0.1
143	14.229	0.1
144	13.713	0.1
145	1.38	0.1
146	14.5	0.1
147	14.818	0.1
148	1.636	0.1
149	14.23	0.1
150	14.595	0.1
1	15.964	0.15
2	14.657	0.15
3	15.928	0.15
4	1.78	0.15
5	15.503	0.15
6	15.505	0.15
7	15.261	0.15
8	15.684	0.15
9	9.213	0.15
10	16.391	0.15
11	16.019	0.15
12	15.96	0.15
13	14.715	0.15
14	15.566	0.15
15	15.968	0.15
16	15.304	0.15
17	16.22	0.15
18	16.828	0.15
19	17.29	0.15
20	16.105	0.15
21	17.129	0.15
22	16.741	0.15
23	9.951	0.15
24	15.358	0.15
25	14.467	0.15
26	15.153	0.15
27	18.33	0.15
28	14.945	0.15
29	15.458	0.15
30	15.87	0.15
31	1.96	0.15
32	15.39	0.15
33	5.23	0.15
34	1.996	0.15
35	14.985	0.15
36	15.005	0.15
37	16.629	0.15
38	15.001	0.15
39	18.664	0.15
40	9.929	0.15
41	15.881	0.15
42	15.592	0.15
43	17.085	0.15
44	16.039	0.15
45	16.503	0.15
46	13.447	0.15
47	16.562	0.15
48	14.996	0.15
49	17.415	0.15
50	16.317	0.15
51	15.083	0.15
52	17.542	0.15
53	17.186	0.15
54	16.048	0.15
55	15.909	0.15
56	16.578	0.15
57	17.064	0.15
58	16.367	0.15
59	15.433	0.15
60	16.67	0.15
61	16.288	0.15
62	16.169	0.15
63	16.772	0.15
64	15.131	0.15
65	14.996	0.15
66	15.459	0.15
67	16.32	0.15
68	17.015	0.15
69	11.044	0.15
70	15.926	0.15
71	17.715	0.15
72	15.961	0.15
73	15.503	0.15
74	15.804	0.15
75	8.287	0.15
76	15.446	0.15
77	15.406	0.15
78	15.774	0.15
79	7.088	0.15
80	17.759	0.15
81	14.836	0.15
82	15.405	0.15
83	16.7	0.15
84	15.519	0.15
85	3.512	0.15
86	16.578	0.15
87	15.81	0.15
88	16.384	0.15
89	15.662	0.15
90	15.881	0.15
91	16.12	0.15
92	17.078	0.15
93	6.88	0.15
94	7.044	0.15
95	15.648	0.15
96	16.115	0.15
97	17.705	0.15
98	16.949	0.15
99	1.925	0.15
100	15.274	0.15
101	16.844	0.15
102	14.441	0.15
103	15.274	0.15
104	1.714	0.15
105	16.424	0.15
106	18.164	0.15
107	17.573	0.15
108	2.061	0.15
109	17.302	0.15
110	7.268	0.15
111	17.873	0.15
112	15.977	0.15
113	5.141	0.15
114	16.02	0.15
115	16.857	0.15
116	16.156	0.15
117	15.835	0.15
118	15.955	0.15
119	15.93	0.15
120	15.205	0.15
121	16.085	0.15
122	4.817	0.15
123	2.014	0.15
124	8.301	0.15
125	16.575	0.15
126	17.524	0.15
127	10.408	0.15
128	16.421	0.15
129	15.03	0.15
130	5.362	0.15
131	15.309	0.15
132	15.665	0.15
133	16.018	0.15
134	15.179	0.15
135	15.366	0.15
136	7.828	0.15
137	17.49	0.15
138	7.097	0.15
139	15.002	0.15
140	15.01	0.15
141	16.582	0.15
142	17.097	0.15
143	14.982	0.15
144	15.723	0.15
145	5.185	0.15
146	17.176	0.15
147	16.375	0.15
148	1.592	0.15
149	13.832	0.15
150	15.652	0.15
1	17.743	0.2
2	15.839	0.2
3	15.827	0.2
4	1.907	0.2
5	18.324	0.2
6	16.668	0.2
7	15.395	0.2
8	16.82	0.2
9	2.128	0.2
10	18.418	0.2
11	17.308	0.2
12	15.798	0.2
13	16.611	0.2
14	16.76	0.2
15	15.971	0.2
16	15.875	0.2
17	18.905	0.2
18	16.412	0.2
19	16.5	0.2
20	18.528	0.2
21	18.511	0.2
22	20.5	0.2
23	11.528	0.2
24	18.881	0.2
25	16.448	0.2
26	15.033	0.2
27	3.865	0.2
28	18.296	0.2
29	17.645	0.2
30	16.92	0.2
31	1.844	0.2
32	16.107	0.2
33	3.233	0.2
34	2.094	0.2
35	16.454	0.2
36	16.583	0.2
37	17.863	0.2
38	17.999	0.2
39	21.433	0.2
40	16.625	0.2
41	17.546	0.2
42	16.466	0.2
43	17.498	0.2
44	16.266	0.2
45	16.628	0.2
46	15.477	0.2
47	17.086	0.2
48	17.445	0.2
49	18.385	0.2
50	17.723	0.2
51	16.059	0.2
52	18.1	0.2
53	18.598	0.2
54	17.677	0.2
55	18.162	0.2
56	15.441	0.2
57	18.661	0.2
58	17.673	0.2
59	16.57	0.2
60	15.95	0.2
61	7.477	0.2
62	5.512	0.2
63	18.808	0.2
64	17.797	0.2
65	15.821	0.2
66	16.312	0.2
67	2.06	0.2
68	9.012	0.2
69	15.722	0.2
70	16.052	0.2
71	8.353	0.2
72	18.06	0.2
73	16.329	0.2
74	16.531	0.2
75	7.811	0.2
76	17.329	0.2
77	16.996	0.2
78	20.057	0.2
79	3.917	0.2
80	10.115	0.2
81	16.925	0.2
82	16.985	0.2
83	17.158	0.2
84	17.618	0.2
85	3.747	0.2
86	18.107	0.2
87	17.071	0.2
88	16.3	0.2
89	2.57	0.2
90	16.146	0.2
91	16.695	0.2
92	17.467	0.2
93	7.527	0.2
94	9.236	0.2
95	9.769	0.2
96	17.811	0.2
97	18.249	0.2
98	20.022	0.2
99	2.318	0.2
100	16.848	0.2
101	16.482	0.2
102	17.277	0.2
103	16.844	0.2
104	1.92	0.2
105	7.44	0.2
106	12.197	0.2
107	17.009	0.2
108	1.986	0.2
109	4.078	0.2
110	1.77	0.2
111	17.84	0.2
112	16.342	0.2
113	1.771	0.2
114	4.215	0.2
115	18.718	0.2
116	11.011	0.2
117	16.402	0.2
118	17.379	0.2
119	16.965	0.2
120	15.977	0.2
121	18.316	0.2
122	1.994	0.2
123	1.742	0.2
124	3.961	0.2
125	17.72	0.2
126	20.385	0.2
127	11.368	0.2
128	15.799	0.2
129	16.49	0.2
130	1.673	0.2
131	16.256	0.2
132	16.737	0.2
133	17.88	0.2
134	15.992	0.2
135	16.993	0.2
136	20.323	0.2
137	17.943	0.2
138	8.19	0.2
139	16.275	0.2
140	17.663	0.2
141	14.637	0.2
142	17.263	0.2
143	16.03	0.2
144	17.601	0.2
145	1.935	0.2
146	16.259	0.2
147	18.418	0.2
148	2.022	0.2
149	16.929	0.2
150	18.815	0.2
