Img	Time(s)	Epsilon
2	11.206	0.008
3	10.052	0.008
4	10.44	0.008
5	10.974	0.008
6	10.218	0.008
7	10.632	0.008
8	10.234	0.008
9	10.631	0.008
10	9.813	0.008
11	9.636	0.008
12	10.124	0.008
13	9.664	0.008
14	9.792	0.008
15	9.641	0.008
16	9.778	0.008
17	9.958	0.008
18	9.787	0.008
19	11.041	0.008
20	10.608	0.008
21	9.94	0.008
22	9.546	0.008
23	9.676	0.008
24	11.227	0.008
25	10.315	0.008
26	10.046	0.008
27	10.448	0.008
28	10.334	0.008
29	9.814	0.008
30	9.758	0.008
31	9.664	0.008
32	1.069	0.008
33	10.572	0.008
34	10.728	0.008
35	11.393	0.008
36	10.248	0.008
37	9.606	0.008
38	9.684	0.008
39	9.693	0.008
40	10.6	0.008
41	10.693	0.008
42	9.792	0.008
43	9.886	0.008
44	10.276	0.008
45	9.785	0.008
46	10.458	0.008
47	10.286	0.008
48	9.758	0.008
49	10.644	0.008
50	10.665	0.008
51	10.774	0.008
52	10.313	0.008
53	9.85	0.008
54	10.161	0.008
55	10.857	0.008
56	10.19	0.008
57	9.856	0.008
58	9.555	0.008
59	9.745	0.008
60	9.545	0.008
61	10.692	0.008
62	10.622	0.008
63	9.962	0.008
64	9.981	0.008
65	9.998	0.008
66	9.795	0.008
67	10.251	0.008
68	10.551	0.008
69	9.715	0.008
70	10.33	0.008
71	9.665	0.008
72	10.151	0.008
73	10.369	0.008
74	9.751	0.008
75	9.689	0.008
76	9.834	0.008
77	9.729	0.008
78	10.283	0.008
79	10.83	0.008
80	12.505	0.008
81	10.237	0.008
82	9.817	0.008
83	10.333	0.008
84	9.953	0.008
85	10.463	0.008
86	10.648	0.008
87	10.469	0.008
88	10.241	0.008
89	10.249	0.008
90	10.034	0.008
91	10.201	0.008
92	10.178	0.008
93	10.474	0.008
94	10.621	0.008
95	10.258	0.008
96	10.386	0.008
97	10.73	0.008
98	10.403	0.008
99	9.856	0.008
100	2.517	0.008
101	9.951	0.008
102	9.71	0.008
103	10.221	0.008
104	10.36	0.008
105	10.636	0.008
106	11.153	0.008
107	10.294	0.008
108	10.369	0.008
109	4.623	0.008
110	9.956	0.008
111	10.548	0.008
112	10.117	0.008
113	9.876	0.008
114	9.751	0.008
115	10.259	0.008
116	9.938	0.008
117	9.924	0.008
118	9.922	0.008
119	9.653	0.008
120	9.761	0.008
121	9.633	0.008
122	9.829	0.008
123	9.806	0.008
124	10.043	0.008
125	9.878	0.008
126	9.532	0.008
127	10.657	0.008
128	10.116	0.008
129	9.655	0.008
130	10.218	0.008
131	10.743	0.008
132	10.997	0.008
133	10.585	0.008
134	10.233	0.008
135	9.932	0.008
136	9.977	0.008
137	10.513	0.008
138	10.235	0.008
139	9.91	0.008
140	9.766	0.008
141	9.669	0.008
142	9.777	0.008
143	9.743	0.008
144	9.63	0.008
145	9.891	0.008
146	9.68	0.008
147	9.777	0.008
148	9.795	0.008
149	3.4	0.008
150	9.806	0.008
151	9.877	0.008
2	10.813	0.016
3	10.233	0.016
4	10.192	0.016
5	10.943	0.016
6	10.283	0.016
7	10.438	0.016
8	9.968	0.016
9	10.638	0.016
10	10.377	0.016
11	10.536	0.016
12	10.496	0.016
13	9.893	0.016
14	9.862	0.016
15	9.619	0.016
16	9.948	0.016
17	9.959	0.016
18	10.047	0.016
19	9.729	0.016
20	10.69	0.016
21	10.482	0.016
22	10.323	0.016
23	10.089	0.016
24	10.07	0.016
25	9.966	0.016
26	9.885	0.016
27	9.837	0.016
28	9.957	0.016
29	9.773	0.016
30	10.14	0.016
31	9.916	0.016
32	1.149	0.016
33	9.9	0.016
34	9.832	0.016
35	3.712	0.016
36	9.978	0.016
37	9.906	0.016
38	12.591	0.016
39	10.629	0.016
40	10.547	0.016
41	10.329	0.016
42	10.004	0.016
43	10.009	0.016
44	10.23	0.016
45	10.197	0.016
46	9.738	0.016
47	9.941	0.016
48	10.327	0.016
49	9.736	0.016
50	9.856	0.016
51	10.03	0.016
52	9.907	0.016
53	9.797	0.016
54	9.877	0.016
55	10.154	0.016
56	10.227	0.016
57	9.879	0.016
58	9.839	0.016
59	10.369	0.016
60	10.038	0.016
61	9.744	0.016
62	9.872	0.016
63	10.418	0.016
64	9.917	0.016
65	10.414	0.016
66	11.025	0.016
67	10.082	0.016
68	9.922	0.016
69	10.339	0.016
70	9.636	0.016
71	9.745	0.016
72	9.76	0.016
73	9.853	0.016
74	10.102	0.016
75	10.115	0.016
76	9.921	0.016
77	9.935	0.016
78	10.872	0.016
79	9.983	0.016
80	10.451	0.016
81	10.013	0.016
82	9.892	0.016
83	9.915	0.016
84	9.74	0.016
85	10.967	0.016
86	11.289	0.016
87	10.69	0.016
88	10.325	0.016
89	10.567	0.016
90	9.848	0.016
91	9.725	0.016
92	9.825	0.016
93	9.754	0.016
94	10.409	0.016
95	10.132	0.016
96	9.804	0.016
97	9.967	0.016
98	10.081	0.016
99	10.447	0.016
100	2.352	0.016
101	9.86	0.016
102	10.17	0.016
103	9.955	0.016
104	9.68	0.016
105	10.268	0.016
106	10.277	0.016
107	10.04	0.016
108	9.996	0.016
109	1.219	0.016
110	10.103	0.016
111	9.963	0.016
112	9.902	0.016
113	10.009	0.016
114	10.069	0.016
115	9.858	0.016
116	9.717	0.016
117	9.809	0.016
118	9.811	0.016
119	9.673	0.016
120	9.811	0.016
121	9.772	0.016
122	9.685	0.016
123	9.823	0.016
124	10.196	0.016
125	10.104	0.016
126	10.147	0.016
127	10.55	0.016
128	10.351	0.016
129	10.712	0.016
130	10.429	0.016
131	10.581	0.016
132	10.239	0.016
133	10.003	0.016
134	9.98	0.016
135	10.257	0.016
136	9.676	0.016
137	10.371	0.016
138	9.987	0.016
139	10.125	0.016
140	9.835	0.016
141	9.842	0.016
142	10.308	0.016
143	9.858	0.016
144	9.909	0.016
145	9.958	0.016
146	9.9	0.016
147	10.288	0.016
148	10.281	0.016
149	1.234	0.016
150	9.765	0.016
151	9.92	0.016
2	10.909	0.024
3	9.911	0.024
4	9.883	0.024
5	10.587	0.024
6	9.797	0.024
7	10.125	0.024
8	9.888	0.024
9	10.372	0.024
10	10.223	0.024
11	9.896	0.024
12	10.078	0.024
13	9.843	0.024
14	10.42	0.024
15	9.814	0.024
16	10.266	0.024
17	9.706	0.024
18	9.934	0.024
19	10.206	0.024
20	10.303	0.024
21	10.371	0.024
22	10.167	0.024
23	10.153	0.024
24	10.328	0.024
25	9.883	0.024
26	9.904	0.024
27	10.012	0.024
28	10.412	0.024
29	10.04	0.024
30	9.779	0.024
31	10.38	0.024
32	1.091	0.024
33	10.068	0.024
34	10.006	0.024
35	1.182	0.024
36	9.943	0.024
37	10.013	0.024
38	10.198	0.024
39	10.329	0.024
40	10.78	0.024
41	10.592	0.024
42	9.979	0.024
43	10.256	0.024
44	11.526	0.024
45	11.124	0.024
46	12.668	0.024
47	10.165	0.024
48	10.389	0.024
49	9.818	0.024
50	10.655	0.024
51	10.548	0.024
52	11.057	0.024
53	10.564	0.024
54	10.231	0.024
55	10.692	0.024
56	10.728	0.024
57	10.016	0.024
58	9.921	0.024
59	10.013	0.024
60	10.355	0.024
61	10.447	0.024
62	9.959	0.024
63	10.323	0.024
64	10.777	0.024
65	10.262	0.024
66	11.601	0.024
67	11.826	0.024
68	11.243	0.024
69	10.724	0.024
70	9.958	0.024
71	10.145	0.024
72	10.781	0.024
73	10.434	0.024
74	9.695	0.024
75	10.019	0.024
76	10.488	0.024
77	9.93	0.024
78	10.432	0.024
79	9.826	0.024
80	10.261	0.024
81	10.267	0.024
82	10.332	0.024
83	9.797	0.024
84	9.764	0.024
85	10.227	0.024
86	10.406	0.024
87	10.669	0.024
88	9.922	0.024
89	10.409	0.024
90	10.037	0.024
91	9.825	0.024
92	9.839	0.024
93	10.207	0.024
94	10.536	0.024
95	10.247	0.024
96	10.248	0.024
97	10.181	0.024
98	10.397	0.024
99	10.865	0.024
100	1.115	0.024
101	9.861	0.024
102	10.448	0.024
103	9.802	0.024
104	9.717	0.024
105	10.366	0.024
106	4.72	0.024
107	10.341	0.024
108	10.127	0.024
109	1.095	0.024
110	10.369	0.024
111	10.223	0.024
112	9.802	0.024
113	10.407	0.024
114	10.309	0.024
115	10.22	0.024
116	9.999	0.024
117	10.047	0.024
118	9.67	0.024
119	10.144	0.024
120	9.791	0.024
121	10.618	0.024
122	10.675	0.024
123	10.31	0.024
124	10.812	0.024
125	10.864	0.024
126	10.469	0.024
127	6.795	0.024
128	10.157	0.024
129	10.238	0.024
130	9.573	0.024
131	3.52	0.024
132	9.986	0.024
133	10.049	0.024
134	9.7	0.024
135	10.865	0.024
136	10.792	0.024
137	10.506	0.024
138	11.307	0.024
139	11.712	0.024
140	15.008	0.024
141	9.904	0.024
142	10.032	0.024
143	9.718	0.024
144	9.573	0.024
145	9.588	0.024
146	10.24	0.024
147	10.155	0.024
148	10.363	0.024
149	1.106	0.024
150	9.532	0.024
151	9.664	0.024
2	11.723	0.032
3	9.842	0.032
4	9.952	0.032
5	1.272	0.032
6	10.165	0.032
7	10.145	0.032
8	9.818	0.032
9	6.883	0.032
10	5.705	0.032
11	10.5	0.032
12	10.295	0.032
13	11.124	0.032
14	12.608	0.032
15	10.214	0.032
16	11.122	0.032
17	10.664	0.032
18	10.101	0.032
19	10.196	0.032
20	11.297	0.032
21	10.365	0.032
22	10.92	0.032
23	10.81	0.032
24	10.367	0.032
25	10.285	0.032
26	10.417	0.032
27	9.644	0.032
28	11.132	0.032
29	10.346	0.032
30	10.623	0.032
31	10.455	0.032
32	1.093	0.032
33	10.069	0.032
34	11.137	0.032
35	1.136	0.032
36	10.436	0.032
37	10.551	0.032
38	9.853	0.032
39	11.83	0.032
40	4.736	0.032
41	2.312	0.032
42	9.931	0.032
43	11.996	0.032
44	5.894	0.032
45	10.442	0.032
46	10.93	0.032
47	9.9	0.032
48	10.353	0.032
49	9.694	0.032
50	10.545	0.032
51	11.358	0.032
52	10.089	0.032
53	10.834	0.032
54	10.736	0.032
55	10.171	0.032
56	10.407	0.032
57	9.707	0.032
58	10.197	0.032
59	10.427	0.032
60	10.99	0.032
61	10.868	0.032
62	10.419	0.032
63	10.834	0.032
64	11.025	0.032
65	10.112	0.032
66	3.664	0.032
67	10.112	0.032
68	4.669	0.032
69	10.927	0.032
70	10.283	0.032
71	10.96	0.032
72	7.132	0.032
73	10.603	0.032
74	11.355	0.032
75	11.297	0.032
76	10.559	0.032
77	10.224	0.032
78	10.374	0.032
79	9.942	0.032
80	10.448	0.032
81	10.713	0.032
82	10.502	0.032
83	9.862	0.032
84	10.669	0.032
85	10.464	0.032
86	10.596	0.032
87	10.274	0.032
88	10.327	0.032
89	11.699	0.032
90	10.899	0.032
91	9.972	0.032
92	9.927	0.032
93	10.71	0.032
94	10.716	0.032
95	10.219	0.032
96	10.156	0.032
97	9.824	0.032
98	10.388	0.032
99	10.247	0.032
100	1.218	0.032
101	9.724	0.032
102	10.432	0.032
103	10.531	0.032
104	10.366	0.032
105	9.496	0.032
106	4.613	0.032
107	3.599	0.032
108	10.468	0.032
109	1.133	0.032
110	11.215	0.032
111	10.48	0.032
112	10.392	0.032
113	11.797	0.032
114	10.403	0.032
115	10.222	0.032
116	11.012	0.032
117	10.981	0.032
118	10.728	0.032
119	9.798	0.032
120	10.265	0.032
121	10.236	0.032
122	11.735	0.032
123	10.509	0.032
124	1.077	0.032
125	10.448	0.032
126	10.459	0.032
127	2.36	0.032
128	6.714	0.032
129	10.392	0.032
130	11.243	0.032
131	3.801	0.032
132	10.148	0.032
133	10.035	0.032
134	9.776	0.032
135	10.089	0.032
136	10.214	0.032
137	10.842	0.032
138	11.851	0.032
139	10.803	0.032
140	11.843	0.032
141	12.442	0.032
142	8.248	0.032
143	9.947	0.032
144	9.741	0.032
145	10.012	0.032
146	3.482	0.032
147	10.531	0.032
148	10.324	0.032
149	1.209	0.032
150	10.5	0.032
151	10.244	0.032
