Img	Time(s)	Epsilon
1	16.822	0.008
2	17.495	0.008
3	18.407	0.008
4	18.034	0.008
5	17.891	0.008
6	17.562	0.008
7	17.199	0.008
8	17.358	0.008
9	16.957	0.008
10	16.831	0.008
11	14.05	0.008
12	16.732	0.008
13	16.912	0.008
14	16.789	0.008
15	16.745	0.008
16	16.798	0.008
17	16.924	0.008
18	16.998	0.008
19	16.834	0.008
20	17.41	0.008
21	16.959	0.008
22	17.012	0.008
23	16.978	0.008
24	16.778	0.008
25	16.838	0.008
26	16.82	0.008
27	17.014	0.008
28	16.724	0.008
29	17.149	0.008
30	16.728	0.008
31	1.96	0.008
32	16.679	0.008
33	16.793	0.008
34	3.869	0.008
35	16.657	0.008
36	16.934	0.008
37	17.236	0.008
38	16.956	0.008
39	17.934	0.008
40	16.958	0.008
41	16.77	0.008
42	16.771	0.008
43	17.527	0.008
44	17.295	0.008
45	16.747	0.008
46	16.754	0.008
47	16.954	0.008
48	16.722	0.008
49	16.748	0.008
50	16.87	0.008
51	16.652	0.008
52	16.866	0.008
53	16.808	0.008
54	16.895	0.008
55	16.865	0.008
56	16.691	0.008
57	17.654	0.008
58	17.033	0.008
59	16.681	0.008
60	16.619	0.008
61	16.928	0.008
62	17.974	0.008
63	22.153	0.008
64	17.518	0.008
65	17.188	0.008
66	16.738	0.008
67	16.919	0.008
68	16.867	0.008
69	16.9	0.008
70	16.912	0.008
71	16.914	0.008
72	16.831	0.008
73	16.702	0.008
74	16.799	0.008
75	16.959	0.008
76	16.809	0.008
77	16.894	0.008
78	16.77	0.008
79	17.298	0.008
80	16.857	0.008
81	16.916	0.008
82	16.885	0.008
83	16.918	0.008
84	16.88	0.008
85	17.252	0.008
86	17.596	0.008
87	16.863	0.008
88	16.773	0.008
89	17.371	0.008
90	16.796	0.008
91	16.82	0.008
92	16.905	0.008
93	16.813	0.008
94	16.927	0.008
95	16.909	0.008
96	16.758	0.008
97	16.945	0.008
98	17.379	0.008
99	3.981	0.008
100	16.756	0.008
101	16.899	0.008
102	16.715	0.008
103	16.902	0.008
104	17.278	0.008
105	17.221	0.008
106	17.848	0.008
107	16.804	0.008
108	2.003	0.008
109	16.883	0.008
110	16.933	0.008
111	16.773	0.008
112	16.757	0.008
113	16.928	0.008
114	16.948	0.008
115	16.709	0.008
116	16.756	0.008
117	16.718	0.008
118	16.868	0.008
119	16.696	0.008
120	16.552	0.008
121	16.672	0.008
122	16.624	0.008
123	16.781	0.008
124	16.926	0.008
125	16.687	0.008
126	11.596	0.008
127	16.771	0.008
128	16.781	0.008
129	16.841	0.008
130	16.946	0.008
131	16.928	0.008
132	16.722	0.008
133	16.802	0.008
134	16.969	0.008
135	16.872	0.008
136	17.525	0.008
137	17.037	0.008
138	17.378	0.008
139	16.906	0.008
140	16.837	0.008
141	22.143	0.008
142	22.94	0.008
143	17.901	0.008
144	17.279	0.008
145	16.675	0.008
146	16.511	0.008
147	16.828	0.008
148	5.695	0.008
149	16.608	0.008
150	17.158	0.008
1	17.302	0.016
2	16.587	0.016
3	16.872	0.016
4	18.151	0.016
5	17.685	0.016
6	17.304	0.016
7	16.768	0.016
8	17.106	0.016
9	9.927	0.016
10	17.213	0.016
11	2.061	0.016
12	16.949	0.016
13	17.472	0.016
14	16.821	0.016
15	17.05	0.016
16	16.727	0.016
17	16.997	0.016
18	17.586	0.016
19	17.002	0.016
20	9.701	0.016
21	17.245	0.016
22	17.48	0.016
23	9.678	0.016
24	16.58	0.016
25	16.9	0.016
26	16.651	0.016
27	17.346	0.016
28	16.844	0.016
29	17.594	0.016
30	16.695	0.016
31	2.089	0.016
32	16.892	0.016
33	16.804	0.016
34	3.977	0.016
35	16.717	0.016
36	16.842	0.016
37	5.851	0.016
38	16.836	0.016
39	1.917	0.016
40	16.835	0.016
41	16.763	0.016
42	17.072	0.016
43	10.121	0.016
44	11.836	0.016
45	17.019	0.016
46	16.856	0.016
47	17.433	0.016
48	16.91	0.016
49	16.784	0.016
50	17.563	0.016
51	16.671	0.016
52	17.516	0.016
53	17.075	0.016
54	17.756	0.016
55	17.5	0.016
56	16.725	0.016
57	17.003	0.016
58	16.958	0.016
59	17.124	0.016
60	16.784	0.016
61	17.595	0.016
62	17.999	0.016
63	17.213	0.016
64	17.604	0.016
65	17.458	0.016
66	16.78	0.016
67	17.579	0.016
68	17.429	0.016
69	17.52	0.016
70	17.391	0.016
71	17.762	0.016
72	17.117	0.016
73	16.911	0.016
74	16.736	0.016
75	17.476	0.016
76	17.623	0.016
77	17.392	0.016
78	16.813	0.016
79	17.917	0.016
80	17.968	0.016
81	17.368	0.016
82	17.055	0.016
83	16.901	0.016
84	16.908	0.016
85	13.869	0.016
86	2.048	0.016
87	17.515	0.016
88	16.905	0.016
89	17.749	0.016
90	16.932	0.016
91	16.867	0.016
92	16.834	0.016
93	17.024	0.016
94	17.587	0.016
95	17.021	0.016
96	16.701	0.016
97	17.653	0.016
98	17.879	0.016
99	3.964	0.016
100	17.046	0.016
101	17.419	0.016
102	16.752	0.016
103	17.43	0.016
104	15.574	0.016
105	5.928	0.016
106	2.048	0.016
107	16.894	0.016
108	2.097	0.016
109	17.307	0.016
110	11.873	0.016
111	17.063	0.016
112	16.887	0.016
113	17.642	0.016
114	17.908	0.016
115	16.722	0.016
116	17.061	0.016
117	17.03	0.016
118	17.416	0.016
119	16.727	0.016
120	16.784	0.016
121	16.858	0.016
122	16.652	0.016
123	7.834	0.016
124	17.519	0.016
125	16.499	0.016
126	1.995	0.016
127	17.525	0.016
128	16.609	0.016
129	17.133	0.016
130	17.715	0.016
131	16.352	0.016
132	17.167	0.016
133	16.926	0.016
134	17.585	0.016
135	16.856	0.016
136	8.013	0.016
137	17.379	0.016
138	17.515	0.016
139	17.644	0.016
140	17.021	0.016
141	13.737	0.016
142	16.933	0.016
143	16.916	0.016
144	16.891	0.016
145	17.055	0.016
146	16.772	0.016
147	17.86	0.016
148	3.939	0.016
149	16.975	0.016
150	6.003	0.016
1	6.026	0.024
2	16.832	0.024
3	17.383	0.024
4	2.049	0.024
5	2.03	0.024
6	17.489	0.024
7	16.727	0.024
8	17.429	0.024
9	6.13	0.024
10	17.584	0.024
11	2.037	0.024
12	16.964	0.024
13	17.846	0.024
14	16.891	0.024
15	16.866	0.024
16	16.856	0.024
17	17.628	0.024
18	2.044	0.024
19	17.216	0.024
20	2.065	0.024
21	17.446	0.024
22	18.004	0.024
23	2.056	0.024
24	16.85	0.024
25	16.914	0.024
26	16.964	0.024
27	18.041	0.024
28	16.891	0.024
29	1.984	0.024
30	16.983	0.024
31	1.983	0.024
32	16.826	0.024
33	17.111	0.024
34	2.138	0.024
35	16.681	0.024
36	17.64	0.024
37	2.012	0.024
38	17.001	0.024
39	2.24	0.024
40	17.596	0.024
41	16.811	0.024
42	5.863	0.024
43	2.117	0.024
44	2.098	0.024
45	17.659	0.024
46	16.81	0.024
47	17.692	0.024
48	16.731	0.024
49	17.226	0.024
50	17.697	0.024
51	16.816	0.024
52	7.792	0.024
53	17.589	0.024
54	2.035	0.024
55	18.078	0.024
56	17.16	0.024
57	17.44	0.024
58	17.447	0.024
59	17.474	0.024
60	16.89	0.024
61	6.06	0.024
62	2.07	0.024
63	17.541	0.024
64	17.589	0.024
65	5.896	0.024
66	16.955	0.024
67	2.08	0.024
68	17.754	0.024
69	11.735	0.024
70	17.617	0.024
71	17.679	0.024
72	17.52	0.024
73	17.031	0.024
74	16.878	0.024
75	11.911	0.024
76	17.533	0.024
77	7.771	0.024
78	16.923	0.024
79	4.115	0.024
80	17.838	0.024
81	11.701	0.024
82	17.789	0.024
83	17.404	0.024
84	16.822	0.024
85	1.92	0.024
86	1.952	0.024
87	8.174	0.024
88	16.743	0.024
89	2.012	0.024
90	17.279	0.024
91	16.809	0.024
92	17.366	0.024
93	17.285	0.024
94	6.077	0.024
95	11.4	0.024
96	16.562	0.024
97	2.048	0.024
98	9.949	0.024
99	1.904	0.024
100	17.456	0.024
101	17.317	0.024
102	16.477	0.024
103	17.4	0.024
104	15.469	0.024
105	2.083	0.024
106	2.04	0.024
107	17.077	0.024
108	2.049	0.024
109	17.291	0.024
110	2.031	0.024
111	17.295	0.024
112	17.264	0.024
113	17.241	0.024
114	11.843	0.024
115	16.495	0.024
116	17.06	0.024
117	17.237	0.024
118	7.795	0.024
119	17.015	0.024
120	16.499	0.024
121	17.042	0.024
122	16.624	0.024
123	2.008	0.024
124	7.669	0.024
125	17.093	0.024
126	1.894	0.024
127	5.96	0.024
128	16.608	0.024
129	17.076	0.024
130	5.907	0.024
131	16.263	0.024
132	16.704	0.024
133	16.669	0.024
134	1.981	0.024
135	17.121	0.024
136	2.097	0.024
137	11.511	0.024
138	3.974	0.024
139	3.982	0.024
140	16.723	0.024
141	2.015	0.024
142	17.404	0.024
143	16.661	0.024
144	17.245	0.024
145	17.104	0.024
146	16.975	0.024
147	4.037	0.024
148	3.673	0.024
149	16.49	0.024
150	2.033	0.024
1	2.067	0.032
2	16.796	0.032
3	17.284	0.032
4	1.905	0.032
5	2.03	0.032
6	2.005	0.032
7	16.656	0.032
8	2.009	0.032
9	2.011	0.032
10	17.318	0.032
11	2.087	0.032
12	17.051	0.032
13	2.067	0.032
14	17.878	0.032
15	17.711	0.032
16	17.041	0.032
17	11.745	0.032
18	1.911	0.032
19	17.511	0.032
20	2.074	0.032
21	17.372	0.032
22	2.028	0.032
23	1.861	0.032
24	17.209	0.032
25	17.096	0.032
26	16.796	0.032
27	2.039	0.032
28	17.099	0.032
29	2.009	0.032
30	17.008	0.032
31	2.135	0.032
32	16.423	0.032
33	17.021	0.032
34	2.127	0.032
35	16.369	0.032
36	15.452	0.032
37	2.005	0.032
38	16.976	0.032
39	2.085	0.032
40	2.001	0.032
41	16.205	0.032
42	5.824	0.032
43	1.938	0.032
44	2.033	0.032
45	1.86	0.032
46	16.407	0.032
47	3.992	0.032
48	16.953	0.032
49	17.124	0.032
50	2.021	0.032
51	16.268	0.032
52	2.024	0.032
53	9.64	0.032
54	2.045	0.032
55	1.985	0.032
56	16.383	0.032
57	17.318	0.032
58	1.955	0.032
59	17.028	0.032
60	17.21	0.032
61	2.058	0.032
62	1.914	0.032
63	1.833	0.032
64	3.998	0.032
65	3.974	0.032
66	16.871	0.032
67	2.029	0.032
68	3.986	0.032
69	1.85	0.032
70	5.838	0.032
71	1.853	0.032
72	1.849	0.032
73	17.137	0.032
74	16.582	0.032
75	1.905	0.032
76	5.918	0.032
77	2.024	0.032
78	1.805	0.032
79	2.097	0.032
80	2.067	0.032
81	3.798	0.032
82	1.991	0.032
83	17.115	0.032
84	16.528	0.032
85	2.024	0.032
86	2.093	0.032
87	2.046	0.032
88	16.801	0.032
89	2.03	0.032
90	17.306	0.032
91	17.142	0.032
92	2.007	0.032
93	5.973	0.032
94	1.901	0.032
95	1.855	0.032
96	16.642	0.032
97	2.054	0.032
98	1.941	0.032
99	2.124	0.032
100	2.01	0.032
101	1.988	0.032
102	16.457	0.032
103	5.872	0.032
104	2.0	0.032
105	1.911	0.032
106	1.925	0.032
107	1.974	0.032
108	2.088	0.032
109	5.868	0.032
110	2.044	0.032
111	3.856	0.032
112	15.16	0.032
113	2.03	0.032
114	2.037	0.032
115	16.543	0.032
116	17.122	0.032
117	7.728	0.032
118	2.022	0.032
119	17.167	0.032
120	16.491	0.032
121	17.292	0.032
122	17.059	0.032
123	2.026	0.032
124	1.897	0.032
125	17.112	0.032
126	2.048	0.032
127	2.015	0.032
128	16.989	0.032
129	17.151	0.032
130	1.873	0.032
131	16.497	0.032
132	17.108	0.032
133	17.082	0.032
134	2.001	0.032
135	17.144	0.032
136	2.145	0.032
137	4.014	0.032
138	2.044	0.032
139	1.83	0.032
140	17.188	0.032
141	2.041	0.032
142	2.02	0.032
143	5.695	0.032
144	17.341	0.032
145	5.771	0.032
146	17.438	0.032
147	2.037	0.032
148	3.8	0.032
149	16.583	0.032
150	2.047	0.032
