Img	Time(s)	Epsilon
1	9.945	0.008
2	10.023	0.008
3	9.844	0.008
4	9.875	0.008
5	9.934	0.008
6	9.996	0.008
7	9.844	0.008
8	10.012	0.008
9	10.016	0.008
10	9.904	0.008
11	10.068	0.008
12	9.927	0.008
13	9.999	0.008
14	9.853	0.008
15	10.019	0.008
16	9.989	0.008
17	9.878	0.008
18	10.016	0.008
19	9.929	0.008
20	10.086	0.008
21	9.892	0.008
22	9.917	0.008
23	10.063	0.008
24	10.023	0.008
25	9.912	0.008
26	10.05	0.008
27	9.925	0.008
28	9.962	0.008
29	10.024	0.008
30	10.016	0.008
31	1.047	0.008
32	9.989	0.008
33	9.921	0.008
34	2.22	0.008
35	9.857	0.008
36	10.002	0.008
37	9.937	0.008
38	10.049	0.008
39	9.883	0.008
40	10.086	0.008
41	10.049	0.008
42	9.952	0.008
43	10.051	0.008
44	9.87	0.008
45	9.927	0.008
46	9.949	0.008
47	10.112	0.008
48	9.898	0.008
49	9.987	0.008
50	9.912	0.008
51	10.012	0.008
52	10.055	0.008
53	9.894	0.008
54	10.05	0.008
55	10.049	0.008
56	9.911	0.008
57	10.006	0.008
58	9.916	0.008
59	9.999	0.008
60	9.892	0.008
61	10.083	0.008
62	10.012	0.008
63	10.222	0.008
64	9.973	0.008
65	10.152	0.008
66	9.871	0.008
67	9.983	0.008
68	10.068	0.008
69	9.937	0.008
70	10.05	0.008
71	10.158	0.008
72	9.896	0.008
73	10.061	0.008
74	9.917	0.008
75	10.022	0.008
76	9.878	0.008
77	10.017	0.008
78	9.841	0.008
79	10.032	0.008
80	9.889	0.008
81	10.036	0.008
82	9.976	0.008
83	9.843	0.008
84	9.989	0.008
85	9.955	0.008
86	9.878	0.008
87	9.818	0.008
88	9.965	0.008
89	10.062	0.008
90	9.768	0.008
91	9.941	0.008
92	9.794	0.008
93	9.995	0.008
94	9.819	0.008
95	9.914	0.008
96	9.796	0.008
97	9.972	0.008
98	9.951	0.008
99	2.189	0.008
100	9.847	0.008
101	9.944	0.008
102	9.828	0.008
103	9.976	0.008
104	9.904	0.008
105	10.065	0.008
106	9.805	0.008
107	10.083	0.008
108	4.427	0.008
109	9.997	0.008
110	9.887	0.008
111	10.03	0.008
112	9.96	0.008
113	10.03	0.008
114	9.885	0.008
115	9.912	0.008
116	10.094	0.008
117	9.871	0.008
118	10.136	0.008
119	10.416	0.008
120	10.449	0.008
121	10.244	0.008
122	11.848	0.008
123	11.524	0.008
124	10.845	0.008
125	10.06	0.008
126	10.001	0.008
127	10.019	0.008
128	9.807	0.008
129	9.963	0.008
130	9.975	0.008
131	9.906	0.008
132	9.949	0.008
133	9.84	0.008
134	9.853	0.008
135	9.949	0.008
136	9.791	0.008
137	9.975	0.008
138	9.955	0.008
139	10.071	0.008
140	9.876	0.008
141	9.95	0.008
142	9.944	0.008
143	9.823	0.008
144	9.952	0.008
145	9.866	0.008
146	9.962	0.008
147	9.814	0.008
148	9.876	0.008
149	9.94	0.008
150	9.963	0.008
1	9.842	0.016
2	9.893	0.016
3	9.977	0.016
4	10.094	0.016
5	9.86	0.016
6	9.992	0.016
7	9.827	0.016
8	10.191	0.016
9	10.139	0.016
10	10.052	0.016
11	9.955	0.016
12	10.032	0.016
13	10.001	0.016
14	9.869	0.016
15	10.042	0.016
16	9.922	0.016
17	10.033	0.016
18	9.906	0.016
19	10.403	0.016
20	10.079	0.016
21	10.106	0.016
22	10.231	0.016
23	10.144	0.016
24	9.936	0.016
25	10.026	0.016
26	9.903	0.016
27	10.028	0.016
28	9.895	0.016
29	10.023	0.016
30	10.008	0.016
31	1.038	0.016
32	9.968	0.016
33	9.869	0.016
34	1.232	0.016
35	9.947	0.016
36	9.915	0.016
37	9.904	0.016
38	9.998	0.016
39	9.972	0.016
40	9.866	0.016
41	10.029	0.016
42	9.912	0.016
43	10.041	0.016
44	9.844	0.016
45	10.029	0.016
46	9.934	0.016
47	9.913	0.016
48	9.88	0.016
49	9.953	0.016
50	10.028	0.016
51	9.843	0.016
52	9.884	0.016
53	10.022	0.016
54	9.945	0.016
55	9.942	0.016
56	9.994	0.016
57	9.998	0.016
58	10.021	0.016
59	10.182	0.016
60	10.048	0.016
61	10.027	0.016
62	9.969	0.016
63	10.033	0.016
64	10.059	0.016
65	9.909	0.016
66	9.991	0.016
67	10.005	0.016
68	10.064	0.016
69	9.955	0.016
70	10.032	0.016
71	9.898	0.016
72	10.197	0.016
73	9.889	0.016
74	9.949	0.016
75	10.099	0.016
76	10.101	0.016
77	9.903	0.016
78	10.04	0.016
79	9.972	0.016
80	10.111	0.016
81	9.982	0.016
82	10.039	0.016
83	9.965	0.016
84	10.068	0.016
85	9.957	0.016
86	10.04	0.016
87	9.933	0.016
88	10.043	0.016
89	10.067	0.016
90	10.022	0.016
91	10.02	0.016
92	9.902	0.016
93	10.084	0.016
94	9.881	0.016
95	10.031	0.016
96	9.869	0.016
97	10.063	0.016
98	9.899	0.016
99	2.313	0.016
100	10.065	0.016
101	9.907	0.016
102	10.1	0.016
103	10.002	0.016
104	8.889	0.016
105	10.109	0.016
106	9.888	0.016
107	10.063	0.016
108	3.467	0.016
109	10.102	0.016
110	9.905	0.016
111	10.039	0.016
112	9.931	0.016
113	10.002	0.016
114	9.911	0.016
115	9.873	0.016
116	10.014	0.016
117	9.996	0.016
118	9.887	0.016
119	9.964	0.016
120	10.118	0.016
121	10.077	0.016
122	9.829	0.016
123	10.179	0.016
124	9.868	0.016
125	9.947	0.016
126	1.051	0.016
127	10.054	0.016
128	9.863	0.016
129	10.009	0.016
130	8.897	0.016
131	9.894	0.016
132	9.989	0.016
133	10.393	0.016
134	11.723	0.016
135	11.26	0.016
136	10.807	0.016
137	10.696	0.016
138	11.269	0.016
139	10.458	0.016
140	10.257	0.016
141	11.241	0.016
142	10.407	0.016
143	11.399	0.016
144	10.777	0.016
145	12.008	0.016
146	10.551	0.016
147	10.281	0.016
148	4.95	0.016
149	10.673	0.016
150	10.539	0.016
1	10.521	0.024
2	10.585	0.024
3	10.569	0.024
4	10.666	0.024
5	10.08	0.024
6	10.322	0.024
7	10.301	0.024
8	10.64	0.024
9	10.052	0.024
10	10.209	0.024
11	8.022	0.024
12	10.071	0.024
13	9.891	0.024
14	10.08	0.024
15	9.893	0.024
16	10.392	0.024
17	10.563	0.024
18	10.75	0.024
19	11.029	0.024
20	10.534	0.024
21	10.249	0.024
22	10.375	0.024
23	10.333	0.024
24	10.014	0.024
25	10.108	0.024
26	10.218	0.024
27	10.3	0.024
28	10.316	0.024
29	10.478	0.024
30	10.34	0.024
31	1.131	0.024
32	10.325	0.024
33	10.389	0.024
34	1.119	0.024
35	10.347	0.024
36	10.202	0.024
37	3.634	0.024
38	11.219	0.024
39	1.123	0.024
40	10.469	0.024
41	10.801	0.024
42	10.804	0.024
43	10.278	0.024
44	10.381	0.024
45	10.228	0.024
46	10.146	0.024
47	10.251	0.024
48	10.343	0.024
49	10.059	0.024
50	10.238	0.024
51	10.136	0.024
52	10.273	0.024
53	10.215	0.024
54	5.654	0.024
55	10.14	0.024
56	10.29	0.024
57	10.11	0.024
58	10.131	0.024
59	10.358	0.024
60	10.197	0.024
61	10.136	0.024
62	10.303	0.024
63	10.141	0.024
64	10.545	0.024
65	10.334	0.024
66	10.318	0.024
67	10.397	0.024
68	10.322	0.024
69	10.442	0.024
70	10.313	0.024
71	10.3	0.024
72	10.154	0.024
73	10.185	0.024
74	10.147	0.024
75	10.174	0.024
76	10.114	0.024
77	10.017	0.024
78	10.049	0.024
79	10.233	0.024
80	9.95	0.024
81	10.088	0.024
82	9.91	0.024
83	9.943	0.024
84	10.1	0.024
85	10.063	0.024
86	10.106	0.024
87	9.94	0.024
88	10.092	0.024
89	10.204	0.024
90	10.25	0.024
91	10.108	0.024
92	10.292	0.024
93	10.343	0.024
94	10.175	0.024
95	10.192	0.024
96	10.321	0.024
97	10.502	0.024
98	10.361	0.024
99	2.226	0.024
100	10.152	0.024
101	10.153	0.024
102	10.035	0.024
103	10.075	0.024
104	8.844	0.024
105	4.554	0.024
106	9.975	0.024
107	9.978	0.024
108	1.257	0.024
109	10.266	0.024
110	10.244	0.024
111	10.052	0.024
112	10.047	0.024
113	9.924	0.024
114	10.012	0.024
115	9.9	0.024
116	9.996	0.024
117	10.019	0.024
118	10.005	0.024
119	9.947	0.024
120	9.855	0.024
121	10.09	0.024
122	9.844	0.024
123	10.533	0.024
124	10.013	0.024
125	10.02	0.024
126	1.088	0.024
127	10.483	0.024
128	9.993	0.024
129	9.954	0.024
130	9.194	0.024
131	10.072	0.024
132	9.905	0.024
133	10.059	0.024
134	9.946	0.024
135	10.126	0.024
136	4.344	0.024
137	10.086	0.024
138	10.471	0.024
139	10.043	0.024
140	9.89	0.024
141	10.061	0.024
142	9.916	0.024
143	10.111	0.024
144	9.911	0.024
145	3.531	0.024
146	9.991	0.024
147	10.1	0.024
148	2.148	0.024
149	10.04	0.024
150	9.914	0.024
1	10.134	0.032
2	10.119	0.032
3	9.96	0.032
4	10.493	0.032
5	9.877	0.032
6	10.072	0.032
7	9.963	0.032
8	10.5	0.032
9	10.087	0.032
10	10.037	0.032
11	8.09	0.032
12	10.083	0.032
13	9.937	0.032
14	9.048	0.032
15	9.949	0.032
16	10.083	0.032
17	9.912	0.032
18	10.215	0.032
19	10.444	0.032
20	10.561	0.032
21	10.361	0.032
22	10.378	0.032
23	10.275	0.032
24	10.092	0.032
25	9.971	0.032
26	10.109	0.032
27	10.484	0.032
28	10.02	0.032
29	10.527	0.032
30	8.113	0.032
31	1.093	0.032
32	9.89	0.032
33	10.086	0.032
34	1.128	0.032
35	9.979	0.032
36	10.057	0.032
37	3.403	0.032
38	10.064	0.032
39	1.291	0.032
40	9.926	0.032
41	10.049	0.032
42	3.444	0.032
43	5.858	0.032
44	9.951	0.032
45	10.1	0.032
46	9.83	0.032
47	10.506	0.032
48	9.929	0.032
49	9.932	0.032
50	10.122	0.032
51	9.981	0.032
52	10.097	0.032
53	10.068	0.032
54	5.514	0.032
55	10.133	0.032
56	10.029	0.032
57	10.065	0.032
58	10.889	0.032
59	11.063	0.032
60	10.639	0.032
61	10.641	0.032
62	10.996	0.032
63	10.385	0.032
64	10.976	0.032
65	10.119	0.032
66	10.708	0.032
67	11.145	0.032
68	10.709	0.032
69	10.514	0.032
70	10.412	0.032
71	10.236	0.032
72	10.486	0.032
73	10.115	0.032
74	10.153	0.032
75	10.195	0.032
76	10.762	0.032
77	10.513	0.032
78	10.133	0.032
79	10.379	0.032
80	10.498	0.032
81	10.009	0.032
82	10.083	0.032
83	10.03	0.032
84	10.097	0.032
85	8.031	0.032
86	10.67	0.032
87	10.488	0.032
88	10.767	0.032
89	10.711	0.032
90	9.909	0.032
91	10.112	0.032
92	9.986	0.032
93	10.488	0.032
94	10.184	0.032
95	9.955	0.032
96	10.095	0.032
97	4.634	0.032
98	10.749	0.032
99	1.12	0.032
100	10.105	0.032
101	10.137	0.032
102	10.106	0.032
103	9.958	0.032
104	9.326	0.032
105	4.646	0.032
106	10.313	0.032
107	10.592	0.032
108	1.173	0.032
109	9.521	0.032
110	10.378	0.032
111	10.095	0.032
112	10.022	0.032
113	10.481	0.032
114	10.086	0.032
115	10.198	0.032
116	9.943	0.032
117	10.11	0.032
118	9.957	0.032
119	10.084	0.032
120	9.911	0.032
121	10.226	0.032
122	9.897	0.032
123	4.717	0.032
124	10.364	0.032
125	10.098	0.032
126	1.237	0.032
127	6.968	0.032
128	9.884	0.032
129	10.112	0.032
130	1.08	0.032
131	10.221	0.032
132	9.975	0.032
133	10.129	0.032
134	10.044	0.032
135	10.466	0.032
136	4.771	0.032
137	10.373	0.032
138	3.52	0.032
139	10.365	0.032
140	10.186	0.032
141	10.68	0.032
142	10.282	0.032
143	10.318	0.032
144	10.44	0.032
145	3.522	0.032
146	10.766	0.032
147	2.391	0.032
148	2.387	0.032
149	10.155	0.032
150	10.356	0.032
