Img	Time(s)	Epsilon
1	20.535	0.008
2	15.72	0.008
3	15.84	0.008
4	16.138	0.008
5	15.87	0.008
6	16.042	0.008
7	15.948	0.008
8	16.174	0.008
9	15.859	0.008
10	15.973	0.008
11	15.902	0.008
12	15.952	0.008
13	16.038	0.008
14	15.932	0.008
15	15.89	0.008
16	16.004	0.008
17	15.977	0.008
18	15.873	0.008
19	15.987	0.008
20	15.91	0.008
21	16.026	0.008
22	15.966	0.008
23	16.075	0.008
24	16.101	0.008
25	16.018	0.008
26	16.206	0.008
27	14.412	0.008
28	15.955	0.008
29	16.014	0.008
30	16.124	0.008
31	1.745	0.008
32	15.876	0.008
33	16.089	0.008
34	1.813	0.008
35	16.127	0.008
36	16.399	0.008
37	16.023	0.008
38	16.185	0.008
39	7.497	0.008
40	15.98	0.008
41	15.898	0.008
42	15.951	0.008
43	9.085	0.008
44	15.787	0.008
45	15.879	0.008
46	15.89	0.008
47	7.535	0.008
48	15.835	0.008
49	15.852	0.008
50	15.941	0.008
51	16.039	0.008
52	16.203	0.008
53	16.027	0.008
54	15.947	0.008
55	15.97	0.008
56	15.959	0.008
57	16.029	0.008
58	15.98	0.008
59	15.921	0.008
60	16.009	0.008
61	15.867	0.008
62	16.229	0.008
63	15.781	0.008
64	16.107	0.008
65	15.98	0.008
66	15.986	0.008
67	16.036	0.008
68	16.273	0.008
69	15.936	0.008
70	15.933	0.008
71	16.154	0.008
72	16.04	0.008
73	15.982	0.008
74	15.995	0.008
75	16.115	0.008
76	15.926	0.008
77	15.87	0.008
78	16.035	0.008
79	16.083	0.008
80	16.07	0.008
81	16.078	0.008
82	15.967	0.008
83	15.985	0.008
84	16.061	0.008
85	12.589	0.008
86	16.062	0.008
87	15.951	0.008
88	16.046	0.008
89	16.047	0.008
90	15.956	0.008
91	15.937	0.008
92	16.01	0.008
93	15.914	0.008
94	15.894	0.008
95	15.878	0.008
96	15.836	0.008
97	15.982	0.008
98	16.039	0.008
99	1.901	0.008
100	15.942	0.008
101	15.967	0.008
102	16.178	0.008
103	16.03	0.008
104	7.286	0.008
105	16.029	0.008
106	16.192	0.008
107	15.961	0.008
108	1.687	0.008
109	16.149	0.008
110	15.955	0.008
111	16.093	0.008
112	16.045	0.008
113	16.055	0.008
114	16.097	0.008
115	16.007	0.008
116	15.991	0.008
117	16.024	0.008
118	15.938	0.008
119	15.896	0.008
120	16.052	0.008
121	15.961	0.008
122	16.14	0.008
123	16.064	0.008
124	15.977	0.008
125	15.893	0.008
126	16.204	0.008
127	15.988	0.008
128	15.995	0.008
129	15.873	0.008
130	15.997	0.008
131	16.018	0.008
132	16.071	0.008
133	15.932	0.008
134	16.095	0.008
135	15.862	0.008
136	16.11	0.008
137	16.07	0.008
138	16.087	0.008
139	16.021	0.008
140	15.944	0.008
141	16.163	0.008
142	16.093	0.008
143	16.193	0.008
144	15.903	0.008
145	16.137	0.008
146	16.0	0.008
147	16.113	0.008
148	5.206	0.008
149	15.791	0.008
150	15.881	0.008
1	5.62	0.016
2	16.024	0.016
3	16.111	0.016
4	3.847	0.016
5	15.958	0.016
6	16.156	0.016
7	15.965	0.016
8	7.549	0.016
9	9.355	0.016
10	16.218	0.016
11	16.04	0.016
12	16.231	0.016
13	16.259	0.016
14	16.094	0.016
15	16.171	0.016
16	16.27	0.016
17	16.169	0.016
18	16.668	0.016
19	16.776	0.016
20	16.282	0.016
21	16.799	0.016
22	16.722	0.016
23	3.683	0.016
24	16.233	0.016
25	16.067	0.016
26	15.948	0.016
27	3.713	0.016
28	15.992	0.016
29	16.357	0.016
30	16.312	0.016
31	1.834	0.016
32	16.103	0.016
33	16.393	0.016
34	1.904	0.016
35	16.166	0.016
36	14.454	0.016
37	5.613	0.016
38	16.893	0.016
39	1.981	0.016
40	16.274	0.016
41	16.073	0.016
42	16.187	0.016
43	5.815	0.016
44	16.155	0.016
45	16.198	0.016
46	16.066	0.016
47	3.75	0.016
48	16.041	0.016
49	15.755	0.016
50	16.068	0.016
51	16.423	0.016
52	16.682	0.016
53	15.964	0.016
54	16.209	0.016
55	16.472	0.016
56	15.988	0.016
57	16.168	0.016
58	15.744	0.016
59	16.037	0.016
60	15.875	0.016
61	15.958	0.016
62	1.897	0.016
63	16.103	0.016
64	13.093	0.016
65	5.417	0.016
66	16.202	0.016
67	15.962	0.016
68	3.763	0.016
69	16.257	0.016
70	16.137	0.016
71	16.083	0.016
72	16.539	0.016
73	15.908	0.016
74	16.063	0.016
75	17.042	0.016
76	16.142	0.016
77	16.309	0.016
78	16.272	0.016
79	16.558	0.016
80	9.161	0.016
81	16.213	0.016
82	16.106	0.016
83	16.596	0.016
84	16.064	0.016
85	5.674	0.016
86	16.246	0.016
87	15.986	0.016
88	16.063	0.016
89	16.298	0.016
90	16.189	0.016
91	16.026	0.016
92	16.269	0.016
93	16.292	0.016
94	16.293	0.016
95	16.113	0.016
96	15.995	0.016
97	7.541	0.016
98	9.526	0.016
99	1.863	0.016
100	16.435	0.016
101	16.652	0.016
102	15.956	0.016
103	16.202	0.016
104	1.914	0.016
105	5.656	0.016
106	17.14	0.016
107	16.206	0.016
108	1.751	0.016
109	5.679	0.016
110	16.224	0.016
111	16.262	0.016
112	16.893	0.016
113	16.107	0.016
114	15.022	0.016
115	16.181	0.016
116	16.214	0.016
117	16.099	0.016
118	15.917	0.016
119	15.85	0.016
120	16.059	0.016
121	16.298	0.016
122	16.704	0.016
123	5.567	0.016
124	16.123	0.016
125	15.987	0.016
126	1.951	0.016
127	16.403	0.016
128	16.134	0.016
129	16.058	0.016
130	5.562	0.016
131	16.109	0.016
132	16.122	0.016
133	16.232	0.016
134	16.251	0.016
135	15.984	0.016
136	7.533	0.016
137	16.306	0.016
138	16.927	0.016
139	16.313	0.016
140	16.08	0.016
141	16.714	0.016
142	16.582	0.016
143	16.879	0.016
144	16.217	0.016
145	16.27	0.016
146	15.253	0.016
147	16.863	0.016
148	1.908	0.016
149	16.046	0.016
150	16.178	0.016
1	1.987	0.024
2	16.249	0.024
3	16.436	0.024
4	1.851	0.024
5	16.199	0.024
6	16.851	0.024
7	16.22	0.024
8	1.988	0.024
9	3.929	0.024
10	17.188	0.024
11	16.578	0.024
12	16.507	0.024
13	7.326	0.024
14	16.391	0.024
15	16.26	0.024
16	16.792	0.024
17	17.001	0.024
18	9.38	0.024
19	15.301	0.024
20	9.345	0.024
21	3.966	0.024
22	5.697	0.024
23	1.983	0.024
24	16.43	0.024
25	16.409	0.024
26	16.074	0.024
27	1.839	0.024
28	16.45	0.024
29	14.978	0.024
30	17.239	0.024
31	2.058	0.024
32	16.14	0.024
33	5.731	0.024
34	2.051	0.024
35	16.248	0.024
36	11.507	0.024
37	3.767	0.024
38	11.546	0.024
39	1.904	0.024
40	1.909	0.024
41	16.545	0.024
42	17.323	0.024
43	2.067	0.024
44	16.853	0.024
45	16.564	0.024
46	16.629	0.024
47	2.028	0.024
48	16.419	0.024
49	16.366	0.024
50	16.688	0.024
51	16.988	0.024
52	7.493	0.024
53	9.524	0.024
54	16.921	0.024
55	17.247	0.024
56	16.107	0.024
57	16.937	0.024
58	16.55	0.024
59	16.525	0.024
60	16.407	0.024
61	16.648	0.024
62	1.851	0.024
63	17.77	0.024
64	5.97	0.024
65	5.794	0.024
66	17.02	0.024
67	16.276	0.024
68	4.051	0.024
69	16.638	0.024
70	16.408	0.024
71	17.322	0.024
72	17.095	0.024
73	16.622	0.024
74	16.342	0.024
75	3.926	0.024
76	5.85	0.024
77	16.997	0.024
78	1.973	0.024
79	17.481	0.024
80	3.807	0.024
81	17.138	0.024
82	16.396	0.024
83	16.959	0.024
84	16.57	0.024
85	5.694	0.024
86	7.779	0.024
87	16.458	0.024
88	16.543	0.024
89	9.524	0.024
90	16.742	0.024
91	16.607	0.024
92	16.659	0.024
93	15.424	0.024
94	17.319	0.024
95	17.07	0.024
96	16.464	0.024
97	7.725	0.024
98	1.889	0.024
99	1.915	0.024
100	17.221	0.024
101	11.148	0.024
102	16.38	0.024
103	16.687	0.024
104	1.948	0.024
105	1.905	0.024
106	1.994	0.024
107	17.089	0.024
108	1.859	0.024
109	2.09	0.024
110	11.407	0.024
111	17.218	0.024
112	1.83	0.024
113	17.266	0.024
114	7.791	0.024
115	16.962	0.024
116	17.18	0.024
117	7.586	0.024
118	16.578	0.024
119	16.441	0.024
120	16.389	0.024
121	16.57	0.024
122	1.978	0.024
123	5.778	0.024
124	7.698	0.024
125	16.327	0.024
126	2.193	0.024
127	17.346	0.024
128	16.505	0.024
129	16.486	0.024
130	5.72	0.024
131	16.513	0.024
132	16.617	0.024
133	17.156	0.024
134	1.98	0.024
135	16.5	0.024
136	1.854	0.024
137	17.427	0.024
138	5.791	0.024
139	16.713	0.024
140	16.307	0.024
141	5.804	0.024
142	3.916	0.024
143	5.823	0.024
144	16.751	0.024
145	5.605	0.024
146	1.992	0.024
147	3.798	0.024
148	2.015	0.024
149	16.387	0.024
150	16.662	0.024
1	1.905	0.032
2	16.587	0.032
3	17.42	0.032
4	2.006	0.032
5	16.594	0.032
6	17.292	0.032
7	16.483	0.032
8	2.027	0.032
9	3.918	0.032
10	1.816	0.032
11	16.979	0.032
12	16.862	0.032
13	1.866	0.032
14	17.078	0.032
15	16.495	0.032
16	15.217	0.032
17	17.335	0.032
18	1.953	0.032
19	3.79	0.032
20	3.952	0.032
21	2.048	0.032
22	1.905	0.032
23	2.006	0.032
24	17.095	0.032
25	16.995	0.032
26	16.178	0.032
27	2.05	0.032
28	5.737	0.032
29	1.971	0.032
30	1.994	0.032
31	1.93	0.032
32	16.403	0.032
33	1.847	0.032
34	2.16	0.032
35	16.483	0.032
36	1.889	0.032
37	1.988	0.032
38	2.002	0.032
39	2.053	0.032
40	1.967	0.032
41	16.409	0.032
42	17.144	0.032
43	2.062	0.032
44	5.753	0.032
45	17.019	0.032
46	17.196	0.032
47	1.958	0.032
48	16.707	0.032
49	16.443	0.032
50	17.338	0.032
51	3.985	0.032
52	1.969	0.032
53	2.018	0.032
54	1.843	0.032
55	1.85	0.032
56	16.476	0.032
57	1.978	0.032
58	16.583	0.032
59	17.201	0.032
60	16.676	0.032
61	17.07	0.032
62	1.948	0.032
63	1.855	0.032
64	2.014	0.032
65	5.794	0.032
66	17.477	0.032
67	16.553	0.032
68	2.14	0.032
69	3.805	0.032
70	17.291	0.032
71	1.97	0.032
72	1.84	0.032
73	16.888	0.032
74	16.651	0.032
75	1.922	0.032
76	2.007	0.032
77	3.919	0.032
78	1.824	0.032
79	2.044	0.032
80	1.993	0.032
81	17.17	0.032
82	1.946	0.032
83	11.538	0.032
84	17.332	0.032
85	1.978	0.032
86	2.01	0.032
87	16.902	0.032
88	16.68	0.032
89	3.932	0.032
90	17.215	0.032
91	16.998	0.032
92	3.962	0.032
93	3.855	0.032
94	5.874	0.032
95	1.947	0.032
96	16.6	0.032
97	1.989	0.032
98	1.95	0.032
99	2.11	0.032
100	1.986	0.032
101	3.918	0.032
102	16.362	0.032
103	17.261	0.032
104	1.995	0.032
105	2.034	0.032
106	2.034	0.032
107	7.505	0.032
108	2.016	0.032
109	2.057	0.032
110	1.852	0.032
111	17.498	0.032
112	2.085	0.032
113	1.962	0.032
114	2.021	0.032
115	17.1	0.032
116	2.01	0.032
117	7.594	0.032
118	17.26	0.032
119	16.554	0.032
120	16.61	0.032
121	17.114	0.032
122	1.972	0.032
123	1.994	0.032
124	1.95	0.032
125	16.334	0.032
126	2.062	0.032
127	1.874	0.032
128	17.123	0.032
129	16.626	0.032
130	1.962	0.032
131	16.926	0.032
132	17.178	0.032
133	3.915	0.032
134	1.983	0.032
135	16.468	0.032
136	1.869	0.032
137	3.963	0.032
138	3.861	0.032
139	3.927	0.032
140	16.285	0.032
141	3.837	0.032
142	1.981	0.032
143	2.009	0.032
144	17.153	0.032
145	1.825	0.032
146	2.014	0.032
147	2.023	0.032
148	1.979	0.032
149	16.279	0.032
150	17.012	0.032
