Img	Time(s)	Epsilon
1	10.403	0.008
2	10.099	0.008
3	10.127	0.008
4	11.22	0.008
5	9.956	0.008
6	10.245	0.008
7	10.413	0.008
8	10.251	0.008
9	10.713	0.008
10	10.366	0.008
11	10.788	0.008
12	11.611	0.008
13	10.186	0.008
14	10.049	0.008
15	10.666	0.008
16	10.206	0.008
17	10.481	0.008
18	10.906	0.008
19	10.402	0.008
20	10.15	0.008
21	10.45	0.008
22	10.401	0.008
23	10.877	0.008
24	10.314	0.008
25	10.039	0.008
26	10.139	0.008
27	10.842	0.008
28	10.293	0.008
29	10.093	0.008
30	10.404	0.008
31	11.767	0.008
32	9.965	0.008
33	10.468	0.008
34	1.213	0.008
35	9.825	0.008
36	10.2	0.008
37	9.82	0.008
38	10.079	0.008
39	11.392	0.008
40	10.522	0.008
41	10.4	0.008
42	10.39	0.008
43	10.518	0.008
44	10.772	0.008
45	10.344	0.008
46	9.774	0.008
47	10.568	0.008
48	9.92	0.008
49	10.286	0.008
50	10.244	0.008
51	10.023	0.008
52	10.059	0.008
53	10.319	0.008
54	10.388	0.008
55	10.037	0.008
56	10.105	0.008
57	10.136	0.008
58	10.175	0.008
59	10.37	0.008
60	9.899	0.008
61	10.307	0.008
62	11.318	0.008
63	10.456	0.008
64	10.072	0.008
65	10.059	0.008
66	9.763	0.008
67	10.203	0.008
68	10.603	0.008
69	10.172	0.008
70	10.248	0.008
71	10.656	0.008
72	10.178	0.008
73	10.28	0.008
74	10.238	0.008
75	10.382	0.008
76	10.435	0.008
77	10.035	0.008
78	10.221	0.008
79	10.644	0.008
80	10.537	0.008
81	9.907	0.008
82	10.341	0.008
83	10.23	0.008
84	10.174	0.008
85	10.631	0.008
86	10.632	0.008
87	10.073	0.008
88	10.1	0.008
89	10.417	0.008
90	10.414	0.008
91	10.112	0.008
92	10.501	0.008
93	10.478	0.008
94	10.495	0.008
95	10.713	0.008
96	10.413	0.008
97	10.978	0.008
98	10.411	0.008
99	2.599	0.008
100	10.171	0.008
101	10.093	0.008
102	10.235	0.008
103	10.121	0.008
104	11.128	0.008
105	10.561	0.008
106	10.66	0.008
107	10.895	0.008
108	5.05	0.008
109	10.497	0.008
110	10.459	0.008
111	10.219	0.008
112	10.367	0.008
113	10.984	0.008
114	10.064	0.008
115	10.023	0.008
116	10.273	0.008
117	10.255	0.008
118	10.141	0.008
119	9.723	0.008
120	10.348	0.008
121	10.312	0.008
122	10.315	0.008
123	11.761	0.008
124	10.552	0.008
125	9.868	0.008
126	11.18	0.008
127	10.645	0.008
128	10.371	0.008
129	10.658	0.008
130	10.899	0.008
131	10.414	0.008
132	10.3	0.008
133	10.216	0.008
134	10.336	0.008
135	10.225	0.008
136	11.206	0.008
137	10.312	0.008
138	11.17	0.008
139	10.184	0.008
140	10.418	0.008
141	10.546	0.008
142	10.106	0.008
143	10.347	0.008
144	10.111	0.008
145	10.772	0.008
146	10.12	0.008
147	10.591	0.008
148	3.667	0.008
149	10.029	0.008
150	10.017	0.008
1	10.926	0.016
2	10.426	0.016
3	10.588	0.016
4	11.974	0.016
5	10.191	0.016
6	10.406	0.016
7	10.507	0.016
8	10.565	0.016
9	11.705	0.016
10	10.632	0.016
11	11.211	0.016
12	10.369	0.016
13	10.687	0.016
14	10.187	0.016
15	11.655	0.016
16	10.75	0.016
17	11.029	0.016
18	11.567	0.016
19	11.165	0.016
20	11.176	0.016
21	10.474	0.016
22	11.057	0.016
23	11.243	0.016
24	11.046	0.016
25	10.287	0.016
26	10.351	0.016
27	11.602	0.016
28	10.666	0.016
29	10.48	0.016
30	10.815	0.016
31	1.398	0.016
32	10.098	0.016
33	11.423	0.016
34	1.48	0.016
35	10.064	0.016
36	10.452	0.016
37	10.537	0.016
38	10.239	0.016
39	12.221	0.016
40	11.542	0.016
41	10.815	0.016
42	11.0	0.016
43	11.125	0.016
44	11.583	0.016
45	10.576	0.016
46	10.058	0.016
47	11.451	0.016
48	10.109	0.016
49	10.49	0.016
50	10.549	0.016
51	10.098	0.016
52	10.354	0.016
53	10.775	0.016
54	10.917	0.016
55	10.319	0.016
56	10.457	0.016
57	10.359	0.016
58	10.314	0.016
59	11.349	0.016
60	10.226	0.016
61	10.691	0.016
62	11.848	0.016
63	11.143	0.016
64	10.582	0.016
65	10.176	0.016
66	9.74	0.016
67	11.021	0.016
68	11.292	0.016
69	10.488	0.016
70	10.033	0.016
71	11.134	0.016
72	10.503	0.016
73	10.227	0.016
74	10.905	0.016
75	10.708	0.016
76	10.642	0.016
77	10.173	0.016
78	10.522	0.016
79	11.038	0.016
80	11.349	0.016
81	10.041	0.016
82	10.185	0.016
83	10.297	0.016
84	10.226	0.016
85	11.414	0.016
86	11.23	0.016
87	10.151	0.016
88	10.933	0.016
89	11.244	0.016
90	9.943	0.016
91	10.343	0.016
92	11.203	0.016
93	10.858	0.016
94	10.837	0.016
95	11.218	0.016
96	11.311	0.016
97	11.535	0.016
98	11.327	0.016
99	2.674	0.016
100	10.208	0.016
101	10.312	0.016
102	10.875	0.016
103	10.318	0.016
104	11.487	0.016
105	10.943	0.016
106	10.777	0.016
107	11.538	0.016
108	5.359	0.016
109	11.138	0.016
110	10.92	0.016
111	11.307	0.016
112	10.564	0.016
113	11.488	0.016
114	10.217	0.016
115	10.02	0.016
116	10.409	0.016
117	10.433	0.016
118	10.32	0.016
119	9.936	0.016
120	10.334	0.016
121	10.144	0.016
122	11.253	0.016
123	11.798	0.016
124	11.605	0.016
125	10.333	0.016
126	11.475	0.016
127	11.001	0.016
128	10.267	0.016
129	10.634	0.016
130	11.269	0.016
131	10.75	0.016
132	10.486	0.016
133	10.935	0.016
134	10.97	0.016
135	10.324	0.016
136	11.888	0.016
137	10.731	0.016
138	11.64	0.016
139	10.371	0.016
140	10.603	0.016
141	11.17	0.016
142	10.067	0.016
143	10.104	0.016
144	9.97	0.016
145	11.233	0.016
146	10.258	0.016
147	11.56	0.016
148	3.778	0.016
149	9.845	0.016
150	10.262	0.016
1	12.33	0.024
2	10.414	0.024
3	10.464	0.024
4	13.35	0.024
5	10.255	0.024
6	11.408	0.024
7	10.234	0.024
8	11.346	0.024
9	12.105	0.024
10	11.431	0.024
11	12.189	0.024
12	10.57	0.024
13	11.349	0.024
14	10.949	0.024
15	12.326	0.024
16	11.478	0.024
17	11.202	0.024
18	11.952	0.024
19	11.301	0.024
20	11.912	0.024
21	11.68	0.024
22	11.454	0.024
23	12.092	0.024
24	11.13	0.024
25	10.291	0.024
26	10.596	0.024
27	12.282	0.024
28	11.813	0.024
29	10.915	0.024
30	11.995	0.024
31	1.559	0.024
32	10.201	0.024
33	11.769	0.024
34	1.632	0.024
35	10.097	0.024
36	12.015	0.024
37	10.48	0.024
38	11.208	0.024
39	13.537	0.024
40	12.94	0.024
41	11.841	0.024
42	11.422	0.024
43	11.199	0.024
44	12.356	0.024
45	11.075	0.024
46	10.141	0.024
47	12.285	0.024
48	10.25	0.024
49	10.633	0.024
50	11.416	0.024
51	10.219	0.024
52	10.615	0.024
53	11.262	0.024
54	11.74	0.024
55	10.574	0.024
56	10.607	0.024
57	10.909	0.024
58	11.134	0.024
59	18.129	0.024
60	10.067	0.024
61	11.525	0.024
62	13.692	0.024
63	12.002	0.024
64	10.262	0.024
65	10.468	0.024
66	10.158	0.024
67	11.182	0.024
68	12.094	0.024
69	11.352	0.024
70	10.088	0.024
71	11.605	0.024
72	11.457	0.024
73	10.802	0.024
74	11.29	0.024
75	11.369	0.024
76	11.123	0.024
77	10.823	0.024
78	11.402	0.024
79	12.091	0.024
80	11.922	0.024
81	11.258	0.024
82	10.75	0.024
83	11.295	0.024
84	10.481	0.024
85	12.228	0.024
86	13.467	0.024
87	10.752	0.024
88	11.132	0.024
89	11.383	0.024
90	10.446	0.024
91	11.275	0.024
92	13.085	0.024
93	12.048	0.024
94	11.695	0.024
95	11.838	0.024
96	11.846	0.024
97	12.98	0.024
98	11.845	0.024
99	2.857	0.024
100	10.835	0.024
101	11.738	0.024
102	12.667	0.024
103	10.585	0.024
104	11.931	0.024
105	11.46	0.024
106	11.622	0.024
107	12.578	0.024
108	1.586	0.024
109	12.325	0.024
110	12.7	0.024
111	15.788	0.024
112	11.28	0.024
113	12.689	0.024
114	11.953	0.024
115	10.489	0.024
116	11.622	0.024
117	11.018	0.024
118	11.09	0.024
119	10.022	0.024
120	10.965	0.024
121	10.926	0.024
122	11.529	0.024
123	13.101	0.024
124	12.486	0.024
125	10.483	0.024
126	12.366	0.024
127	11.717	0.024
128	10.792	0.024
129	11.629	0.024
130	13.335	0.024
131	11.621	0.024
132	10.574	0.024
133	11.349	0.024
134	11.764	0.024
135	11.317	0.024
136	12.716	0.024
137	11.891	0.024
138	12.064	0.024
139	10.948	0.024
140	11.437	0.024
141	11.723	0.024
142	10.784	0.024
143	10.672	0.024
144	10.4	0.024
145	11.586	0.024
146	10.937	0.024
147	12.424	0.024
148	4.182	0.024
149	10.178	0.024
150	10.753	0.024
1	15.099	0.032
2	10.92	0.032
3	11.627	0.032
4	14.164	0.032
5	10.722	0.032
6	12.603	0.032
7	10.353	0.032
8	12.302	0.032
9	13.769	0.032
10	11.725	0.032
11	13.036	0.032
12	11.883	0.032
13	13.376	0.032
14	11.538	0.032
15	13.026	0.032
16	12.304	0.032
17	12.104	0.032
18	13.131	0.032
19	12.359	0.032
20	12.759	0.032
21	13.136	0.032
22	13.486	0.032
23	13.234	0.032
24	11.325	0.032
25	11.0	0.032
26	10.974	0.032
27	13.571	0.032
28	11.674	0.032
29	11.674	0.032
30	14.302	0.032
31	1.728	0.032
32	10.311	0.032
33	12.234	0.032
34	2.045	0.032
35	10.404	0.032
36	12.436	0.032
37	11.525	0.032
38	11.87	0.032
39	15.524	0.032
40	13.577	0.032
41	11.948	0.032
42	11.437	0.032
43	11.364	0.032
44	14.079	0.032
45	12.215	0.032
46	10.282	0.032
47	13.047	0.032
48	10.36	0.032
49	11.473	0.032
50	12.534	0.032
51	11.483	0.032
52	12.025	0.032
53	11.66	0.032
54	15.338	0.032
55	11.394	0.032
56	11.178	0.032
57	11.735	0.032
58	12.255	0.032
59	17.968	0.032
60	10.208	0.032
61	13.406	0.032
62	14.988	0.032
63	12.528	0.032
64	11.062	0.032
65	11.155	0.032
66	10.162	0.032
67	11.619	0.032
68	14.01	0.032
69	12.761	0.032
70	10.383	0.032
71	13.056	0.032
72	12.642	0.032
73	11.642	0.032
74	12.58	0.032
75	12.813	0.032
76	11.509	0.032
77	11.809	0.032
78	12.246	0.032
79	13.91	0.032
80	14.213	0.032
81	14.204	0.032
82	12.388	0.032
83	12.4	0.032
84	11.935	0.032
85	12.963	0.032
86	16.203	0.032
87	11.556	0.032
88	11.565	0.032
89	11.845	0.032
90	11.607	0.032
91	13.516	0.032
92	14.114	0.032
93	14.188	0.032
94	12.871	0.032
95	12.661	0.032
96	13.15	0.032
97	14.948	0.032
98	13.954	0.032
99	2.974	0.032
100	11.896	0.032
101	12.452	0.032
102	13.938	0.032
103	11.046	0.032
104	13.538	0.032
105	13.216	0.032
106	13.415	0.032
107	12.314	0.032
108	1.868	0.032
109	13.392	0.032
110	13.745	0.032
111	14.254	0.032
112	12.374	0.032
113	13.302	0.032
114	12.841	0.032
115	11.446	0.032
116	12.775	0.032
117	12.291	0.032
118	11.752	0.032
119	10.438	0.032
120	13.009	0.032
121	12.269	0.032
122	13.065	0.032
123	3.049	0.032
124	14.725	0.032
125	11.019	0.032
126	14.138	0.032
127	13.008	0.032
128	14.338	0.032
129	11.902	0.032
130	13.71	0.032
131	13.778	0.032
132	11.771	0.032
133	13.307	0.032
134	11.943	0.032
135	13.515	0.032
136	13.171	0.032
137	12.281	0.032
138	13.35	0.032
139	11.953	0.032
140	12.235	0.032
141	12.696	0.032
142	10.818	0.032
143	11.259	0.032
144	10.654	0.032
145	12.849	0.032
146	11.472	0.032
147	14.286	0.032
148	1.511	0.032
149	10.472	0.032
150	11.272	0.032
