Img	Time(s)	Epsilon
1	16.396	0.008
2	15.9	0.008
3	16.399	0.008
4	16.128	0.008
5	16.819	0.008
6	16.141	0.008
7	15.977	0.008
8	16.387	0.008
9	16.224	0.008
10	16.21	0.008
11	17.406	0.008
12	16.06	0.008
13	16.185	0.008
14	15.989	0.008
15	15.913	0.008
16	16.42	0.008
17	16.172	0.008
18	16.727	0.008
19	15.982	0.008
20	16.688	0.008
21	16.419	0.008
22	16.529	0.008
23	16.395	0.008
24	16.01	0.008
25	16.168	0.008
26	16.227	0.008
27	16.226	0.008
28	15.933	0.008
29	16.649	0.008
30	15.983	0.008
31	1.75	0.008
32	15.964	0.008
33	15.969	0.008
34	17.949	0.008
35	15.642	0.008
36	16.391	0.008
37	16.072	0.008
38	15.755	0.008
39	17.26	0.008
40	16.41	0.008
41	15.885	0.008
42	15.856	0.008
43	17.117	0.008
44	16.747	0.008
45	16.48	0.008
46	15.8	0.008
47	16.215	0.008
48	16.208	0.008
49	15.846	0.008
50	16.022	0.008
51	15.72	0.008
52	16.549	0.008
53	16.129	0.008
54	16.466	0.008
55	16.393	0.008
56	15.952	0.008
57	16.043	0.008
58	16.685	0.008
59	16.113	0.008
60	16.271	0.008
61	16.736	0.008
62	16.964	0.008
63	15.639	0.008
64	16.473	0.008
65	16.535	0.008
66	15.979	0.008
67	16.123	0.008
68	16.148	0.008
69	16.149	0.008
70	16.635	0.008
71	16.358	0.008
72	15.942	0.008
73	15.769	0.008
74	16.119	0.008
75	16.136	0.008
76	15.898	0.008
77	16.666	0.008
78	16.068	0.008
79	17.123	0.008
80	16.344	0.008
81	16.165	0.008
82	16.34	0.008
83	16.193	0.008
84	15.799	0.008
85	17.141	0.008
86	16.893	0.008
87	16.22	0.008
88	16.444	0.008
89	16.835	0.008
90	16.498	0.008
91	16.024	0.008
92	16.283	0.008
93	16.336	0.008
94	16.291	0.008
95	16.354	0.008
96	16.077	0.008
97	16.802	0.008
98	16.691	0.008
99	3.659	0.008
100	15.858	0.008
101	16.097	0.008
102	15.755	0.008
103	16.387	0.008
104	16.697	0.008
105	16.829	0.008
106	17.417	0.008
107	16.271	0.008
108	2.057	0.008
109	16.314	0.008
110	16.33	0.008
111	16.088	0.008
112	15.959	0.008
113	16.538	0.008
114	16.775	0.008
115	15.963	0.008
116	16.013	0.008
117	16.374	0.008
118	16.249	0.008
119	16.041	0.008
120	15.527	0.008
121	16.21	0.008
122	15.872	0.008
123	16.133	0.008
124	16.436	0.008
125	16.499	0.008
126	11.226	0.008
127	16.189	0.008
128	15.919	0.008
129	16.417	0.008
130	16.59	0.008
131	15.927	0.008
132	16.172	0.008
133	16.047	0.008
134	16.392	0.008
135	16.054	0.008
136	16.9	0.008
137	16.511	0.008
138	16.978	0.008
139	16.549	0.008
140	16.267	0.008
141	16.852	0.008
142	16.23	0.008
143	15.833	0.008
144	16.584	0.008
145	15.933	0.008
146	16.223	0.008
147	16.487	0.008
148	16.994	0.008
149	15.942	0.008
150	16.696	0.008
1	17.568	0.016
2	15.957	0.016
3	16.045	0.016
4	17.092	0.016
5	17.326	0.016
6	16.634	0.016
7	16.417	0.016
8	16.68	0.016
9	17.649	0.016
10	16.511	0.016
11	17.343	0.016
12	15.96	0.016
13	17.444	0.016
14	16.135	0.016
15	16.299	0.016
16	16.13	0.016
17	16.304	0.016
18	17.518	0.016
19	16.532	0.016
20	16.95	0.016
21	16.919	0.016
22	17.069	0.016
23	17.472	0.016
24	16.019	0.016
25	16.459	0.016
26	15.984	0.016
27	16.856	0.016
28	16.163	0.016
29	17.477	0.016
30	16.418	0.016
31	1.998	0.016
32	16.137	0.016
33	16.192	0.016
34	10.259	0.016
35	15.898	0.016
36	16.264	0.016
37	17.298	0.016
38	16.031	0.016
39	17.952	0.016
40	16.113	0.016
41	15.739	0.016
42	16.981	0.016
43	17.989	0.016
44	17.573	0.016
45	16.439	0.016
46	16.052	0.016
47	17.147	0.016
48	16.481	0.016
49	16.458	0.016
50	17.33	0.016
51	15.916	0.016
52	17.324	0.016
53	16.64	0.016
54	17.856	0.016
55	16.886	0.016
56	16.004	0.016
57	16.077	0.016
58	17.196	0.016
59	16.332	0.016
60	16.03	0.016
61	17.765	0.016
62	17.882	0.016
63	16.878	0.016
64	16.686	0.016
65	17.241	0.016
66	16.07	0.016
67	16.887	0.016
68	16.78	0.016
69	16.676	0.016
70	17.459	0.016
71	17.158	0.016
72	16.27	0.016
73	16.293	0.016
74	16.378	0.016
75	16.825	0.016
76	16.65	0.016
77	17.421	0.016
78	16.171	0.016
79	17.683	0.016
80	17.425	0.016
81	17.155	0.016
82	16.761	0.016
83	16.617	0.016
84	15.877	0.016
85	17.589	0.016
86	17.985	0.016
87	17.543	0.016
88	16.892	0.016
89	17.32	0.016
90	16.524	0.016
91	16.105	0.016
92	16.785	0.016
93	16.511	0.016
94	17.351	0.016
95	16.546	0.016
96	16.043	0.016
97	17.526	0.016
98	17.682	0.016
99	4.152	0.016
100	16.388	0.016
101	16.963	0.016
102	16.063	0.016
103	17.587	0.016
104	16.769	0.016
105	17.564	0.016
106	18.334	0.016
107	16.494	0.016
108	2.037	0.016
109	17.094	0.016
110	17.658	0.016
111	16.453	0.016
112	16.156	0.016
113	17.125	0.016
114	17.688	0.016
115	16.138	0.016
116	16.117	0.016
117	16.437	0.016
118	17.479	0.016
119	16.598	0.016
120	15.983	0.016
121	16.825	0.016
122	16.399	0.016
123	17.023	0.016
124	17.256	0.016
125	16.727	0.016
126	1.957	0.016
127	17.161	0.016
128	16.205	0.016
129	17.144	0.016
130	16.71	0.016
131	15.541	0.016
132	16.59	0.016
133	15.988	0.016
134	17.354	0.016
135	16.488	0.016
136	18.119	0.016
137	16.621	0.016
138	17.785	0.016
139	17.165	0.016
140	16.051	0.016
141	17.416	0.016
142	16.175	0.016
143	16.21	0.016
144	16.737	0.016
145	16.248	0.016
146	16.457	0.016
147	17.575	0.016
148	7.702	0.016
149	16.112	0.016
150	17.459	0.016
1	19.398	0.024
2	16.111	0.024
3	16.75	0.024
4	18.011	0.024
5	18.22	0.024
6	17.92	0.024
7	16.482	0.024
8	17.596	0.024
9	18.134	0.024
10	17.947	0.024
11	2.073	0.024
12	16.557	0.024
13	17.817	0.024
14	16.74	0.024
15	17.069	0.024
16	16.46	0.024
17	17.443	0.024
18	18.257	0.024
19	17.709	0.024
20	18.128	0.024
21	17.346	0.024
22	19.456	0.024
23	18.333	0.024
24	16.216	0.024
25	16.966	0.024
26	16.476	0.024
27	17.818	0.024
28	17.411	0.024
29	18.208	0.024
30	16.809	0.024
31	2.028	0.024
32	16.396	0.024
33	16.958	0.024
34	11.517	0.024
35	15.875	0.024
36	17.564	0.024
37	17.617	0.024
38	16.223	0.024
39	19.579	0.024
40	17.676	0.024
41	16.147	0.024
42	17.545	0.024
43	18.646	0.024
44	18.542	0.024
45	18.494	0.024
46	16.034	0.024
47	17.975	0.024
48	16.806	0.024
49	17.343	0.024
50	18.11	0.024
51	16.043	0.024
52	18.068	0.024
53	18.068	0.024
54	18.546	0.024
55	17.813	0.024
56	16.098	0.024
57	17.395	0.024
58	17.717	0.024
59	17.796	0.024
60	17.374	0.024
61	19.087	0.024
62	17.994	0.024
63	18.535	0.024
64	17.717	0.024
65	18.087	0.024
66	17.513	0.024
67	17.99	0.024
68	17.713	0.024
69	17.499	0.024
70	18.282	0.024
71	18.004	0.024
72	17.764	0.024
73	16.85	0.024
74	16.585	0.024
75	17.67	0.024
76	16.88	0.024
77	18.693	0.024
78	17.224	0.024
79	18.911	0.024
80	18.044	0.024
81	17.494	0.024
82	17.425	0.024
83	17.167	0.024
84	16.624	0.024
85	17.95	0.024
86	18.672	0.024
87	18.643	0.024
88	16.797	0.024
89	17.986	0.024
90	17.713	0.024
91	16.679	0.024
92	18.142	0.024
93	18.127	0.024
94	18.676	0.024
95	17.339	0.024
96	16.553	0.024
97	18.661	0.024
98	18.617	0.024
99	2.139	0.024
100	18.115	0.024
101	18.281	0.024
102	16.011	0.024
103	17.771	0.024
104	17.709	0.024
105	18.501	0.024
106	18.646	0.024
107	17.24	0.024
108	2.196	0.024
109	17.333	0.024
110	18.832	0.024
111	17.377	0.024
112	17.567	0.024
113	18.051	0.024
114	18.695	0.024
115	16.184	0.024
116	16.887	0.024
117	17.691	0.024
118	18.438	0.024
119	17.684	0.024
120	16.247	0.024
121	17.807	0.024
122	17.136	0.024
123	18.008	0.024
124	17.836	0.024
125	17.422	0.024
126	1.897	0.024
127	17.935	0.024
128	16.706	0.024
129	17.632	0.024
130	18.213	0.024
131	15.95	0.024
132	16.746	0.024
133	16.675	0.024
134	18.262	0.024
135	17.454	0.024
136	19.675	0.024
137	17.235	0.024
138	18.608	0.024
139	18.455	0.024
140	17.239	0.024
141	18.163	0.024
142	17.766	0.024
143	16.539	0.024
144	17.584	0.024
145	17.394	0.024
146	17.103	0.024
147	18.364	0.024
148	4.135	0.024
149	16.26	0.024
150	17.963	0.024
1	20.284	0.032
2	17.455	0.032
3	17.654	0.032
4	18.577	0.032
5	19.849	0.032
6	19.233	0.032
7	16.723	0.032
8	17.74	0.032
9	19.177	0.032
10	18.309	0.032
11	1.976	0.032
12	18.116	0.032
13	18.84	0.032
14	17.708	0.032
15	19.751	0.032
16	17.687	0.032
17	18.104	0.032
18	19.65	0.032
19	18.613	0.032
20	18.67	0.032
21	17.796	0.032
22	20.6	0.032
23	19.484	0.032
24	17.318	0.032
25	17.854	0.032
26	19.905	0.032
27	18.626	0.032
28	18.724	0.032
29	19.042	0.032
30	17.786	0.032
31	1.982	0.032
32	16.821	0.032
33	17.471	0.032
34	2.565	0.032
35	16.577	0.032
36	18.382	0.032
37	19.157	0.032
38	17.329	0.032
39	22.637	0.032
40	17.973	0.032
41	16.177	0.032
42	18.902	0.032
43	18.984	0.032
44	19.72	0.032
45	18.945	0.032
46	16.155	0.032
47	18.549	0.032
48	20.103	0.032
49	18.372	0.032
50	18.41	0.032
51	16.588	0.032
52	18.793	0.032
53	19.063	0.032
54	19.457	0.032
55	18.156	0.032
56	16.629	0.032
57	17.938	0.032
58	19.03	0.032
59	17.149	0.032
60	18.287	0.032
61	19.71	0.032
62	19.219	0.032
63	19.269	0.032
64	18.224	0.032
65	18.686	0.032
66	17.719	0.032
67	18.435	0.032
68	18.734	0.032
69	18.877	0.032
70	18.431	0.032
71	18.762	0.032
72	18.037	0.032
73	17.647	0.032
74	17.693	0.032
75	18.671	0.032
76	17.695	0.032
77	19.136	0.032
78	19.269	0.032
79	20.789	0.032
80	19.433	0.032
81	17.689	0.032
82	18.975	0.032
83	18.201	0.032
84	16.953	0.032
85	18.957	0.032
86	19.18	0.032
87	18.992	0.032
88	17.397	0.032
89	19.203	0.032
90	18.378	0.032
91	18.84	0.032
92	18.845	0.032
93	18.644	0.032
94	18.763	0.032
95	18.32	0.032
96	17.463	0.032
97	19.361	0.032
98	19.251	0.032
99	2.248	0.032
100	18.94	0.032
101	18.269	0.032
102	16.472	0.032
103	18.723	0.032
104	18.675	0.032
105	19.653	0.032
106	19.024	0.032
107	18.065	0.032
108	2.297	0.032
109	18.84	0.032
110	19.363	0.032
111	18.473	0.032
112	18.414	0.032
113	18.472	0.032
114	18.97	0.032
115	16.765	0.032
116	18.425	0.032
117	18.548	0.032
118	19.239	0.032
119	18.485	0.032
120	17.291	0.032
121	18.627	0.032
122	17.822	0.032
123	19.298	0.032
124	18.776	0.032
125	17.854	0.032
126	2.025	0.032
127	18.574	0.032
128	18.144	0.032
129	17.859	0.032
130	18.858	0.032
131	15.886	0.032
132	18.273	0.032
133	17.547	0.032
134	18.897	0.032
135	18.734	0.032
136	20.833	0.032
137	18.278	0.032
138	19.451	0.032
139	18.762	0.032
140	17.967	0.032
141	18.827	0.032
142	19.597	0.032
143	17.363	0.032
144	18.269	0.032
145	17.759	0.032
146	18.431	0.032
147	18.906	0.032
148	4.13	0.032
149	16.899	0.032
150	18.592	0.032
