Img	Time(s)	Epsilon
1	10.05	0.008
2	9.821	0.008
3	9.96	0.008
4	10.441	0.008
5	9.855	0.008
6	9.81	0.008
7	9.557	0.008
8	10.37	0.008
9	10.099	0.008
10	9.915	0.008
11	10.363	0.008
12	9.858	0.008
13	9.825	0.008
14	9.797	0.008
15	9.944	0.008
16	9.869	0.008
17	9.995	0.008
18	9.932	0.008
19	10.355	0.008
20	10.128	0.008
21	9.707	0.008
22	10.024	0.008
23	10.039	0.008
24	9.768	0.008
25	9.833	0.008
26	9.712	0.008
27	10.006	0.008
28	9.523	0.008
29	9.787	0.008
30	9.976	0.008
31	1.216	0.008
32	9.797	0.008
33	9.906	0.008
34	10.527	0.008
35	9.839	0.008
36	9.74	0.008
37	9.927	0.008
38	10.125	0.008
39	10.45	0.008
40	10.149	0.008
41	9.911	0.008
42	9.962	0.008
43	10.343	0.008
44	10.127	0.008
45	9.958	0.008
46	9.885	0.008
47	10.105	0.008
48	9.911	0.008
49	9.785	0.008
50	10.329	0.008
51	9.823	0.008
52	9.958	0.008
53	9.858	0.008
54	9.988	0.008
55	9.875	0.008
56	9.88	0.008
57	9.735	0.008
58	9.908	0.008
59	10.027	0.008
60	9.903	0.008
61	9.622	0.008
62	10.063	0.008
63	9.864	0.008
64	10.098	0.008
65	10.179	0.008
66	9.767	0.008
67	10.265	0.008
68	10.246	0.008
69	10.047	0.008
70	9.896	0.008
71	9.705	0.008
72	10.397	0.008
73	9.689	0.008
74	9.896	0.008
75	9.877	0.008
76	10.061	0.008
77	10.121	0.008
78	9.728	0.008
79	10.537	0.008
80	9.913	0.008
81	9.942	0.008
82	9.947	0.008
83	9.813	0.008
84	9.886	0.008
85	10.566	0.008
86	10.054	0.008
87	10.043	0.008
88	9.948	0.008
89	9.788	0.008
90	9.81	0.008
91	9.72	0.008
92	9.854	0.008
93	10.125	0.008
94	9.996	0.008
95	9.83	0.008
96	9.884	0.008
97	9.771	0.008
98	10.232	0.008
99	2.391	0.008
100	9.813	0.008
101	10.11	0.008
102	9.756	0.008
103	9.846	0.008
104	9.929	0.008
105	10.445	0.008
106	10.07	0.008
107	10.162	0.008
108	4.58	0.008
109	10.1	0.008
110	9.834	0.008
111	9.909	0.008
112	10.205	0.008
113	9.912	0.008
114	10.13	0.008
115	9.783	0.008
116	9.845	0.008
117	9.793	0.008
118	9.81	0.008
119	9.871	0.008
120	10.095	0.008
121	10.099	0.008
122	10.253	0.008
123	10.188	0.008
124	10.468	0.008
125	10.074	0.008
126	10.719	0.008
127	9.814	0.008
128	10.078	0.008
129	10.257	0.008
130	10.164	0.008
131	9.847	0.008
132	9.824	0.008
133	9.871	0.008
134	10.097	0.008
135	9.675	0.008
136	10.708	0.008
137	9.953	0.008
138	9.86	0.008
139	9.997	0.008
140	9.577	0.008
141	9.895	0.008
142	9.776	0.008
143	9.582	0.008
144	10.237	0.008
145	9.682	0.008
146	10.011	0.008
147	10.007	0.008
148	3.53	0.008
149	9.59	0.008
150	10.056	0.008
1	10.729	0.016
2	10.093	0.016
3	9.945	0.016
4	10.777	0.016
5	10.089	0.016
6	10.113	0.016
7	10.022	0.016
8	10.935	0.016
9	10.629	0.016
10	10.136	0.016
11	10.683	0.016
12	10.05	0.016
13	10.326	0.016
14	9.717	0.016
15	10.271	0.016
16	10.159	0.016
17	9.939	0.016
18	10.629	0.016
19	10.791	0.016
20	10.905	0.016
21	10.14	0.016
22	9.927	0.016
23	10.084	0.016
24	9.687	0.016
25	10.347	0.016
26	9.91	0.016
27	10.427	0.016
28	9.81	0.016
29	10.221	0.016
30	10.395	0.016
31	1.272	0.016
32	9.787	0.016
33	10.462	0.016
34	10.802	0.016
35	9.709	0.016
36	10.219	0.016
37	9.857	0.016
38	10.523	0.016
39	11.075	0.016
40	10.919	0.016
41	10.054	0.016
42	10.201	0.016
43	11.052	0.016
44	10.498	0.016
45	9.922	0.016
46	9.899	0.016
47	10.523	0.016
48	9.854	0.016
49	9.989	0.016
50	10.13	0.016
51	10.21	0.016
52	10.08	0.016
53	10.167	0.016
54	10.718	0.016
55	9.877	0.016
56	9.971	0.016
57	9.962	0.016
58	9.852	0.016
59	10.342	0.016
60	10.012	0.016
61	10.21	0.016
62	10.406	0.016
63	10.288	0.016
64	10.294	0.016
65	10.527	0.016
66	9.854	0.016
67	10.394	0.016
68	10.615	0.016
69	10.164	0.016
70	9.884	0.016
71	10.215	0.016
72	10.29	0.016
73	10.045	0.016
74	10.119	0.016
75	10.298	0.016
76	10.131	0.016
77	10.495	0.016
78	9.747	0.016
79	10.622	0.016
80	10.157	0.016
81	10.165	0.016
82	10.057	0.016
83	9.915	0.016
84	10.078	0.016
85	10.617	0.016
86	10.678	0.016
87	10.145	0.016
88	10.449	0.016
89	10.013	0.016
90	9.739	0.016
91	10.1	0.016
92	10.166	0.016
93	10.482	0.016
94	10.21	0.016
95	9.909	0.016
96	10.062	0.016
97	10.465	0.016
98	10.659	0.016
99	2.368	0.016
100	10.185	0.016
101	10.69	0.016
102	10.01	0.016
103	10.171	0.016
104	10.734	0.016
105	10.376	0.016
106	10.917	0.016
107	10.314	0.016
108	1.087	0.016
109	10.509	0.016
110	10.474	0.016
111	10.089	0.016
112	10.327	0.016
113	10.549	0.016
114	10.085	0.016
115	10.138	0.016
116	9.953	0.016
117	10.088	0.016
118	9.929	0.016
119	9.961	0.016
120	10.254	0.016
121	10.09	0.016
122	10.132	0.016
123	10.279	0.016
124	10.478	0.016
125	10.215	0.016
126	10.722	0.016
127	10.107	0.016
128	10.185	0.016
129	10.274	0.016
130	10.947	0.016
131	10.009	0.016
132	10.271	0.016
133	10.235	0.016
134	10.243	0.016
135	10.126	0.016
136	10.788	0.016
137	10.152	0.016
138	10.772	0.016
139	10.169	0.016
140	9.962	0.016
141	10.276	0.016
142	9.972	0.016
143	9.938	0.016
144	9.962	0.016
145	10.57	0.016
146	10.727	0.016
147	10.939	0.016
148	1.128	0.016
149	9.993	0.016
150	9.973	0.016
1	11.217	0.024
2	10.125	0.024
3	9.753	0.024
4	11.208	0.024
5	10.134	0.024
6	10.209	0.024
7	9.926	0.024
8	10.858	0.024
9	11.639	0.024
10	10.716	0.024
11	11.072	0.024
12	10.318	0.024
13	10.923	0.024
14	10.307	0.024
15	10.933	0.024
16	10.324	0.024
17	10.208	0.024
18	11.357	0.024
19	11.468	0.024
20	11.12	0.024
21	10.879	0.024
22	10.804	0.024
23	10.747	0.024
24	10.163	0.024
25	10.476	0.024
26	10.311	0.024
27	11.047	0.024
28	9.859	0.024
29	10.6	0.024
30	11.228	0.024
31	1.343	0.024
32	10.171	0.024
33	10.947	0.024
34	11.771	0.024
35	9.879	0.024
36	10.214	0.024
37	10.337	0.024
38	10.88	0.024
39	11.992	0.024
40	11.131	0.024
41	10.182	0.024
42	10.951	0.024
43	11.263	0.024
44	10.932	0.024
45	10.764	0.024
46	10.093	0.024
47	11.306	0.024
48	9.994	0.024
49	10.029	0.024
50	11.188	0.024
51	10.115	0.024
52	10.212	0.024
53	11.094	0.024
54	10.727	0.024
55	10.139	0.024
56	10.175	0.024
57	10.167	0.024
58	10.333	0.024
59	10.819	0.024
60	10.956	0.024
61	10.352	0.024
62	10.843	0.024
63	10.927	0.024
64	10.45	0.024
65	10.772	0.024
66	9.899	0.024
67	10.768	0.024
68	11.038	0.024
69	10.351	0.024
70	10.018	0.024
71	11.083	0.024
72	10.762	0.024
73	10.168	0.024
74	10.169	0.024
75	10.843	0.024
76	10.457	0.024
77	10.742	0.024
78	9.977	0.024
79	10.918	0.024
80	10.832	0.024
81	10.872	0.024
82	10.142	0.024
83	10.051	0.024
84	10.37	0.024
85	11.02	0.024
86	11.193	0.024
87	10.522	0.024
88	10.964	0.024
89	10.267	0.024
90	10.003	0.024
91	10.135	0.024
92	10.309	0.024
93	10.669	0.024
94	11.093	0.024
95	10.505	0.024
96	10.172	0.024
97	10.894	0.024
98	10.934	0.024
99	1.38	0.024
100	9.927	0.024
101	11.229	0.024
102	9.999	0.024
103	10.291	0.024
104	10.97	0.024
105	10.914	0.024
106	11.516	0.024
107	10.98	0.024
108	1.396	0.024
109	10.94	0.024
110	10.889	0.024
111	10.742	0.024
112	11.117	0.024
113	10.893	0.024
114	10.787	0.024
115	10.766	0.024
116	10.778	0.024
117	10.275	0.024
118	10.161	0.024
119	9.969	0.024
120	10.162	0.024
121	10.444	0.024
122	10.261	0.024
123	10.678	0.024
124	11.284	0.024
125	10.445	0.024
126	11.457	0.024
127	10.962	0.024
128	10.845	0.024
129	10.875	0.024
130	11.145	0.024
131	10.687	0.024
132	10.749	0.024
133	10.762	0.024
134	10.552	0.024
135	10.396	0.024
136	11.163	0.024
137	10.867	0.024
138	11.156	0.024
139	10.407	0.024
140	10.522	0.024
141	10.514	0.024
142	10.376	0.024
143	9.737	0.024
144	10.402	0.024
145	11.409	0.024
146	11.228	0.024
147	11.012	0.024
148	1.334	0.024
149	10.394	0.024
150	10.351	0.024
1	11.379	0.032
2	10.805	0.032
3	10.189	0.032
4	11.828	0.032
5	10.685	0.032
6	11.158	0.032
7	9.974	0.032
8	11.185	0.032
9	11.478	0.032
10	11.693	0.032
11	11.031	0.032
12	10.331	0.032
13	12.128	0.032
14	10.22	0.032
15	11.097	0.032
16	10.838	0.032
17	10.725	0.032
18	11.833	0.032
19	11.67	0.032
20	11.749	0.032
21	12.637	0.032
22	11.14	0.032
23	11.043	0.032
24	11.519	0.032
25	11.199	0.032
26	10.47	0.032
27	11.32	0.032
28	10.258	0.032
29	11.772	0.032
30	11.327	0.032
31	1.499	0.032
32	10.7	0.032
33	11.745	0.032
34	4.193	0.032
35	9.922	0.032
36	11.022	0.032
37	10.771	0.032
38	11.551	0.032
39	12.483	0.032
40	11.615	0.032
41	10.475	0.032
42	11.702	0.032
43	11.518	0.032
44	11.997	0.032
45	11.037	0.032
46	10.181	0.032
47	11.708	0.032
48	9.888	0.032
49	10.24	0.032
50	11.878	0.032
51	10.476	0.032
52	11.312	0.032
53	11.664	0.032
54	11.363	0.032
55	10.604	0.032
56	9.974	0.032
57	10.575	0.032
58	10.415	0.032
59	11.282	0.032
60	10.818	0.032
61	10.782	0.032
62	11.075	0.032
63	11.55	0.032
64	11.259	0.032
65	10.914	0.032
66	10.049	0.032
67	11.342	0.032
68	11.346	0.032
69	10.909	0.032
70	10.637	0.032
71	11.429	0.032
72	11.305	0.032
73	10.332	0.032
74	10.313	0.032
75	11.47	0.032
76	10.925	0.032
77	11.143	0.032
78	10.309	0.032
79	11.175	0.032
80	11.749	0.032
81	11.597	0.032
82	10.664	0.032
83	10.55	0.032
84	10.794	0.032
85	11.425	0.032
86	12.077	0.032
87	13.432	0.032
88	11.266	0.032
89	10.797	0.032
90	10.141	0.032
91	10.48	0.032
92	11.136	0.032
93	11.767	0.032
94	11.336	0.032
95	11.04	0.032
96	10.657	0.032
97	11.569	0.032
98	11.396	0.032
99	1.181	0.032
100	10.709	0.032
101	12.333	0.032
102	10.357	0.032
103	10.477	0.032
104	11.457	0.032
105	11.498	0.032
106	11.876	0.032
107	11.239	0.032
108	1.453	0.032
109	11.947	0.032
110	11.71	0.032
111	11.303	0.032
112	11.726	0.032
113	11.148	0.032
114	11.659	0.032
115	11.214	0.032
116	11.17	0.032
117	11.456	0.032
118	10.621	0.032
119	10.067	0.032
120	10.844	0.032
121	10.429	0.032
122	11.051	0.032
123	11.032	0.032
124	11.624	0.032
125	11.167	0.032
126	11.58	0.032
127	12.413	0.032
128	10.956	0.032
129	11.427	0.032
130	11.168	0.032
131	11.525	0.032
132	10.844	0.032
133	11.42	0.032
134	11.008	0.032
135	11.458	0.032
136	12.102	0.032
137	11.502	0.032
138	11.62	0.032
139	10.989	0.032
140	11.236	0.032
141	11.531	0.032
142	10.726	0.032
143	10.053	0.032
144	10.987	0.032
145	12.262	0.032
146	11.634	0.032
147	11.269	0.032
148	1.406	0.032
149	10.038	0.032
150	11.25	0.032
