Img	Time(s)	Epsilon
1	10.29	0.008
2	10.074	0.008
3	9.968	0.008
4	10.723	0.008
5	10.195	0.008
6	10.089	0.008
7	9.879	0.008
8	10.57	0.008
9	10.551	0.008
10	10.169	0.008
11	10.488	0.008
12	10.067	0.008
13	10.216	0.008
14	10.042	0.008
15	10.095	0.008
16	10.033	0.008
17	10.341	0.008
18	10.019	0.008
19	10.623	0.008
20	10.327	0.008
21	10.279	0.008
22	10.222	0.008
23	10.191	0.008
24	10.094	0.008
25	9.987	0.008
26	10.341	0.008
27	10.287	0.008
28	10.081	0.008
29	10.106	0.008
30	10.349	0.008
31	1.112	0.008
32	10.154	0.008
33	10.157	0.008
34	11.004	0.008
35	10.013	0.008
36	10.054	0.008
37	10.14	0.008
38	10.445	0.008
39	10.886	0.008
40	10.366	0.008
41	10.075	0.008
42	10.613	0.008
43	10.909	0.008
44	10.535	0.008
45	10.134	0.008
46	10.081	0.008
47	10.123	0.008
48	10.243	0.008
49	10.163	0.008
50	10.516	0.008
51	10.132	0.008
52	10.206	0.008
53	10.07	0.008
54	10.237	0.008
55	10.173	0.008
56	10.036	0.008
57	9.974	0.008
58	10.0	0.008
59	10.342	0.008
60	10.239	0.008
61	10.002	0.008
62	10.217	0.008
63	10.132	0.008
64	10.329	0.008
65	10.255	0.008
66	10.199	0.008
67	10.47	0.008
68	10.327	0.008
69	10.34	0.008
70	10.217	0.008
71	10.022	0.008
72	10.255	0.008
73	10.123	0.008
74	10.006	0.008
75	10.145	0.008
76	10.338	0.008
77	10.183	0.008
78	9.94	0.008
79	10.789	0.008
80	10.171	0.008
81	10.099	0.008
82	10.292	0.008
83	9.889	0.008
84	10.17	0.008
85	10.599	0.008
86	10.552	0.008
87	10.047	0.008
88	10.324	0.008
89	9.922	0.008
90	9.892	0.008
91	10.052	0.008
92	9.915	0.008
93	10.425	0.008
94	9.953	0.008
95	10.225	0.008
96	10.175	0.008
97	10.006	0.008
98	10.458	0.008
99	2.323	0.008
100	10.052	0.008
101	10.255	0.008
102	10.104	0.008
103	9.893	0.008
104	10.208	0.008
105	10.685	0.008
106	10.491	0.008
107	10.371	0.008
108	4.765	0.008
109	10.171	0.008
110	10.175	0.008
111	10.232	0.008
112	10.428	0.008
113	10.241	0.008
114	10.304	0.008
115	10.107	0.008
116	10.254	0.008
117	10.018	0.008
118	10.147	0.008
119	9.954	0.008
120	10.267	0.008
121	10.158	0.008
122	10.263	0.008
123	10.518	0.008
124	10.551	0.008
125	10.305	0.008
126	11.132	0.008
127	10.09	0.008
128	10.318	0.008
129	10.289	0.008
130	10.654	0.008
131	10.044	0.008
132	9.974	0.008
133	10.298	0.008
134	10.322	0.008
135	9.943	0.008
136	10.992	0.008
137	10.082	0.008
138	10.117	0.008
139	10.119	0.008
140	9.97	0.008
141	10.238	0.008
142	10.099	0.008
143	9.891	0.008
144	10.419	0.008
145	10.019	0.008
146	10.181	0.008
147	10.355	0.008
148	3.723	0.008
149	9.866	0.008
150	10.299	0.008
1	11.025	0.016
2	10.404	0.016
3	10.05	0.016
4	11.284	0.016
5	10.184	0.016
6	10.487	0.016
7	10.056	0.016
8	11.022	0.016
9	10.939	0.016
10	10.374	0.016
11	11.187	0.016
12	10.228	0.016
13	10.578	0.016
14	9.973	0.016
15	10.536	0.016
16	10.339	0.016
17	10.085	0.016
18	10.79	0.016
19	11.009	0.016
20	11.095	0.016
21	10.362	0.016
22	10.486	0.016
23	10.621	0.016
24	10.187	0.016
25	10.405	0.016
26	10.409	0.016
27	10.578	0.016
28	10.275	0.016
29	10.451	0.016
30	10.525	0.016
31	1.164	0.016
32	10.28	0.016
33	10.61	0.016
34	11.108	0.016
35	10.471	0.016
36	10.669	0.016
37	10.388	0.016
38	10.628	0.016
39	11.183	0.016
40	11.085	0.016
41	10.243	0.016
42	10.565	0.016
43	11.144	0.016
44	10.494	0.016
45	10.183	0.016
46	10.275	0.016
47	10.618	0.016
48	9.987	0.016
49	10.206	0.016
50	10.528	0.016
51	10.441	0.016
52	10.226	0.016
53	10.272	0.016
54	11.058	0.016
55	9.953	0.016
56	10.186	0.016
57	10.354	0.016
58	10.058	0.016
59	10.463	0.016
60	10.269	0.016
61	10.37	0.016
62	10.503	0.016
63	10.507	0.016
64	10.622	0.016
65	10.783	0.016
66	9.995	0.016
67	10.678	0.016
68	10.871	0.016
69	10.336	0.016
70	10.25	0.016
71	10.404	0.016
72	10.693	0.016
73	10.265	0.016
74	10.28	0.016
75	10.516	0.016
76	10.156	0.016
77	10.848	0.016
78	10.028	0.016
79	10.782	0.016
80	10.388	0.016
81	10.547	0.016
82	10.152	0.016
83	10.387	0.016
84	10.187	0.016
85	11.086	0.016
86	10.846	0.016
87	10.342	0.016
88	10.6	0.016
89	10.219	0.016
90	10.001	0.016
91	10.269	0.016
92	10.293	0.016
93	10.916	0.016
94	10.215	0.016
95	10.225	0.016
96	10.283	0.016
97	10.779	0.016
98	10.837	0.016
99	2.559	0.016
100	10.516	0.016
101	10.791	0.016
102	10.393	0.016
103	10.273	0.016
104	10.907	0.016
105	10.826	0.016
106	11.033	0.016
107	10.413	0.016
108	1.094	0.016
109	10.949	0.016
110	10.61	0.016
111	10.262	0.016
112	10.591	0.016
113	10.723	0.016
114	10.437	0.016
115	10.241	0.016
116	10.08	0.016
117	10.485	0.016
118	10.088	0.016
119	10.212	0.016
120	10.407	0.016
121	10.317	0.016
122	10.466	0.016
123	10.729	0.016
124	10.877	0.016
125	10.473	0.016
126	10.994	0.016
127	10.197	0.016
128	10.322	0.016
129	10.699	0.016
130	10.991	0.016
131	10.322	0.016
132	10.337	0.016
133	10.41	0.016
134	10.649	0.016
135	10.288	0.016
136	10.981	0.016
137	10.5	0.016
138	11.08	0.016
139	10.309	0.016
140	10.302	0.016
141	10.49	0.016
142	10.1	0.016
143	10.138	0.016
144	10.178	0.016
145	10.758	0.016
146	10.84	0.016
147	11.052	0.016
148	1.286	0.016
149	10.076	0.016
150	10.316	0.016
1	11.456	0.024
2	10.526	0.024
3	10.031	0.024
4	11.342	0.024
5	10.425	0.024
6	10.25	0.024
7	10.315	0.024
8	11.237	0.024
9	11.821	0.024
10	10.839	0.024
11	11.44	0.024
12	10.412	0.024
13	11.201	0.024
14	10.312	0.024
15	11.346	0.024
16	10.594	0.024
17	10.32	0.024
18	11.69	0.024
19	11.56	0.024
20	11.283	0.024
21	11.215	0.024
22	10.852	0.024
23	10.993	0.024
24	10.654	0.024
25	10.526	0.024
26	10.578	0.024
27	11.381	0.024
28	10.02	0.024
29	11.064	0.024
30	11.306	0.024
31	1.383	0.024
32	10.314	0.024
33	11.161	0.024
34	12.065	0.024
35	10.092	0.024
36	10.54	0.024
37	10.559	0.024
38	11.172	0.024
39	11.968	0.024
40	11.47	0.024
41	10.578	0.024
42	11.346	0.024
43	11.514	0.024
44	11.265	0.024
45	10.873	0.024
46	10.571	0.024
47	11.485	0.024
48	10.227	0.024
49	10.418	0.024
50	11.064	0.024
51	10.321	0.024
52	10.561	0.024
53	11.297	0.024
54	11.101	0.024
55	10.215	0.024
56	10.427	0.024
57	10.355	0.024
58	10.695	0.024
59	11.567	0.024
60	11.13	0.024
61	10.851	0.024
62	10.909	0.024
63	10.978	0.024
64	10.914	0.024
65	10.869	0.024
66	10.253	0.024
67	11.302	0.024
68	11.224	0.024
69	10.601	0.024
70	10.378	0.024
71	11.272	0.024
72	11.051	0.024
73	10.403	0.024
74	10.47	0.024
75	11.401	0.024
76	10.506	0.024
77	10.844	0.024
78	10.261	0.024
79	11.303	0.024
80	11.08	0.024
81	11.03	0.024
82	10.314	0.024
83	10.606	0.024
84	10.636	0.024
85	11.397	0.024
86	11.408	0.024
87	10.883	0.024
88	11.136	0.024
89	10.468	0.024
90	9.977	0.024
91	10.349	0.024
92	10.529	0.024
93	10.889	0.024
94	11.151	0.024
95	10.771	0.024
96	10.398	0.024
97	11.017	0.024
98	10.982	0.024
99	1.426	0.024
100	10.309	0.024
101	11.17	0.024
102	10.496	0.024
103	10.328	0.024
104	11.423	0.024
105	11.439	0.024
106	11.629	0.024
107	11.24	0.024
108	1.399	0.024
109	11.392	0.024
110	11.121	0.024
111	10.947	0.024
112	11.15	0.024
113	11.218	0.024
114	11.265	0.024
115	10.824	0.024
116	10.867	0.024
117	10.537	0.024
118	10.349	0.024
119	10.124	0.024
120	10.573	0.024
121	10.428	0.024
122	10.653	0.024
123	10.891	0.024
124	11.501	0.024
125	10.828	0.024
126	11.751	0.024
127	11.174	0.024
128	11.053	0.024
129	11.158	0.024
130	11.514	0.024
131	10.953	0.024
132	10.937	0.024
133	11.042	0.024
134	10.535	0.024
135	10.735	0.024
136	11.371	0.024
137	11.387	0.024
138	11.505	0.024
139	10.705	0.024
140	10.565	0.024
141	10.899	0.024
142	10.502	0.024
143	10.198	0.024
144	10.485	0.024
145	11.815	0.024
146	11.485	0.024
147	11.432	0.024
148	1.213	0.024
149	10.704	0.024
150	10.566	0.024
1	11.867	0.032
2	10.872	0.032
3	10.485	0.032
4	12.082	0.032
5	11.063	0.032
6	11.401	0.032
7	10.227	0.032
8	11.645	0.032
9	11.912	0.032
10	12.268	0.032
11	11.674	0.032
12	10.492	0.032
13	12.338	0.032
14	10.325	0.032
15	11.67	0.032
16	11.105	0.032
17	11.09	0.032
18	12.184	0.032
19	11.832	0.032
20	11.769	0.032
21	12.94	0.032
22	11.563	0.032
23	11.218	0.032
24	11.857	0.032
25	11.367	0.032
26	10.771	0.032
27	11.533	0.032
28	10.617	0.032
29	12.338	0.032
30	11.785	0.032
31	1.49	0.032
32	10.961	0.032
33	12.107	0.032
34	4.148	0.032
35	10.212	0.032
36	11.39	0.032
37	11.28	0.032
38	11.934	0.032
39	12.74	0.032
40	11.85	0.032
41	10.752	0.032
42	11.76	0.032
43	11.951	0.032
44	12.029	0.032
45	11.301	0.032
46	10.409	0.032
47	11.759	0.032
48	10.18	0.032
49	10.511	0.032
50	11.979	0.032
51	10.725	0.032
52	11.399	0.032
53	12.079	0.032
54	11.611	0.032
55	10.582	0.032
56	10.378	0.032
57	10.784	0.032
58	10.469	0.032
59	11.695	0.032
60	11.139	0.032
61	10.972	0.032
62	11.185	0.032
63	11.632	0.032
64	11.455	0.032
65	11.194	0.032
66	10.108	0.032
67	11.624	0.032
68	11.658	0.032
69	11.147	0.032
70	10.791	0.032
71	11.808	0.032
72	11.612	0.032
73	10.657	0.032
74	10.551	0.032
75	11.638	0.032
76	11.28	0.032
77	11.445	0.032
78	10.427	0.032
79	11.369	0.032
80	11.966	0.032
81	11.664	0.032
82	10.994	0.032
83	10.841	0.032
84	11.132	0.032
85	11.759	0.032
86	12.344	0.032
87	13.741	0.032
88	11.745	0.032
89	11.097	0.032
90	10.47	0.032
91	10.569	0.032
92	11.677	0.032
93	11.936	0.032
94	11.99	0.032
95	11.302	0.032
96	10.802	0.032
97	12.01	0.032
98	11.557	0.032
99	1.395	0.032
100	10.78	0.032
101	12.66	0.032
102	10.542	0.032
103	10.901	0.032
104	11.52	0.032
105	11.761	0.032
106	12.121	0.032
107	11.411	0.032
108	1.361	0.032
109	12.155	0.032
110	11.847	0.032
111	11.637	0.032
112	11.918	0.032
113	11.277	0.032
114	11.869	0.032
115	11.617	0.032
116	11.409	0.032
117	11.939	0.032
118	10.931	0.032
119	10.526	0.032
120	11.094	0.032
121	10.748	0.032
122	11.201	0.032
123	11.35	0.032
124	11.751	0.032
125	11.423	0.032
126	11.977	0.032
127	12.533	0.032
128	11.175	0.032
129	11.505	0.032
130	11.328	0.032
131	11.672	0.032
132	11.042	0.032
133	11.662	0.032
134	11.123	0.032
135	11.916	0.032
136	12.249	0.032
137	11.762	0.032
138	12.053	0.032
139	11.152	0.032
140	11.522	0.032
141	11.878	0.032
142	10.774	0.032
143	10.431	0.032
144	11.239	0.032
145	12.507	0.032
146	11.756	0.032
147	11.503	0.032
148	1.448	0.032
149	10.157	0.032
150	11.38	0.032
