Img	Target_Label	Epsilon	Objective_Value	Label
1	0	0.025	1.4851337736492836	2
1	1	0.025	-0.6928304369554854	2
1	3	0.025	6.631092996574589	2
1	4	0.025	0.4971538852348244	2
1	5	0.025	2.9212208301408698	2
1	6	0.025	4.428080234732583	2
1	7	0.025	4.122346280137451	2
1	8	0.025	4.558735743696053	2
1	9	0.025	1.9615076423061888	2
2	1	0.025	-7.557587120693967	0
2	2	0.025	-7.2740069881360245	0
2	3	0.025	-7.521651800119359	0
2	4	0.025	-6.271303800954976	0
2	5	0.025	-6.63707732913639	0
2	6	0.025	-7.493980694778813	0
2	7	0.025	-7.589133847119232	0
2	8	0.025	-7.4009401153338015	0
2	9	0.025	-7.528620123945219	0
3	0	0.025	-7.472649755335792	4
3	1	0.025	-7.46475863985958	4
3	2	0.025	-7.292256607626181	4
3	3	0.025	-6.283447590641284	4
3	5	0.025	-7.200785646210694	4
3	6	0.025	-6.40486138992188	4
3	7	0.025	-2.6833319786373244	4
3	8	0.025	-3.6566854649785228	4
3	9	0.025	-3.9162736778985847	4
4	0	0.025	4.719155197475763	8
4	1	0.025	5.924326360042523	8
4	2	0.025	5.951409497477931	8
4	3	0.025	7.22928873490755	8
4	4	0.025	0.7258102497206523	8
4	5	0.025	6.040402695842152	8
4	6	0.025	5.087405817596608	8
4	7	0.025	0.046936348742224604	8
4	9	0.025	4.589931424473127	8
5	0	0.025	-7.561199079815693	7
5	1	0.025	-7.55581813983525	7
5	2	0.025	-7.00084511579299	7
5	3	0.025	-7.56924422654098	7
5	4	0.025	-7.458108896975337	7
5	5	0.025	-7.542197338713885	7
5	6	0.025	-7.581205864517249	7
5	8	0.025	-7.593381962408882	7
5	9	0.025	-7.476951968511516	7
6	0	0.025	-6.141135649737747	6
6	1	0.025	-4.4504707301938105	6
6	2	0.025	-2.5577282060633415	6
6	3	0.025	-7.473891455014734	6
6	4	0.025	-1.2304912098130951	6
6	5	0.025	-3.4902287221654436	6
6	7	0.025	-6.539703507985786	6
6	8	0.025	-6.412407656246532	6
6	9	0.025	-7.414898164302516	6
7	1	0.025	-7.5614812289911795	0
7	2	0.025	-7.374753641047998	0
7	3	0.025	-7.5293163738996025	0
7	4	0.025	-7.294010681972681	0
7	5	0.025	-5.511554676845953	0
7	6	0.025	-7.508989861001497	0
7	7	0.025	-7.594051103646984	0
7	8	0.025	-7.598497312805722	0
7	9	0.025	-7.531624424230116	0
8	0	0.025	4.658756568007407	6
8	1	0.025	2.8720375134481104	6
8	2	0.025	5.326933430161131	6
8	3	0.025	7.07500353136306	6
8	4	0.025	5.614749262494544	6
8	5	0.025	7.4079373942486555	6
8	7	0.025	0.21902622566678887	6
8	8	0.025	7.404255316660707	6
8	9	0.025	2.527496486783682	6
9	0	0.025	-1.0469919675697856	3
9	1	0.025	0.693187896770745	3
9	2	0.025	-0.32779772042724803	3
9	4	0.025	-1.0132637536196796	3
9	5	0.025	6.081038788846584	3
9	6	0.025	-1.083905695274209	3
9	7	0.025	-1.1354661617619628	3
9	8	0.025	3.7456487464442056	3
9	9	0.025	-1.0380745528127835	3
10	0	0.025	-5.823549916728164	1
10	2	0.025	-1.4755416037962292	1
10	3	0.025	-6.873637803160417	1
10	4	0.025	-6.058229460665522	1
10	5	0.025	-7.091960496184317	1
10	6	0.025	-3.9808048776993052	1
10	7	0.025	-6.361589983317687	1
10	8	0.025	-5.20645441037235	1
10	9	0.025	-6.797172789092944	1
11	0	0.025	-7.471548890414237	8
11	1	0.025	-7.506909284978405	8
11	2	0.025	-7.110490004712793	8
11	3	0.025	-7.477705167852934	8
11	4	0.025	-7.423580151415999	8
11	5	0.025	-7.449336526437296	8
11	6	0.025	-6.94940484374311	8
11	7	0.025	-7.545697378503672	8
11	9	0.025	-7.450366725783385	8
12	1	0.025	-7.554478434763322	0
12	2	0.025	-3.787792906532908	0
12	3	0.025	-5.890663870569328	0
12	4	0.025	-7.481976258410011	0
12	5	0.025	-7.508106527448689	0
12	6	0.025	-7.399514822045058	0
12	7	0.025	-7.584691846258727	0
12	8	0.025	-6.261902650793995	0
12	9	0.025	-7.510839695204314	0
13	0	0.025	-2.274627980408825	7
13	1	0.025	-5.384297385687106	7
13	2	0.025	-0.9774084827227297	7
13	3	0.025	0.9682300668142959	7
13	4	0.025	-5.445657149567119	7
13	5	0.025	-4.646748235041238	7
13	6	0.025	-5.564051249131352	7
13	8	0.025	-5.576866300236103	7
13	9	0.025	-1.437027604692423	7
14	0	0.025	-7.237144347342173	9
14	1	0.025	-7.249832199694498	9
14	2	0.025	-7.072714291063618	9
14	3	0.025	-7.095241171776937	9
14	4	0.025	-7.118302725949818	9
14	5	0.025	-7.218926880635591	9
14	6	0.025	-7.257053123492029	9
14	7	0.025	-7.243755025244025	9
14	8	0.025	-3.7766212065719467	9
15	0	0.025	-7.301864966194249	8
15	1	0.025	-7.533823572592084	8
15	2	0.025	-7.324056716669324	8
15	3	0.025	-7.520972819258818	8
15	4	0.025	-7.457770629368113	8
15	5	0.025	-7.484380632565333	8
15	6	0.025	-7.531855220984649	8
15	7	0.025	-7.569905740509959	8
15	9	0.025	-5.9114276936468215	8
16	0	0.025	-2.0954316888507876	4
16	1	0.025	-7.465219681315596	4
16	2	0.025	-7.280018276771142	4
16	3	0.025	-7.420646802366038	4
16	5	0.025	-7.412513569945537	4
16	6	0.025	-3.0176417612693345	4
16	7	0.025	-7.495647591283231	4
16	8	0.025	-1.0525228224044756	4
16	9	0.025	-6.993455967961251	4
17	0	0.025	-1.5579668657654886	5
17	1	0.025	-7.430943292340964	5
17	2	0.025	-6.917611783090267	5
17	3	0.025	-6.253033316201211	5
17	4	0.025	-7.204750868110184	5
17	6	0.025	-4.062998274281366	5
17	7	0.025	-7.465696308906046	5
17	8	0.025	-6.80598427321979	5
17	9	0.025	-6.413873472322741	5
18	0	0.025	-5.973620044274143	3
18	1	0.025	-3.251017398252044	3
18	2	0.025	-5.874475487235556	3
18	4	0.025	-5.009907022873819	3
18	5	0.025	1.2281391200885232	3
18	6	0.025	-6.057349734022735	3
18	7	0.025	-6.0830485533566705	3
18	8	0.025	-6.062652731997867	3
18	9	0.025	-4.432118743654111	3
19	0	0.025	-4.700118377037139	4
19	1	0.025	0.23812155776265706	4
19	2	0.025	-4.439878763920374	4
19	3	0.025	-0.7259284212561847	4
19	5	0.025	-4.36306138513048	4
19	6	0.025	-4.689319831035986	4
19	7	0.025	-1.0312622180290498	4
19	8	0.025	2.0991052168572506	4
19	9	0.025	1.5769533147104544	4
20	1	0.025	-4.032395650795772	0
20	2	0.025	-1.8589284147960212	0
20	3	0.025	-3.4571212659037074	0
20	4	0.025	-3.9498606895276325	0
20	5	0.025	2.9954254929882924	0
20	6	0.025	-4.009938116254194	0
20	7	0.025	-2.652100837678452	0
20	8	0.025	0.34651354260292244	0
20	9	0.025	-3.2222700293377455	0
21	0	0.025	-0.219308639946646	6
21	1	0.025	2.7063220687012173	6
21	2	0.025	4.581375225534567	6
21	3	0.025	-0.8417859624860656	6
21	4	0.025	5.314105619038807	6
21	5	0.025	4.929078117249684	6
21	7	0.025	0.8787196957069987	6
21	8	0.025	5.122614595023973	6
21	9	0.025	0.8733430068339754	6
22	0	0.025	-2.1992689680543482	6
22	1	0.025	-0.23185997398142374	6
22	2	0.025	2.859836900605564	6
22	3	0.025	-1.1642554862264916	6
22	4	0.025	1.7264730027327346	6
22	5	0.025	-1.3095207889027973	6
22	7	0.025	-1.9160975475683302	6
22	8	0.025	4.363011520137413	6
22	9	0.025	-2.125768292675747	6
23	0	0.025	0.31126931108695094	3
23	1	0.025	5.681608166368583	3
23	2	0.025	5.716102877343542	3
23	4	0.025	-0.6681018225344335	3
23	5	0.025	6.527071914657356	3
23	6	0.025	-0.7359699069425684	3
23	7	0.025	-0.7824591233869802	3
23	8	0.025	-0.7751719483882544	3
23	9	0.025	1.2194505988336046	3
24	1	0.025	-7.550135072650558	0
24	2	0.025	-5.577024710489619	0
24	3	0.025	-7.517669218524393	0
24	4	0.025	-7.272715105737492	0
24	5	0.025	-6.251531004934755	0
24	6	0.025	-7.3273674729913845	0
24	7	0.025	-7.585672722401227	0
24	8	0.025	-7.597120695811903	0
24	9	0.025	-7.407350715261533	0
25	0	0.025	-6.575506534569644	2
25	1	0.025	-6.676668855284276	2
25	3	0.025	-7.159093750468275	2
25	4	0.025	-7.304820441735987	2
25	5	0.025	-7.472626263160224	2
25	6	0.025	-7.438779620199918	2
25	7	0.025	-7.580995336251051	2
25	8	0.025	-6.059524054722807	2
25	9	0.025	-6.882067509944673	2
26	0	0.025	-7.396937738756151	3
26	1	0.025	-7.418030303834229	3
26	2	0.025	-7.207583460652586	3
26	4	0.025	-7.3534930635189255	3
26	5	0.025	-7.368408652475864	3
26	6	0.025	-7.420936252469005	3
26	7	0.025	-7.464567245608691	3
26	8	0.025	-7.4120227694728555	3
26	9	0.025	-7.3735981156989965	3
27	0	0.025	0.39054996773748624	6
27	1	0.025	6.268581634513764	6
27	2	0.025	3.5273766707932306	6
27	3	0.025	5.809931303709039	6
27	4	0.025	6.652028302529643	6
27	5	0.025	6.625776181064641	6
27	7	0.025	-0.015367531544012124	6
27	8	0.025	7.546609074804884	6
27	9	0.025	0.14643228453706644	6
28	0	0.025	-7.459658956720498	6
28	1	0.025	-7.535357219132946	6
28	2	0.025	-5.066785250531015	6
28	3	0.025	-7.498398638177289	6
28	4	0.025	-6.6711240023661045	6
28	5	0.025	-6.475282994082847	6
28	7	0.025	-7.596420930626079	6
28	8	0.025	-4.528078635974779	6
28	9	0.025	-7.46999545973484	6
29	0	0.025	-4.84234219992496	7
29	1	0.025	-6.387453832353076	7
29	2	0.025	-0.025724404295416836	7
29	3	0.025	-5.816357327152485	7
29	4	0.025	-5.264254695132098	7
29	5	0.025	-6.524848427490936	7
29	6	0.025	-6.723461033946625	7
29	8	0.025	0.43580725474244897	7
29	9	0.025	-3.9358973983547467	7
30	0	0.025	-4.35821413064806	4
30	1	0.025	-5.786263601468983	4
30	2	0.025	-4.269182932774163	4
30	3	0.025	-5.965295850389528	4
30	5	0.025	-3.61233249119045	4
30	6	0.025	-3.487269439760468	4
30	7	0.025	0.4459863969189948	4
30	8	0.025	0.4730077986379743	4
30	9	0.025	-0.7004954185247342	4
31	0	0.025	7.5482543359002525	9
31	1	0.025	2.532686771484872	9
31	2	0.025	7.390714316668219	9
31	3	0.025	7.420664242482972	9
31	4	0.025	7.248161742171854	9
31	5	0.025	7.431777218173059	9
31	6	0.025	1.6579588713908995	9
31	7	0.025	7.424823568063718	9
32	0	0.025	-7.396937738756151	3
32	1	0.025	-7.418030303834229	3
32	2	0.025	-7.207583460652586	3
32	4	0.025	-7.3534930635189255	3
32	5	0.025	-7.368408652475864	3
32	6	0.025	-7.420936252469005	3
32	7	0.025	-7.464567245608691	3
32	8	0.025	-7.4120227694728555	3
32	9	0.025	-7.3735981156989965	3
33	0	0.025	0.25192639907898867	8
33	1	0.025	-1.292413178267437	8
33	2	0.025	4.9900396020996585	8
33	3	0.025	3.3661385674819946	8
33	4	0.025	-1.0462975120205829	8
33	5	0.025	-0.6140519456747953	8
33	6	0.025	-1.4861984147278073	8
33	7	0.025	-1.7497409907639467	8
33	9	0.025	0.6777394672669665	8
35	0	0.025	-7.395566606609728	5
35	1	0.025	-7.4457526241327745	5
35	2	0.025	-7.267392564511889	5
35	3	0.025	-7.1556597570554334	5
35	4	0.025	-7.361944009678991	5
35	6	0.025	-7.333632963536048	5
35	7	0.025	-7.4918870751695135	5
35	8	0.025	-7.382873134785235	5
35	9	0.025	-7.411950787696271	5
36	0	0.025	-4.821563446330239	4
36	1	0.025	-4.938946411872374	4
36	2	0.025	-2.381286549292518	4
36	3	0.025	-4.902392045175182	4
36	5	0.025	-4.891901148635232	4
36	6	0.025	1.4659571410070942	4
36	7	0.025	-3.6666559535569987	4
36	8	0.025	2.526817968267283	4
36	9	0.025	-4.252816045345009	4
37	0	0.025	-0.3329906223554105	2
37	1	0.025	1.1211214808970378	2
37	3	0.025	7.043346403347252	2
37	4	0.025	0.8810706630649706	2
37	5	0.025	-0.2951197591532176	2
37	6	0.025	1.020798126405169	2
37	7	0.025	1.0472757981567562	2
37	8	0.025	3.282141784887631	2
37	9	0.025	-0.276117247943132	2
38	0	0.025	-1.4472389981230995	5
38	1	0.025	-4.302668596868697	5
38	2	0.025	-2.6835586782780845	5
38	3	0.025	-3.271725352851827	5
38	4	0.025	-4.470854686682533	5
38	6	0.025	2.050003229937599	5
38	7	0.025	-3.8637070208599	5
38	8	0.025	2.2875233771816705	5
38	9	0.025	-4.4582172000022435	5
39	0	0.025	7.220908688510196	5
39	1	0.025	7.067973176779987	5
39	2	0.025	7.435188539202146	5
39	3	0.025	7.458388775245256	5
39	4	0.025	4.718960008082665	5
39	6	0.025	7.087606252916855	5
39	7	0.025	2.8255588034118952	5
39	8	0.025	6.900227317916989	5
39	9	0.025	6.90349891112194	5
40	0	0.025	0.7260945607816081	8
40	1	0.025	-0.36077913093085956	8
40	2	0.025	-1.5949288688605985	8
40	3	0.025	4.124240764028202	8
40	4	0.025	-1.8384380552378823	8
40	5	0.025	2.448953230926867	8
40	6	0.025	-1.1252195856499245	8
40	7	0.025	-1.9592850467641412	8
40	9	0.025	0.980107322006808	8
41	0	0.025	-7.395014990587729	5
41	1	0.025	-7.443944582936988	5
41	2	0.025	-7.267375766710263	5
41	3	0.025	-6.782656104188938	5
41	4	0.025	-7.362303087809522	5
41	6	0.025	-7.442423557918779	5
41	7	0.025	-7.492487030298657	5
41	8	0.025	-7.386629231235835	5
41	9	0.025	-7.411333784319295	5
42	0	0.025	-7.455758088027128	2
42	1	0.025	-7.463801574612467	2
42	3	0.025	-2.068422800543211	2
42	4	0.025	-7.397560624479097	2
42	5	0.025	-7.427737592889022	2
42	6	0.025	-5.622793574644996	2
42	7	0.025	-7.503988226958053	2
42	8	0.025	-6.1612975508662196	2
42	9	0.025	-7.1123034261476015	2
43	0	0.025	1.5368415692047666	9
44	0	0.025	-7.430552986527948	2
44	1	0.025	-7.493012010093327	2
44	3	0.025	-4.033854879270314	2
44	4	0.025	-7.418899049530223	2
44	5	0.025	-7.453982034852912	2
44	6	0.025	-3.023348816522026	2
44	7	0.025	-7.557087761399221	2
44	8	0.025	-7.55682691622399	2
44	9	0.025	-7.4148468250004305	2
45	0	0.025	-7.469532646919091	4
45	1	0.025	-7.481115656759315	4
45	2	0.025	-6.8925890607768014	4
45	3	0.025	-7.456816526226696	4
45	5	0.025	-7.434431471709745	4
45	6	0.025	-5.653749311082067	4
45	7	0.025	-6.858014731706638	4
45	8	0.025	-2.4361029474344957	4
45	9	0.025	-7.3446388418826185	4
46	0	0.025	-7.510406052815311	2
46	1	0.025	-7.354095074646815	2
46	3	0.025	-7.478914102756862	2
46	4	0.025	-7.456634747914319	2
46	5	0.025	-7.496249066781951	2
46	6	0.025	-7.472842647611935	2
46	7	0.025	-7.603897918199438	2
46	8	0.025	-7.5381494008684236	2
46	9	0.025	-7.475139125973618	2
47	0	0.025	0.8987225558432038	7
47	1	0.025	5.02983761760781	7
47	2	0.025	7.0991629980731314	7
47	3	0.025	7.535831836026701	7
47	4	0.025	0.9229524332517028	7
47	5	0.025	3.5446055265588705	7
47	6	0.025	1.4378114661531132	7
47	8	0.025	6.314515197527209	7
47	9	0.025	6.949532234135051	7
48	1	0.025	-7.561346572730847	0
48	2	0.025	-7.375850239231113	0
48	3	0.025	-7.528883724905945	0
48	4	0.025	-7.490391080786716	0
48	5	0.025	-7.439188123982942	0
48	6	0.025	-7.406187502620251	0
48	7	0.025	-7.595912075339194	0
48	8	0.025	-7.414948446388062	0
48	9	0.025	-7.540883859040363	0
49	0	0.025	-7.395564453812957	5
49	1	0.025	-7.445985441585407	5
49	2	0.025	-7.268438033865236	5
49	3	0.025	-7.257844033789441	5
49	4	0.025	-7.362303087809522	5
49	6	0.025	-7.443771355745298	5
49	7	0.025	-7.240276819321154	5
49	8	0.025	-7.3781638081906395	5
49	9	0.025	-7.412606426324521	5
50	0	0.025	-6.060848446905836	1
50	2	0.025	-6.883558688895472	1
50	3	0.025	-7.477430431844754	1
50	4	0.025	-5.1661407412910405	1
50	5	0.025	-7.48431379367159	1
50	6	0.025	-7.503323166091119	1
50	7	0.025	-7.492088522944569	1
50	8	0.025	-5.244166987458799	1
50	9	0.025	-6.320282778316812	1
51	1	0.025	-7.512245196064083	0
51	2	0.025	-1.805167207625598	0
51	3	0.025	-7.455059746222788	0
51	4	0.025	-4.043883947360085	0
51	5	0.025	-5.690179921053378	0
51	6	0.025	-6.654629993498502	0
51	7	0.025	-7.0346416048548726	0
51	8	0.025	-3.769028772973467	0
51	9	0.025	-4.457561031665718	0
52	0	0.025	-3.059948951253724	7
52	1	0.025	-4.150927098719075	7
52	2	0.025	-1.0240965995279516	7
52	3	0.025	1.8929471515880565	7
52	4	0.025	-5.027812117835759	7
52	5	0.025	-5.08904847805484	7
52	6	0.025	-5.12869949945895	7
52	8	0.025	-1.6640211304495964	7
52	9	0.025	-2.785383548415403	7
53	0	0.025	-4.91088678812625	9
53	1	0.025	-4.916331280295186	9
53	2	0.025	-4.726790534471995	9
53	3	0.025	-4.901063970245688	9
53	4	0.025	0.36311860845297417	9
53	5	0.025	-4.743677353522143	9
53	6	0.025	-4.8964616101657175	9
53	7	0.025	-1.6060989957613079	9
53	8	0.025	-3.0117494556599262	9
54	0	0.025	-6.146068498583286	9
54	1	0.025	-6.672727310422216	9
54	2	0.025	-6.234445400400081	9
54	3	0.025	-6.6538426393811365	9
54	4	0.025	-0.06423663340398594	9
54	5	0.025	-6.45999999883627	9
54	6	0.025	-6.652546588172809	9
54	7	0.025	-4.8308217353985325	9
54	8	0.025	-6.690415087682118	9
55	0	0.025	-4.786192376666192	9
55	1	0.025	-5.169683005204897	9
55	2	0.025	-4.9813539108519045	9
55	3	0.025	-5.1151693551098285	9
55	4	0.025	-0.727420272207247	9
55	5	0.025	-4.990879626320025	9
55	6	0.025	-5.1634170066837255	9
55	7	0.025	-3.429069481541645	9
55	8	0.025	-0.5121817514573811	9
56	0	0.025	-7.482971703595202	6
56	1	0.025	-7.549856988442883	6
56	2	0.025	-7.3621152984507585	6
56	3	0.025	-7.520951315470522	6
56	4	0.025	-7.4323756538691335	6
56	5	0.025	-7.5129551662745495	6
56	7	0.025	-7.609697154198462	6
56	8	0.025	-7.379846700443051	6
56	9	0.025	-7.493728627329169	6
57	0	0.025	-4.938561376760424	5
57	1	0.025	-5.354722164731469	5
57	2	0.025	-5.157974925088511	5
57	3	0.025	-2.767143976592633	5
57	4	0.025	-5.25219947135242	5
57	6	0.025	-5.344918011761016	5
57	7	0.025	-5.379714388371415	5
57	8	0.025	-5.126090397757281	5
57	9	0.025	-0.8752434473479983	5
58	0	0.025	-7.5056962542251995	8
58	1	0.025	-7.536027650858668	8
58	2	0.025	-7.3278545773663595	8
58	3	0.025	-7.522526586633465	8
58	4	0.025	-7.461543814604224	8
58	5	0.025	-7.484155239498768	8
58	6	0.025	-7.534436459281551	8
58	7	0.025	-7.57615213527657	8
58	9	0.025	-6.962804121690365	8
59	0	0.025	-7.4659360138354804	8
59	1	0.025	-7.524450537986869	8
59	2	0.025	-7.0418156302032235	8
59	3	0.025	-7.501253081742065	8
59	4	0.025	-7.449380433392161	8
59	5	0.025	-7.470533148455031	8
59	6	0.025	-7.492509436591503	8
59	7	0.025	-7.559467283949607	8
59	9	0.025	-7.299938761098025	8
60	0	0.025	-7.481065855273632	6
60	1	0.025	-7.546675102052527	6
60	2	0.025	-7.361214375789822	6
60	3	0.025	-7.519060572249416	6
60	4	0.025	-7.433372827660747	6
60	5	0.025	-7.51229348692786	6
60	7	0.025	-7.608653917449051	6
60	8	0.025	-7.430740137442468	6
60	9	0.025	-7.493361926061553	6
61	0	0.025	-7.2610408759810845	9
61	1	0.025	-7.272518942987502	9
61	2	0.025	-7.106653150373283	9
61	3	0.025	-5.184367549540861	9
61	4	0.025	-7.132614027299562	9
61	5	0.025	-6.4357667266389	9
61	6	0.025	-7.272352502824815	9
61	7	0.025	-7.266044659497701	9
61	8	0.025	-7.047672413652988	9
62	0	0.025	6.777383074638118	9
62	1	0.025	-0.06978235483780187	9
62	2	0.025	0.15858780527800212	9
62	3	0.025	-0.04720446902623571	9
62	4	0.025	6.748647368841691	9
62	5	0.025	-0.026061726265121002	9
62	6	0.025	-0.015700941538072787	9
62	7	0.025	-0.08117632050997542	9
62	8	0.025	6.816894882016607	9
63	0	0.025	-1.5353871746025438	5
63	1	0.025	-0.844359911911639	5
63	2	0.025	-2.6921604446819583	5
63	3	0.025	0.41954078886471313	5
63	4	0.025	-3.2359151942729807	5
63	6	0.025	-3.506372075150409	5
63	7	0.025	-2.4748845340588175	5
63	8	0.025	-0.2890817944605862	5
63	9	0.025	-1.2386359367158017	5
64	0	0.025	-2.442761513687416	4
64	1	0.025	-2.360173033891749	4
64	2	0.025	2.3846737833949376	4
64	3	0.025	2.0048826563333866	4
64	5	0.025	-1.93639649789021	4
64	6	0.025	2.1075884566352676	4
64	7	0.025	4.741672301687409	4
64	8	0.025	3.0389381385514804	4
64	9	0.025	2.4108243785789556	4
65	0	0.025	-5.577063532983884	2
65	1	0.025	-5.582097567831525	2
65	3	0.025	1.5952630426273042	2
65	4	0.025	-5.517580091670525	2
65	5	0.025	-5.5445398881310455	2
65	6	0.025	-4.882575835163781	2
65	7	0.025	-5.633876368612789	2
65	8	0.025	-5.622518387373586	2
65	9	0.025	-5.519812909799366	2
66	0	0.025	-7.447017747150275	6
66	1	0.025	-7.525177818668054	6
66	2	0.025	-7.350522514170915	6
66	3	0.025	-7.48787769766802	6
66	4	0.025	-4.238690161183732	6
66	5	0.025	-6.058207566446937	6
66	7	0.025	-7.578399682469316	6
66	8	0.025	-5.48777551274084	6
66	9	0.025	-7.452762873060303	6
67	0	0.025	-7.502848430375798	8
67	1	0.025	-7.536493274497681	8
67	2	0.025	-7.328275605932331	8
67	3	0.025	-6.701773644954491	8
67	4	0.025	-7.461656347659115	8
67	5	0.025	-7.483906342959946	8
67	6	0.025	-7.535424810514456	8
67	7	0.025	-7.576549386411683	8
67	9	0.025	-7.479543812556014	8
68	0	0.025	0.01272014398359613	1
68	2	0.025	6.199618686494483	1
68	3	0.025	7.28310431864724	1
68	4	0.025	2.3123947771092546	1
68	5	0.025	6.203510108520036	1
68	6	0.025	1.7385036460195298	1
68	7	0.025	5.500370768979292	1
68	8	0.025	6.437911996295295	1
68	9	0.025	4.638212848345655	1
69	1	0.025	-7.229826653299046	0
69	2	0.025	-6.864853869297433	0
69	3	0.025	-7.188062770083983	0
69	4	0.025	-3.515096933210154	0
69	5	0.025	-6.660255872604053	0
69	6	0.025	-2.444342344975567	0
69	7	0.025	-7.033753334151758	0
69	8	0.025	-7.170068712631533	0
69	9	0.025	-7.187799244579147	0
70	0	0.025	-7.479621569200017	6
70	1	0.025	-7.546806916215592	6
70	2	0.025	-7.357637018702172	6
70	3	0.025	-7.518416771258811	6
70	4	0.025	-7.2622145228971045	6
70	5	0.025	-7.409804914600052	6
70	7	0.025	-7.608285834111705	6
70	8	0.025	-7.029515341249792	6
70	9	0.025	-7.492237397137303	6
71	0	0.025	-0.6189786729968026	9
71	1	0.025	-5.459998815396736	9
71	2	0.025	-5.267857874834177	9
71	3	0.025	0.1776333115046822	9
71	4	0.025	-1.4879093557135714	9
71	5	0.025	-1.8707872504218166	9
71	6	0.025	-5.450692330048762	9
71	7	0.025	-4.837610345459137	9
71	8	0.025	-3.5528180525537367	9
72	0	0.025	-2.6249181357812206	5
72	1	0.025	-2.7302862156431122	5
72	2	0.025	-5.676077700079053	5
72	3	0.025	-4.082894625809882	5
72	4	0.025	-6.212641357498245	5
72	6	0.025	-6.27048808358797	5
72	7	0.025	-4.822531572183905	5
72	8	0.025	-4.237634895301934	5
72	9	0.025	-6.234912602307505	5
73	0	0.025	-7.395436891314752	5
73	1	0.025	-7.445620364322043	5
73	2	0.025	-7.267393366058869	5
73	3	0.025	-7.150805766662975	5
73	4	0.025	-7.361781259598088	5
73	6	0.025	-7.340547186419607	5
73	7	0.025	-7.491087171945738	5
73	8	0.025	-6.921189249650168	5
73	9	0.025	-6.92265128101694	5
74	0	0.025	-7.497757218282715	4
74	1	0.025	-7.500482578607466	4
74	2	0.025	-7.320529766521012	4
74	3	0.025	-7.478895157366225	4
74	5	0.025	-7.4602606863227985	4
74	6	0.025	-7.466154677454512	4
74	7	0.025	-7.249005317107724	4
74	8	0.025	-7.5376351158867205	4
74	9	0.025	-7.369562545614276	4
75	0	0.025	-0.38866372195860427	1
75	2	0.025	5.81414039145483	1
75	3	0.025	6.452129598594296	1
75	4	0.025	3.3305895879232725	1
75	5	0.025	0.30011300902797144	1
75	6	0.025	4.601881873850426	1
75	7	0.025	5.445877194326	1
75	8	0.025	6.036428689696597	1
75	9	0.025	0.7965591400545555	1
76	0	0.025	-2.2342534201053326	6
76	1	0.025	-0.25679102626195105	6
76	2	0.025	3.7753946817901824	6
76	3	0.025	1.620983368466855	6
76	4	0.025	0.8997330660290516	6
76	5	0.025	-2.193117284849782	6
76	7	0.025	-2.3358254610950824	6
76	8	0.025	2.985550451732656	6
76	9	0.025	-2.2045867601113303	6
77	0	0.025	-6.153916344565063	7
77	1	0.025	-6.162692934914877	7
77	2	0.025	-5.7941038759753125	7
77	3	0.025	0.08727269278839933	7
77	4	0.025	-6.07493986599071	7
77	5	0.025	-6.137888306915009	7
77	6	0.025	-6.171327772988156	7
77	8	0.025	-6.185264020638166	7
77	9	0.025	-6.014507860938043	7
78	0	0.025	5.388653400174617	5
78	1	0.025	-0.9343799467343573	5
78	2	0.025	-1.1878035505707454	5
78	3	0.025	-0.9171458249188804	5
78	4	0.025	0.8719226924501869	5
78	6	0.025	-1.1208650062355088	5
78	7	0.025	-1.4063935038112663	5
78	8	0.025	1.196166655511843	5
78	9	0.025	1.7929278046758192	5
79	0	0.025	-5.224518031924764	2
79	1	0.025	-5.019210938468984	2
79	3	0.025	1.3345228959798423	2
79	4	0.025	1.3425317781928592	2
79	5	0.025	-4.763260130390535	2
79	6	0.025	-0.847661519674296	2
79	7	0.025	1.6363961605273656	2
79	8	0.025	-0.8471222068293849	2
79	9	0.025	-5.092294357734081	2
80	0	0.025	-0.13757552983055535	9
80	1	0.025	1.0232832711974886	9
80	2	0.025	-0.09709607019159483	9
80	3	0.025	3.8245127148143157	9
80	4	0.025	7.112565363668685	9
80	5	0.025	-0.27470053512180864	9
80	6	0.025	-0.29152197036966737	9
80	7	0.025	2.715757901099724	9
80	8	0.025	-0.33278119131164985	9
81	1	0.025	-7.528194409804182	0
81	2	0.025	-6.059803756887524	0
81	3	0.025	-7.471388671064354	0
81	4	0.025	-4.023194869494356	0
81	5	0.025	-7.01708414572381	0
81	6	0.025	-1.427529763712002	0
81	7	0.025	-7.568753418073687	0
81	8	0.025	-7.238478733599534	0
81	9	0.025	-7.165436346082714	0
82	0	0.025	-4.026617048221869	6
82	1	0.025	-7.537475859640297	6
82	2	0.025	-6.573342446874992	6
82	3	0.025	-7.50826013054269	6
82	4	0.025	-7.033111248189064	6
82	5	0.025	-7.50513148307683	6
82	7	0.025	-7.596285418148522	6
82	8	0.025	-6.014694997295577	6
82	9	0.025	-7.473867525860654	6
83	0	0.025	-7.10710148296506	4
83	1	0.025	-7.466692315199132	4
83	2	0.025	-7.095653992227231	4
83	3	0.025	-7.4283573620813	4
83	5	0.025	-7.4347749532507	4
83	6	0.025	-4.660273438951214	4
83	7	0.025	-4.6554123126008236	4
83	8	0.025	-2.874893300223399	4
83	9	0.025	-3.763502664519574	4
84	0	0.025	-7.493749443051533	4
84	1	0.025	-7.49027502487987	4
84	2	0.025	-7.311832921961708	4
84	3	0.025	-7.466768385460093	4
84	5	0.025	-7.452247482458689	4
84	6	0.025	-7.459570375765367	4
84	7	0.025	-5.421848250708455	4
84	8	0.025	-5.64921466400693	4
84	9	0.025	-6.732789795017403	4
85	0	0.025	-0.3838169638402045	2
85	1	0.025	-0.39848606469183695	2
86	0	0.025	-0.7768270164168113	8
86	1	0.025	0.3017899857380183	8
86	2	0.025	2.154916209056209	8
86	3	0.025	5.598830281650811	8
86	4	0.025	5.936020670129918	8
86	5	0.025	3.050195237182129	8
86	6	0.025	-0.725981700452284	8
86	7	0.025	-0.826959013632009	8
86	9	0.025	5.400709384615951	8
87	0	0.025	-7.373423601718301	7
87	1	0.025	-7.541615326738613	7
87	2	0.025	-6.820174156925253	7
87	3	0.025	-6.121677119415277	7
87	4	0.025	-5.896014896406817	7
87	5	0.025	-7.509676713657876	7
87	6	0.025	-7.5568925599266885	7
87	8	0.025	-7.486508288482567	7
87	9	0.025	-7.4632408703526805	7
88	0	0.025	-7.491359589762822	8
88	1	0.025	-7.526064603026436	8
88	2	0.025	-6.580570796286491	8
88	3	0.025	-6.8200555629389426	8
88	4	0.025	-7.453027622855889	8
88	5	0.025	-7.4725960668713025	8
88	6	0.025	-7.505526499844953	8
88	7	0.025	-7.563108747484953	8
88	9	0.025	-7.462205001145531	8
89	0	0.025	-4.087865545734342	3
89	1	0.025	-4.0388172787325	3
89	2	0.025	-3.7430562557839924	3
89	4	0.025	-4.0527408069074875	3
89	5	0.025	2.5020763405872275	3
89	6	0.025	-4.126674230655874	3
89	7	0.025	-4.16904745268298	3
89	8	0.025	0.22872770476905924	3
89	9	0.025	-3.2034737718168085	3
90	1	0.025	-7.55771160468456	0
90	2	0.025	-6.460966782098744	0
90	3	0.025	-7.522941731556823	0
90	4	0.025	-7.483682866106629	0
90	5	0.025	-7.3109995467507245	0
90	6	0.025	-7.008492470932723	0
90	7	0.025	-7.590094200528039	0
90	8	0.025	-7.5989535446631935	0
90	9	0.025	-6.789748929338631	0
91	0	0.025	-7.275557841630566	9
91	1	0.025	-7.2810479912225485	9
91	2	0.025	-7.109435876029107	9
91	3	0.025	-7.266146186528847	9
91	4	0.025	-7.009861702061416	9
91	5	0.025	-7.253392551652808	9
91	6	0.025	-7.289743038328451	9
91	7	0.025	-7.275351210085251	9
91	8	0.025	-3.9432802041615607	9
92	1	0.025	-7.547026346147521	0
92	2	0.025	-6.408779591601572	0
92	3	0.025	-7.50804244241805	0
92	4	0.025	-5.460315828087564	0
92	5	0.025	-4.491721297606689	0
92	6	0.025	-7.169363015088219	0
92	7	0.025	-7.580137868157731	0
92	8	0.025	-7.200053530650282	0
92	9	0.025	-7.507852371918305	0
93	0	0.025	-3.5101849173501765	1
93	2	0.025	-3.324319610923223	1
93	3	0.025	-2.041686885427067	1
93	4	0.025	-0.7361566869334019	1
93	5	0.025	-2.828856227767553	1
93	6	0.025	-3.528287214308527	1
93	7	0.025	-3.540013811732307	1
93	8	0.025	3.4814315364349735	1
93	9	0.025	1.6517393170629326	1
94	0	0.025	-7.332489225902888	1
94	2	0.025	-6.746535994562721	1
94	3	0.025	-0.15327051139273795	1
94	4	0.025	-1.5108292554546696	1
94	5	0.025	-5.656302454543451	1
94	6	0.025	-4.841314285348888	1
94	7	0.025	-7.249808130197203	1
94	8	0.025	-0.9779433796513828	1
94	9	0.025	-4.188660742139152	1
95	0	0.025	-1.9997028058099402	9
95	1	0.025	-7.1046550178579375	9
95	2	0.025	-6.92678578712474	9
95	3	0.025	-3.654348109982263	9
95	4	0.025	-6.994030302983202	9
95	5	0.025	-5.942698423385416	9
95	6	0.025	-7.114394209396989	9
95	7	0.025	-4.505336343167879	9
95	8	0.025	-7.1176007714881235	9
96	0	0.025	-7.497154801033394	4
96	1	0.025	-7.492804322712019	4
96	2	0.025	-7.318198140444015	4
96	3	0.025	-7.473499085585382	4
96	5	0.025	-7.457487642918705	4
96	6	0.025	-7.465384095797683	4
96	7	0.025	-6.4852459902385675	4
96	8	0.025	-7.5334558826042075	4
96	9	0.025	-7.056425139745719	4
97	0	0.025	-5.3804975624128195	5
97	1	0.025	-4.599277312986466	5
97	2	0.025	-5.195734523307253	5
97	3	0.025	1.6661732721062903	5
97	4	0.025	-5.580633787826225	5
97	6	0.025	-4.528193237796917	5
97	7	0.025	-4.481679328504279	5
97	8	0.025	0.5630685865864635	5
97	9	0.025	-5.587406362681818	5
98	0	0.025	2.307650052958304	9
98	1	0.025	-0.24844396500126087	9
98	2	0.025	2.2521058205976034	9
98	3	0.025	0.2741632105559081	9
98	4	0.025	7.2155240245544086	9
98	5	0.025	5.021362734462114	9
98	6	0.025	4.4276180036220305	9
98	7	0.025	6.594145760579092	9
98	8	0.025	3.0910255032194045	9
100	0	0.025	-6.31435933412473	6
100	1	0.025	-6.820658149651559	6
100	2	0.025	-7.002426595747164	6
100	3	0.025	-7.4864700997367954	6
100	4	0.025	-4.217240825225687	6
100	5	0.025	-7.109170333950628	6
100	7	0.025	-7.578405945816042	6
100	8	0.025	-0.36703051755365573	6
100	9	0.025	-6.907908014034588	6
101	0	0.025	-5.733717693983609	6
101	1	0.025	-5.748299891169969	6
101	2	0.025	-5.643890060599149	6
101	3	0.025	-5.731692692060123	6
101	4	0.025	-4.8870244613405465	6
101	5	0.025	1.4095412510518655	6
101	7	0.025	-5.86603498542112	6
101	8	0.025	-0.9518844752360743	6
101	9	0.025	-5.7401638142946965	6
102	1	0.025	-7.561286165681087	0
102	2	0.025	-7.043344034586497	0
102	3	0.025	-7.528407280587164	0
102	4	0.025	-7.491470948481549	0
102	5	0.025	-7.520695882873042	0
102	6	0.025	-7.507638824157449	0
102	7	0.025	-7.595624843741039	0
102	8	0.025	-7.602876944991129	0
102	9	0.025	-7.541439411758462	0
103	0	0.025	-6.522710853957066	7
103	1	0.025	-7.550318518793032	7
103	2	0.025	-7.320334380366951	7
103	3	0.025	-6.196432070976072	7
103	4	0.025	-7.000545162003692	7
103	5	0.025	-5.864548844684969	7
103	6	0.025	-7.570607177294952	7
103	8	0.025	-7.586362145224565	7
103	9	0.025	-7.467253920235321	7
105	0	0.025	0.07228624537705554	8
105	1	0.025	0.6309414310126917	8
105	2	0.025	6.5872163824079655	8
105	3	0.025	7.474888148629347	8
105	4	0.025	2.613159720822421	8
105	5	0.025	0.17464679628291158	8
105	6	0.025	0.07002418174665624	8
105	7	0.025	0.11532193756052875	8
105	9	0.025	5.527499566822031	8
106	0	0.025	1.8144434667016218	4
106	1	0.025	-0.3497643405455545	4
106	2	0.025	4.785836060361609	4
106	3	0.025	-1.3755825550776517	4
106	5	0.025	4.9716420004361845	4
106	6	0.025	5.489181480750532	4
106	7	0.025	3.7906169262973415	4
106	8	0.025	3.4893482605445674	4
106	9	0.025	2.4623323857079944	4
107	0	0.025	-6.355904038918017	8
107	1	0.025	-7.001398755813659	8
107	2	0.025	-5.467613550248379	8
107	3	0.025	-2.1992843714836305	8
107	4	0.025	-6.928935396832238	8
107	5	0.025	-4.010321729326563	8
107	6	0.025	-6.993619521853255	8
107	7	0.025	-3.5668746936055764	8
107	9	0.025	-6.931407032312803	8
109	0	0.025	0.057500213057104566	1
109	2	0.025	4.547772462527389	1
109	3	0.025	7.432785772052224	1
109	4	0.025	6.513167163632584	1
109	5	0.025	4.98947425403035	1
109	6	0.025	5.255013051236953	1
109	7	0.025	3.1806069067800045	1
109	8	0.025	7.3296393468166885	1
109	9	0.025	5.757367937324726	1
110	0	0.025	-0.8074084908098982	8
110	1	0.025	-0.8576898163195329	8
110	2	0.025	0.28401778754273443	8
110	3	0.025	2.8125927981530023	8
110	4	0.025	-0.7720076883971687	8
110	5	0.025	6.200418644718705	8
110	6	0.025	-0.8407446313905693	8
110	7	0.025	-0.8956663191120992	8
110	9	0.025	3.0010286233127044	8
111	1	0.025	-7.3855835410571995	0
111	2	0.025	-6.9051543526260355	0
111	3	0.025	-7.488938506247989	0
111	4	0.025	-7.442831882780967	0
111	5	0.025	-3.051131301908938	0
111	6	0.025	-1.9170548660851772	0
111	7	0.025	-6.7465700647309035	0
111	8	0.025	-6.055315495190831	0
111	9	0.025	-4.473026023394452	0
112	0	0.025	2.8380036894108036	2
112	1	0.025	-1.858805740505132	2
112	3	0.025	2.6012596904108487	2
112	4	0.025	-2.912286202194321	2
112	5	0.025	-2.901408226816337	2
112	6	0.025	-2.9418701847951665	2
112	7	0.025	-3.0125884669025096	2
112	8	0.025	3.690700701423303	2
112	9	0.025	-1.9544049094874403	2
113	0	0.025	-4.153188924669732	9
113	1	0.025	-3.014398649756929	9
113	2	0.025	-5.417739064019878	9
113	3	0.025	-3.16687479063504	9
113	4	0.025	-4.142068389202882	9
113	5	0.025	-5.17447160839227	9
113	6	0.025	-5.6210652856061305	9
113	7	0.025	-2.1412299839124334	9
113	8	0.025	1.277373699891037	9
114	0	0.025	-0.268891269073298	1
114	2	0.025	0.18933167676387966	1
114	3	0.025	-3.6198185057109087	1
114	4	0.025	1.0339510778485275	1
114	5	0.025	-2.3135056991376057	1
114	6	0.025	3.015825721216848	1
114	7	0.025	-3.208810583996653	1
114	8	0.025	3.5767272568303903	1
114	9	0.025	-0.6989492554517521	1
115	1	0.025	-6.790120549153588	0
115	2	0.025	-6.597256100163277	0
115	3	0.025	-7.4958858411762765	0
115	4	0.025	-6.438059252076122	0
115	5	0.025	-2.6371057751686378	0
115	6	0.025	-4.623544180427566	0
115	7	0.025	-7.559180034908987	0
115	8	0.025	-7.576792430704723	0
115	9	0.025	-5.462475438089067	0
116	0	0.025	-5.966183062338746	3
116	1	0.025	-2.6549001636200757	3
116	2	0.025	-0.8513414027474716	3
116	4	0.025	-5.816774019922039	3
116	5	0.025	-5.846571005118342	3
116	6	0.025	-5.988909292947376	3
116	7	0.025	-6.032809823314958	3
116	8	0.025	-1.9515083362346723	3
116	9	0.025	-4.465568457216846	3
117	0	0.025	-5.302257608113957	9
117	1	0.025	-6.212235595748796	9
117	2	0.025	-5.937227440312492	9
117	3	0.025	0.8220114331981683	9
117	4	0.025	-6.082459987092448	9
117	5	0.025	-5.91301186084537	9
117	6	0.025	-6.218523635662226	9
117	7	0.025	-5.07531568128072	9
117	8	0.025	-5.185206386757407	9
118	0	0.025	-7.554886571072538	7
118	1	0.025	-7.553509905001894	7
118	2	0.025	-6.748057485553376	7
118	3	0.025	-7.163421664627218	7
118	4	0.025	-7.454576398405206	7
118	5	0.025	-7.537166847788693	7
118	6	0.025	-7.57724575200239	7
118	8	0.025	-7.5851406399910495	7
118	9	0.025	-5.16756484402696	7
119	1	0.025	-7.561267872925284	0
119	2	0.025	-7.053610275331863	0
119	3	0.025	-7.527987767321868	0
119	4	0.025	-7.491365816568052	0
119	5	0.025	-7.4937303428747395	0
119	6	0.025	-7.120831508930166	0
119	7	0.025	-7.5950379276624265	0
119	8	0.025	-7.602316166087134	0
119	9	0.025	-7.540409180477871	0
120	0	0.025	-7.497072756092534	4
120	1	0.025	-7.50081052638947	4
120	2	0.025	-7.319082422151454	4
120	3	0.025	-7.478617201505084	4
120	5	0.025	-7.45927221473506	4
120	6	0.025	-7.465961982196016	4
120	7	0.025	-6.849148850401941	4
120	8	0.025	-7.536897701399351	4
120	9	0.025	-7.369511280254777	4
121	0	0.025	-6.618582960484611	9
121	1	0.025	-7.269646350455064	9
121	2	0.025	-7.09851738643212	9
121	3	0.025	-7.259768697051017	9
121	4	0.025	-6.276769140651278	9
121	5	0.025	-7.245241759285729	9
121	6	0.025	-7.267422093455177	9
121	7	0.025	-7.265398774158365	9
121	8	0.025	-6.906793599594054	9
122	0	0.025	2.0728021212718066	6
122	1	0.025	-3.9595633995827013	6
122	2	0.025	0.41971935947618083	6
122	3	0.025	-4.187031058928771	6
122	4	0.025	-4.134710043542388	6
122	5	0.025	-4.148839380593819	6
122	7	0.025	-4.270896189973927	6
122	8	0.025	2.7788790295601404	6
122	9	0.025	-3.496773787906571	6
123	0	0.025	-0.16437110241102623	8
123	1	0.025	-0.1985276429883894	8
123	2	0.025	4.834898062328662	8
123	3	0.025	6.7304527406101275	8
123	4	0.025	-0.09882748483590323	8
123	5	0.025	3.528762359704779	8
123	6	0.025	-0.18357495586748593	8
123	7	0.025	2.2881417298271023	8
123	9	0.025	3.7637058999269515	8
124	0	0.025	-4.398889701079653	9
124	1	0.025	-5.5715882615243775	9
124	2	0.025	-5.125834177280469	9
124	3	0.025	1.0523380460191403	9
124	4	0.025	-1.6579957883239633	9
124	5	0.025	-2.0844921443161	9
124	6	0.025	-5.561311792394163	9
124	7	0.025	-2.927384952367229	9
124	8	0.025	-1.327777867936412	9
125	0	0.025	-7.3968180307160765	3
125	1	0.025	-7.417912341246061	3
125	2	0.025	-7.2071998218587705	3
125	4	0.025	-7.352770163476227	3
125	5	0.025	-7.36823893291133	3
125	6	0.025	-7.420936252469005	3
125	7	0.025	-7.462453821473863	3
125	8	0.025	-7.409782718685051	3
125	9	0.025	-7.371577480517695	3
126	0	0.025	6.305216214496639	5
126	1	0.025	6.885476630340394	5
126	2	0.025	2.3868452214866713	5
126	3	0.025	7.388757315668655	5
126	4	0.025	5.392554634674097	5
126	6	0.025	6.82173263411612	5
126	7	0.025	0.19273178190032025	5
126	8	0.025	7.435340572890939	5
126	9	0.025	4.928821719988263	5
127	0	0.025	-7.321534611053883	4
127	1	0.025	-6.664052589252531	4
127	2	0.025	-6.109215610973659	4
127	3	0.025	-6.606416022007356	4
127	5	0.025	-7.167213183074082	4
127	6	0.025	-0.7008171834547938	4
127	7	0.025	-0.9730997099918481	4
127	8	0.025	-3.3531022091628246	4
127	9	0.025	-6.901770067738438	4
128	0	0.025	-7.392479308666793	3
128	1	0.025	-7.41577897490762	3
128	2	0.025	-7.107488739652643	3
128	4	0.025	-7.348052617720584	3
128	5	0.025	-7.366983713832861	3
128	6	0.025	-7.419707822975235	3
128	7	0.025	-7.340909062585623	3
128	8	0.025	-7.401146494259511	3
128	9	0.025	-6.478825629709646	3
129	0	0.025	-7.50183672011178	2
129	1	0.025	-7.521455518550869	2
129	3	0.025	-7.476797912767705	2
129	4	0.025	-7.453155273276246	2
129	5	0.025	-7.4938733995554445	2
129	6	0.025	-7.467610508291395	2
129	7	0.025	-7.602740502822337	2
129	8	0.025	-7.074090853695924	2
129	9	0.025	-7.47001914971489	2
130	0	0.025	-1.7630069496611747	2
130	1	0.025	-0.7321246941435066	2
130	3	0.025	4.936906839569204	2
130	4	0.025	-1.8344139473671401	2
130	5	0.025	1.539432791851989	2
130	6	0.025	-1.8830214000680658	2
130	7	0.025	-1.93873455140684	2
130	8	0.025	0.7074456934279288	2
130	9	0.025	-1.57314402567995	2
131	0	0.025	-7.49087178492443	4
131	1	0.025	-7.489609075409618	4
131	2	0.025	-7.309855579377506	4
131	3	0.025	-7.4616287654990225	4
131	5	0.025	-7.449934747158077	4
131	6	0.025	-7.459425151150491	4
131	7	0.025	-5.2425744256854285	4
131	8	0.025	-4.30486986540378	4
131	9	0.025	-7.35886849850182	4
132	1	0.025	-7.530797143159215	0
132	2	0.025	-3.0273391425430534	0
132	3	0.025	-7.483500046920128	0
132	4	0.025	-7.4309489096054	0
132	5	0.025	-7.494179583716079	0
132	6	0.025	-6.371152472184798	0
132	7	0.025	-7.562130311576378	0
132	8	0.025	-6.802415809678978	0
132	9	0.025	-4.1528957678054015	0
133	0	0.025	-6.945714249943269	3
133	1	0.025	-3.461708759730091	3
133	2	0.025	-3.3208939680960965	3
133	4	0.025	-5.787680070130619	3
133	5	0.025	-3.8651678847787974	3
133	6	0.025	-6.969715661797446	3
133	7	0.025	-7.016371173919352	3
133	8	0.025	-6.975783739810596	3
133	9	0.025	-6.831616577578796	3
134	0	0.025	4.4127884448136605	2
134	1	0.025	-2.4722077583345463	2
134	3	0.025	2.5572106454152235	2
134	4	0.025	-0.7308917164890903	2
134	5	0.025	-2.4190556982241698	2
134	6	0.025	0.03891842065180175	2
134	7	0.025	-2.517133788206752	2
134	8	0.025	-1.5454094497614743	2
134	9	0.025	-2.397749673323096	2
135	0	0.025	-7.393678916050958	3
135	1	0.025	-7.4143077734924026	3
135	2	0.025	-7.109210191263408	3
135	4	0.025	-7.351050813036835	3
135	5	0.025	-7.362809185482685	3
135	6	0.025	-7.4190650144045485	3
135	7	0.025	-7.461001132016539	3
135	8	0.025	-7.404289321773572	3
135	9	0.025	-7.3678821431719665	3
136	0	0.025	1.88283383132752	5
136	1	0.025	0.29465594546227913	5
136	2	0.025	1.386554024970217	5
136	3	0.025	6.742539055910187	5
136	4	0.025	-0.0746468854396976	5
136	6	0.025	3.662176767312	5
136	7	0.025	3.9519841398728417	5
136	8	0.025	6.605853822909114	5
136	9	0.025	2.82865355961042	5
137	0	0.025	-7.2690317994979905	1
137	2	0.025	-6.1332630355148225	1
137	3	0.025	-7.273978187848539	1
137	4	0.025	-4.398073954859683	1
137	5	0.025	-5.905006551738741	1
137	6	0.025	-5.979804765199885	1
137	7	0.025	-6.842346851819581	1
137	8	0.025	0.04671849878494916	1
137	9	0.025	-6.8139876743788035	1
138	0	0.025	-3.9791502113651993	1
138	2	0.025	-3.345641605728562	1
138	3	0.025	3.073950720883108	1
138	4	0.025	2.329231150177734	1
138	5	0.025	-3.9418460491234786	1
138	6	0.025	-3.686319847651866	1
138	7	0.025	-3.971104771195482	1
138	8	0.025	-2.4344073715011163	1
138	9	0.025	-3.8615823877056634	1
139	0	0.025	-7.450467472509947	2
139	1	0.025	-1.3242445538295018	2
139	3	0.025	-5.257267960603059	2
139	4	0.025	-7.388502937517079	2
139	5	0.025	-7.250121440910852	2
139	6	0.025	-6.822653824129241	2
139	7	0.025	-7.524149354928325	2
139	8	0.025	-7.080332796990562	2
139	9	0.025	-7.375790597737741	2
140	0	0.025	-7.497757218282715	4
140	1	0.025	-7.501094708836135	4
140	2	0.025	-7.320273709026913	4
140	3	0.025	-7.478895157366225	4
140	5	0.025	-7.460537470311496	4
140	6	0.025	-7.466154677454512	4
140	7	0.025	-7.284284655617803	4
140	8	0.025	-7.537615117875061	4
140	9	0.025	-7.369540599046136	4
141	0	0.025	-3.684902723522446	8
141	1	0.025	-3.4472036106945514	8
141	2	0.025	2.9643965825234297	8
141	3	0.025	1.093620385513752	8
141	4	0.025	-2.709225179197064	8
141	5	0.025	-3.6978992573107536	8
141	6	0.025	1.8365220925201942	8
141	7	0.025	-3.7955572818738994	8
141	9	0.025	-1.9957962033583139	8
142	0	0.025	-0.10872521807297211	2
142	1	0.025	4.406015589692177	2
142	3	0.025	5.337679426336381	2
142	4	0.025	-0.9192223496912453	2
142	5	0.025	-1.3248312272142482	2
142	6	0.025	2.4571074999326603	2
142	7	0.025	-0.8585889326259345	2
142	8	0.025	-0.5563298168119497	2
142	9	0.025	-0.3141444766357987	2
143	0	0.025	-3.433116434002924	2
143	1	0.025	-2.7534944210458954	2
143	3	0.025	3.6235305210630937	2
143	4	0.025	-1.6676969618114905	2
143	5	0.025	-3.4402670589526045	2
143	6	0.025	1.158763369104385	2
143	7	0.025	0.25905492804084157	2
143	8	0.025	-3.2221177101279106	2
143	9	0.025	-3.5224454200138333	2
144	0	0.025	-6.539948197084514	6
144	1	0.025	-7.522000216010113	6
144	2	0.025	-5.342211609242351	6
144	3	0.025	-7.486463273043381	6
144	4	0.025	-3.640139953790582	6
144	5	0.025	-7.236298991544214	6
144	7	0.025	-7.442341133825286	6
144	8	0.025	-5.937072785561944	6
144	9	0.025	-7.411521350485401	6
145	0	0.025	-2.214535936563826	8
145	1	0.025	-5.390874281220662	8
145	2	0.025	2.0011172113193965	8
145	3	0.025	-2.8957902883005677	8
145	4	0.025	-5.40558870630231	8
145	5	0.025	-4.956687843942755	8
145	6	0.025	-5.443629369412551	8
145	7	0.025	-5.527215185999153	8
145	9	0.025	-1.5562353413615662	8
146	0	0.025	6.444197544356974	6
146	1	0.025	5.76866397642121	6
146	2	0.025	2.2822259242813185	6
146	3	0.025	7.350886228496905	6
146	4	0.025	6.3425202532368035	6
146	5	0.025	7.2902355061723085	6
146	7	0.025	0.032495971693452703	6
146	8	0.025	7.291081421735146	6
146	9	0.025	0.19949611239102263	6
147	0	0.025	2.549515611030103	1
147	2	0.025	6.354313355798514	1
147	3	0.025	4.632048218651696	1
147	4	0.025	3.229991996752788	1
147	5	0.025	1.6153908760310127	1
147	6	0.025	6.081776859704375	1
147	7	0.025	5.311576542675127	1
147	8	0.025	6.328650949810255	1
147	9	0.025	2.4303021910060427	1
149	1	0.025	-7.562746334501784	0
149	2	0.025	-7.375850239231113	0
149	3	0.025	-7.530123392083169	0
149	4	0.025	-7.4932600214525324	0
149	5	0.025	-7.385924265418846	0
149	6	0.025	-7.51001939594255	0
149	7	0.025	-7.595972624972209	0
149	8	0.025	-7.601961638019267	0
149	9	0.025	-7.541806754395755	0
150	0	0.025	-7.476825558333405	6
150	1	0.025	-7.547035672259168	6
150	2	0.025	-6.870019767119037	6
150	3	0.025	-7.513843637558471	6
150	4	0.025	-7.169710775152258	6
150	5	0.025	-7.5081009834169326	6
150	7	0.025	-7.60433418070095	6
150	8	0.025	-7.610286098058345	6
150	9	0.025	-7.4881802426699995	6
1	0	0.075	7.543605140161016	2
1	1	0.075	7.537814724467008	2
1	3	0.075	7.523085654261594	2
1	4	0.075	7.483238843969068	2
1	5	0.075	7.50611797830485	2
1	6	0.075	7.5340319077671065	2
1	7	0.075	7.6127241950872255	2
1	8	0.075	7.599826746327212	2
1	9	0.075	7.4873380716449365	2
2	1	0.075	1.8930052844944139	0
2	2	0.075	5.1922483141223	0
2	3	0.075	0.28719571479883865	0
2	4	0.075	4.280682258843276	0
2	5	0.075	5.293709281818644	0
2	6	0.075	5.663287724426918	0
2	7	0.075	2.430437817034621	0
2	8	0.075	5.115588166484004	0
2	9	0.075	0.8493686357324252	0
3	0	0.075	6.609671759220608	4
3	1	0.075	7.016508366399389	4
3	2	0.075	7.423566648864737	4
3	3	0.075	7.46784415932019	4
3	5	0.075	7.1077227833721315	4
3	6	0.075	7.2857515881906165	4
3	7	0.075	7.570542167373064	4
3	8	0.075	7.546428949281664	4
3	9	0.075	7.376710141324177	4
4	0	0.075	7.6350375020186725	8
4	1	0.075	7.6120243417636795	8
4	2	0.075	7.62371720316832	8
4	3	0.075	7.578653192293765	8
4	4	0.075	7.574422275573554	8
4	5	0.075	7.556348315027718	8
4	6	0.075	7.647241933598912	8
4	7	0.075	7.67137624024235	8
4	9	0.075	7.535030817105714	8
5	0	0.075	7.655174219763306	7
5	1	0.075	7.63097220411794	7
5	2	0.075	7.633049377586631	7
5	3	0.075	7.6051821366020835	7
5	4	0.075	7.5981625181541315	7
5	5	0.075	7.585306005627369	7
5	6	0.075	7.643822403599211	7
5	8	0.075	7.660471803641194	7
5	9	0.075	7.529151857147668	7
6	0	0.075	7.564879947801812	6
6	1	0.075	7.556336804451959	6
6	2	0.075	7.538659742954952	6
6	3	0.075	7.51383654679044	6
6	4	0.075	7.525129119440067	6
6	5	0.075	7.5204765546858106	6
6	7	0.075	7.6373072485800515	6
6	8	0.075	7.616692339842368	6
6	9	0.075	7.459809506512275	6
7	1	0.075	5.628756320114715	0
7	2	0.075	7.003720773463749	0
7	3	0.075	6.846382135675638	0
7	4	0.075	6.54541227892463	0
7	5	0.075	7.13979940613763	0
7	6	0.075	7.164312503824839	0
7	7	0.075	7.143068126542978	0
7	8	0.075	6.07440515679308	0
7	9	0.075	5.681732840919845	0
8	0	0.075	7.58108315062815	6
8	1	0.075	7.583245408048333	6
8	2	0.075	7.54710346458738	6
8	3	0.075	7.543531840628423	6
8	4	0.075	7.5396392102216545	6
8	5	0.075	7.54370197776905	6
8	7	0.075	7.672593793813473	6
8	8	0.075	7.64475105493988	6
8	9	0.075	7.51662499772429	6
9	0	0.075	7.565071023946125	3
9	1	0.075	7.546816893284234	3
9	2	0.075	7.53288801901231	3
9	4	0.075	7.494587367557408	3
9	5	0.075	7.488435203421675	3
9	6	0.075	7.50914234494806	3
9	7	0.075	7.322789031392237	3
9	8	0.075	7.567284769533433	3
9	9	0.075	7.15973250861319	3
10	0	0.075	7.595158980127807	1
10	2	0.075	7.560919544475153	1
10	3	0.075	7.55221661715656	1
10	4	0.075	7.529935760051232	1
10	5	0.075	7.525392195881202	1
10	6	0.075	7.5834288406812	1
10	7	0.075	7.646240867963348	1
10	8	0.075	7.609144428341234	1
10	9	0.075	7.490914310967376	1
11	0	0.075	7.632305258475374	8
11	1	0.075	7.607108491502486	8
11	2	0.075	7.622943455728038	8
11	3	0.075	7.565398878094953	8
11	4	0.075	7.571721577442391	8
11	5	0.075	7.550513924019387	8
11	6	0.075	7.645589142672241	8
11	7	0.075	7.661062856582153	8
11	9	0.075	7.504737635778703	8
12	1	0.075	3.456975464648452	0
12	2	0.075	6.328178585677721	0
12	3	0.075	5.548160736285147	0
12	4	0.075	4.248555692219192	0
12	5	0.075	3.7400394353349187	0
12	6	0.075	5.029793160174183	0
12	7	0.075	4.75057892834092	0
12	8	0.075	5.04433533007804	0
12	9	0.075	4.644407207751724	0
13	0	0.075	7.650882568845085	7
13	1	0.075	7.56764849872756	7
13	2	0.075	7.630445503468091	7
13	3	0.075	7.595638758168229	7
13	4	0.075	7.40614667594373	7
13	5	0.075	7.580496049785166	7
13	6	0.075	6.969274826392365	7
13	8	0.075	7.652880070608313	7
13	9	0.075	7.5157302059368245	7
14	0	0.075	7.03434651309192	9
14	1	0.075	6.329080668092524	9
14	2	0.075	7.157851311883938	9
14	3	0.075	7.414912256305827	9
14	4	0.075	7.1098642027892565	9
14	5	0.075	7.422005957657617	9
14	6	0.075	6.453961732139243	9
14	7	0.075	7.554125177307013	9
14	8	0.075	7.534143049197122	9
15	0	0.075	6.677704043623607	8
15	1	0.075	4.388656905056683	8
15	2	0.075	7.510698914449281	8
15	3	0.075	7.29753638238773	8
15	4	0.075	3.986373381394951	8
15	5	0.075	7.013624390655927	8
15	6	0.075	5.421475615428705	8
15	7	0.075	6.434935145478978	8
15	9	0.075	6.486383452641828	8
16	0	0.075	7.534072810670016	4
16	1	0.075	5.197663518598028	4
16	2	0.075	7.4041347873091405	4
16	3	0.075	6.056348218364194	4
16	5	0.075	7.059137658887801	4
16	6	0.075	7.510864638543493	4
16	7	0.075	7.348987563909651	4
16	8	0.075	7.535443272184589	4
16	9	0.075	7.36118951635568	4
17	0	0.075	7.540831162714223	5
17	1	0.075	7.187199122989675	5
17	2	0.075	7.519097526935059	5
17	3	0.075	7.473177760154653	5
17	4	0.075	7.358950435024128	5
17	6	0.075	7.536869165605521	5
17	7	0.075	7.49567374811512	5
17	8	0.075	7.542080534934948	5
17	9	0.075	7.338271398842895	5
18	0	0.075	7.572540997421801	3
18	1	0.075	7.553560583810403	3
18	2	0.075	7.516451046498394	3
18	4	0.075	7.51388928393852	3
18	5	0.075	7.492331349159367	3
18	6	0.075	7.541803771425367	3
18	7	0.075	7.6079546419075506	3
18	8	0.075	7.572346854396883	3
18	9	0.075	7.398439357142026	3
19	0	0.075	7.534069145817928	4
19	1	0.075	7.515744637591677	4
19	2	0.075	7.487921308730464	4
19	3	0.075	7.492893415238359	4
19	5	0.075	7.464075993327211	4
19	6	0.075	7.5131172408992475	4
19	7	0.075	7.590609753587872	4
19	8	0.075	7.564050714597194	4
19	9	0.075	7.421182668431435	4
20	1	0.075	7.572173936011903	0
20	2	0.075	7.5530056703700525	0
20	3	0.075	7.542888390294183	0
20	4	0.075	7.537407612926974	0
20	5	0.075	7.521207894634555	0
20	6	0.075	7.560572289262997	0
20	7	0.075	7.6473230188514405	0
20	8	0.075	7.6195611658614775	0
20	9	0.075	7.505389166738154	0
21	0	0.075	7.582001875994538	6
21	1	0.075	7.584802209944854	6
21	2	0.075	7.547601244912059	6
21	3	0.075	7.547294657934546	6
21	4	0.075	7.541711866552387	6
21	5	0.075	7.5464361608913055	6
21	7	0.075	7.676479205801508	6
21	8	0.075	7.6469067978032985	6
21	9	0.075	7.528448674412234	6
22	0	0.075	7.580823723630465	6
22	1	0.075	7.584123810806327	6
22	2	0.075	7.547481954599707	6
22	3	0.075	7.544246825323606	6
22	4	0.075	7.5411732858752325	6
22	5	0.075	7.545076703343973	6
22	7	0.075	7.6752292195926435	6
22	8	0.075	7.645732852753003	6
22	9	0.075	7.523800276011345	6
23	0	0.075	7.574378991722044	3
23	1	0.075	7.558812956063188	3
23	2	0.075	7.542430828087836	3
23	4	0.075	7.520006791494272	3
23	5	0.075	7.497932667364278	3
23	6	0.075	7.5467799550195505	3
23	7	0.075	7.625407642039092	3
23	8	0.075	7.579164851154617	3
23	9	0.075	7.420585782364804	3
24	1	0.075	7.412895798851955	0
24	2	0.075	7.548307043308485	0
24	3	0.075	7.46851707448692	0
24	4	0.075	7.360069397632959	0
24	5	0.075	7.507340257803997	0
24	6	0.075	7.554167979207343	0
24	7	0.075	7.275674223514774	0
24	8	0.075	7.579153795944787	0
24	9	0.075	7.152526086225903	0
25	0	0.075	7.485943990813329	2
25	1	0.075	7.479145767412375	2
25	3	0.075	7.466772956772046	2
25	4	0.075	6.762357486040787	2
25	5	0.075	7.388557780734301	2
25	6	0.075	7.491561780832292	2
25	7	0.075	5.984876346489205	2
25	8	0.075	7.528680271591278	2
25	9	0.075	6.9762385808321	2
26	0	0.075	2.0995667224172743	3
26	1	0.075	4.680008398664769	3
26	2	0.075	4.77069067945244	3
26	4	0.075	-0.9830518568819372	3
26	5	0.075	4.817526892754119	3
26	6	0.075	-0.7220950305712392	3
26	7	0.075	1.0964948311348246	3
26	8	0.075	4.884471388528119	3
26	9	0.075	4.0161246962783395	3
27	0	0.075	7.583141268692062	6
27	1	0.075	7.585537902063207	6
27	2	0.075	7.547752086166172	6
27	3	0.075	7.54839353767644	6
27	4	0.075	7.542361950935537	6
27	5	0.075	7.547145195174808	6
27	7	0.075	7.677177391014684	6
27	8	0.075	7.6477322397158005	6
27	9	0.075	7.531449188963427	6
28	0	0.075	7.572735378324418	6
28	1	0.075	7.568606550567317	6
28	2	0.075	7.542046943147947	6
28	3	0.075	7.528056398029485	6
28	4	0.075	7.527261976728819	6
28	5	0.075	7.527775090807226	6
28	7	0.075	7.645764404251523	6
28	8	0.075	7.630228919785435	6
28	9	0.075	7.478735667653118	6
29	0	0.075	7.662609414452027	7
29	1	0.075	7.648732029149769	7
29	2	0.075	7.6355220939967925	7
29	3	0.075	7.618572648690973	7
29	4	0.075	7.606380497867097	7
29	5	0.075	7.595625426385275	7
29	6	0.075	7.674742953662636	7
29	8	0.075	7.667700925631253	7
29	9	0.075	7.550195968960203	7
30	0	0.075	7.552656181063064	4
30	1	0.075	7.523230451790643	4
30	2	0.075	7.499233486755316	4
30	3	0.075	7.509446667492722	4
30	5	0.075	7.479378799907934	4
30	6	0.075	7.535763156470353	4
30	7	0.075	7.601963502427361	4
30	8	0.075	7.568428602571958	4
30	9	0.075	7.4401280034247925	4
31	0	0.075	7.5612534043468145	9
31	1	0.075	7.51397467743484	9
31	2	0.075	7.52387861274984	9
31	3	0.075	7.438924393054134	9
31	4	0.075	7.471805668372262	9
31	5	0.075	7.438633181254595	9
31	6	0.075	7.53295209116933	9
31	7	0.075	7.572571198932562	9
31	8	0.075	7.542066847059709	9
32	0	0.075	3.7994810648575306	3
32	1	0.075	3.5725545901736626	3
32	2	0.075	4.615992222982493	3
32	4	0.075	1.9626501029623227	3
32	5	0.075	3.647983312098757	3
32	6	0.075	-1.1286915476708426	3
32	7	0.075	2.1938513807008695	3
32	8	0.075	4.032566872484813	3
32	9	0.075	4.66155220915014	3
33	0	0.075	7.6308513247245315	8
33	1	0.075	7.6004885943900105	8
33	2	0.075	7.621892554712268	8
33	3	0.075	7.556197579628798	8
33	4	0.075	7.470869370738047	8
33	5	0.075	7.540395538266281	8
33	6	0.075	7.6433406537521	8
33	7	0.075	7.479941241580865	8
33	9	0.075	7.477501248859345	8
35	0	0.075	6.116188654415388	5
35	1	0.075	6.645167713446313	5
35	2	0.075	7.510159725651606	5
35	3	0.075	6.900970494320239	5
35	4	0.075	6.207293912416175	5
35	6	0.075	6.687886546672424	5
35	7	0.075	5.873413779388641	5
35	8	0.075	7.530704401383461	5
35	9	0.075	6.938569430173693	5
36	0	0.075	7.548974102328506	4
36	1	0.075	7.517589889689587	4
36	2	0.075	7.497335775283289	4
36	3	0.075	7.501709208161152	4
36	5	0.075	7.474124699889479	4
36	6	0.075	7.534006653040003	4
36	7	0.075	7.592079006186942	4
36	8	0.075	7.563607243795936	4
36	9	0.075	7.429675817695128	4
37	0	0.075	7.513980628547034	2
37	1	0.075	7.51752974201884	2
37	3	0.075	7.500469871851873	2
37	4	0.075	7.465518548526012	2
37	5	0.075	7.482636436299566	2
37	6	0.075	7.516624409341237	2
37	7	0.075	7.581354957870475	2
37	8	0.075	7.578233501275501	2
37	9	0.075	7.435937024581882	2
38	0	0.075	7.539292611634825	5
38	1	0.075	7.378188379645383	5
38	2	0.075	7.52190868807797	5
38	3	0.075	7.4360974425015876	5
38	4	0.075	7.333482459475456	5
38	6	0.075	7.538495299334149	5
38	7	0.075	7.554063650996776	5
38	8	0.075	7.543197929675125	5
38	9	0.075	7.099363381687275	5
39	0	0.075	7.544644675113708	5
39	1	0.075	7.531170785262551	5
39	2	0.075	7.52809168198591	5
39	3	0.075	7.500841426751194	5
39	4	0.075	7.489597922010877	5
39	6	0.075	7.54782490550249	5
39	7	0.075	7.601840728335577	5
39	8	0.075	7.5583078463500275	5
39	9	0.075	7.438468078729102	5
40	0	0.075	7.6337467532314465	8
40	1	0.075	7.609710155463746	8
40	2	0.075	7.623355396260632	8
40	3	0.075	7.5716547445219256	8
40	4	0.075	7.572249831593343	8
40	5	0.075	7.553301039908159	8
40	6	0.075	7.646221607381442	8
40	7	0.075	7.666085852777923	8
40	9	0.075	7.51682680484879	8
41	0	0.075	7.53823148382812	5
41	1	0.075	6.981022834170104	5
41	2	0.075	7.359003588311228	5
41	3	0.075	7.447853615944325	5
41	4	0.075	6.020605159509822	5
41	6	0.075	7.138897020917143	5
41	7	0.075	7.416875435334577	5
41	8	0.075	7.532412939038795	5
41	9	0.075	7.348951210381105	5
42	0	0.075	7.153515289089439	2
42	1	0.075	7.4845057381717295	2
42	3	0.075	7.459831735208006	2
42	4	0.075	6.6584924780416195	2
42	5	0.075	7.443618139166042	2
42	6	0.075	7.44789971073837	2
42	7	0.075	7.537118298633172	2
42	8	0.075	7.554728580888676	2
42	9	0.075	7.26073420862998	2
43	0	0.075	7.560542238140828	9
43	1	0.075	7.51298890819335	9
43	2	0.075	7.523620696236022	9
44	0	0.075	7.544485155001981	2
44	1	0.075	7.539898446099398	2
44	3	0.075	7.525093831696427	2
44	4	0.075	7.4866576783395224	2
44	5	0.075	7.5062390764108455	2
44	6	0.075	7.5356804381182325	2
44	7	0.075	7.612830446381994	2
44	8	0.075	7.598140715284775	2
44	9	0.075	7.486130715022253	2
45	0	0.075	7.303648109476531	4
45	1	0.075	6.347666884917315	4
45	2	0.075	7.476669348797375	4
45	3	0.075	6.971682995807914	4
45	5	0.075	7.445747360291918	4
45	6	0.075	7.507921903772315	4
45	7	0.075	7.568379585912028	4
45	8	0.075	7.541181036036407	4
45	9	0.075	7.381066516656999	4
46	0	0.075	7.287025060110006	2
46	1	0.075	7.49347624306127	2
46	3	0.075	7.467913723006755	2
46	4	0.075	6.471742214290586	2
46	5	0.075	7.408099651932124	2
46	6	0.075	7.490140332265679	2
46	7	0.075	6.827127148863979	2
46	8	0.075	7.510638079242582	2
46	9	0.075	7.0306627105573165	2
48	1	0.075	1.2613985879129765	0
48	2	0.075	4.307030226266552	0
48	3	0.075	3.198941241530746	0
48	4	0.075	3.97054050524744	0
48	5	0.075	3.624059874891532	0
48	6	0.075	4.542733663434231	0
48	7	0.075	4.684690474324074	0
48	8	0.075	3.986659934693825	0
48	9	0.075	3.8911640701358086	0
49	0	0.075	6.9081326440745086	5
49	1	0.075	6.498570606946591	5
49	2	0.075	7.049561248904021	5
49	3	0.075	7.451271867456406	5
49	4	0.075	6.186015449327803	5
49	6	0.075	5.393144429726823	5
49	7	0.075	7.336972814620901	5
49	8	0.075	7.20690870995026	5
49	9	0.075	7.044058749653726	5
50	0	0.075	7.594932104842259	1
50	2	0.075	7.560955678660895	1
50	3	0.075	7.551713383627557	1
50	4	0.075	7.529801992695963	1
50	5	0.075	7.524865499543398	1
50	6	0.075	7.583005863153303	1
50	7	0.075	7.646173857366432	1
50	8	0.075	7.609412049053676	1
50	9	0.075	7.489373482725353	1
51	1	0.075	7.497993344137262	0
51	2	0.075	7.552297196578518	0
51	3	0.075	7.536022171257345	0
51	4	0.075	7.537886002337292	0
51	5	0.075	7.51505301403187	0
51	6	0.075	7.563252968976716	0
51	7	0.075	7.605158071479418	0
51	8	0.075	7.610300249020744	0
51	9	0.075	7.483226954995051	0
52	0	0.075	7.6531005344957785	7
52	1	0.075	7.635085213685802	7
52	2	0.075	7.63243914850803	7
52	3	0.075	7.603940178180192	7
52	4	0.075	7.592187559029669	7
52	5	0.075	7.585149855822086	7
52	6	0.075	7.5958788021029084	7
52	8	0.075	7.660379289814705	7
52	9	0.075	7.53028220929585	7
53	0	0.075	7.561367332609247	9
53	1	0.075	7.514239414289956	9
53	2	0.075	7.524301842441116	9
53	3	0.075	7.439350003591884	9
53	4	0.075	7.472066056017891	9
53	5	0.075	7.438915157850387	9
53	6	0.075	7.532976455700596	9
53	7	0.075	7.572942454556402	9
53	8	0.075	7.542394980479743	9
54	0	0.075	7.561013072418664	9
54	1	0.075	7.513227229049208	9
54	2	0.075	7.523816690649204	9
54	3	0.075	7.4374865203065035	9
54	4	0.075	7.471437077972809	9
54	5	0.075	7.4380524328243744	9
54	6	0.075	7.532746347720027	9
54	7	0.075	7.572325447524046	9
54	8	0.075	7.5413161253937915	9
55	0	0.075	7.559513113736733	9
55	1	0.075	7.510227203358785	9
55	2	0.075	7.521395648141156	9
55	3	0.075	7.432450691205428	9
55	4	0.075	7.470730137823195	9
55	5	0.075	7.436414255552178	9
55	6	0.075	7.527013319184545	9
55	7	0.075	7.570741315813352	9
55	8	0.075	7.53971100240014	9
56	0	0.075	2.365114741989476	6
56	1	0.075	1.4665362163556506	6
56	2	0.075	3.301732368657025	6
56	3	0.075	2.4987615705772375	6
56	4	0.075	3.6683696527220557	6
56	5	0.075	2.216841253464267	6
56	7	0.075	-1.356559780519791	6
56	8	0.075	4.194905012812723	6
56	9	0.075	1.984361085846469	6
57	0	0.075	7.542364703088799	5
57	1	0.075	7.5249989320916715	5
57	2	0.075	7.526099826116131	5
57	3	0.075	7.485598036974405	5
57	4	0.075	7.483967036351353	5
57	6	0.075	7.539430167158119	5
57	7	0.075	7.59526657025027	5
57	8	0.075	7.552574002830182	5
57	9	0.075	7.413931639159418	5
58	0	0.075	7.186524355691261	8
58	1	0.075	6.6068061796492366	8
58	2	0.075	7.597118820149375	8
58	3	0.075	7.533721841617422	8
58	4	0.075	6.153236822645094	8
58	5	0.075	7.505626957230163	8
58	6	0.075	7.057929257835116	8
58	7	0.075	6.704108052254352	8
58	9	0.075	7.314504792359148	8
59	0	0.075	7.590876389228069	8
59	1	0.075	6.0811160097020975	8
59	2	0.075	7.615656455495356	8
59	3	0.075	7.120162438524618	8
59	4	0.075	6.467588024929026	8
59	5	0.075	7.186790433304665	8
59	6	0.075	7.547900877423481	8
59	7	0.075	6.598579706978422	8
59	9	0.075	7.186426476502774	8
60	0	0.075	7.543060656188481	6
60	1	0.075	6.3540044214890194	6
60	2	0.075	7.507611293007609	6
60	3	0.075	6.6366217497876585	6
60	4	0.075	7.185523446633693	6
60	5	0.075	6.4514192691599135	6
60	7	0.075	5.440791240073348	6
60	8	0.075	7.448257121310277	6
60	9	0.075	7.07687234162782	6
61	0	0.075	7.550521933881792	9
61	1	0.075	7.48070657134083	9
61	2	0.075	7.516840833695611	9
61	3	0.075	7.429809379743323	9
61	4	0.075	7.466604829822362	9
61	5	0.075	7.435547108686989	9
61	6	0.075	7.526044240397761	9
61	7	0.075	7.56893347224039	9
61	8	0.075	7.53593759933529	9
62	0	0.075	7.559578823878137	9
62	1	0.075	6.576926748454109	9
62	2	0.075	7.518180646735042	9
62	3	0.075	7.346743176779611	9
62	4	0.075	7.467486649263596	9
62	5	0.075	7.431355318896353	9
62	6	0.075	7.523912621534257	9
62	7	0.075	7.566127399766629	9
62	8	0.075	7.532981444698275	9
63	0	0.075	7.5437189828277385	5
63	1	0.075	7.529103764614594	5
63	2	0.075	7.527505783064494	5
63	3	0.075	7.493500752874403	5
63	4	0.075	7.4879496928346585	5
63	6	0.075	7.544607627692688	5
63	7	0.075	7.599023238102467	5
63	8	0.075	7.555890173963725	5
63	9	0.075	7.424272686372802	5
64	0	0.075	7.549281936482056	4
64	1	0.075	7.524678795264751	4
64	2	0.075	7.499029796806951	4
64	3	0.075	7.5115059548549485	4
64	5	0.075	7.479129411857827	4
64	6	0.075	7.535949948901692	4
64	7	0.075	7.600503140407699	4
64	8	0.075	7.569244079963352	4
64	9	0.075	7.447536875433031	4
65	0	0.075	7.444832160607648	2
65	1	0.075	7.484636462621264	2
65	3	0.075	7.466685958390399	2
65	4	0.075	7.414294889433307	2
65	5	0.075	7.388986023034895	2
65	6	0.075	7.434453326575741	2
65	7	0.075	7.553590390817354	2
65	8	0.075	7.545500770882532	2
65	9	0.075	7.219143125324429	2
66	0	0.075	7.566781458113872	6
66	1	0.075	7.45895462557637	6
66	2	0.075	7.531526965426432	6
66	3	0.075	7.511903579578284	6
66	4	0.075	7.52193762824077	6
66	5	0.075	7.504409931500202	6
66	7	0.075	7.416979875136572	6
66	8	0.075	7.619814884311193	6
66	9	0.075	7.463346499240729	6
67	0	0.075	7.626680344448068	8
67	1	0.075	6.6786593379812444	8
67	2	0.075	7.613349289943585	8
67	3	0.075	7.540421005381476	8
67	4	0.075	6.598201594123342	8
67	5	0.075	7.52132239059081	8
67	6	0.075	7.429381666265592	8
67	7	0.075	6.992141688722781	8
67	9	0.075	7.4517207131120955	8
68	0	0.075	7.596601332266647	1
68	2	0.075	7.561542343735367	1
68	3	0.075	7.56053639085791	1
68	4	0.075	7.532797636551047	1
68	5	0.075	7.530240417954692	1
68	6	0.075	7.585280742167622	1
68	7	0.075	7.653099234533932	1
68	8	0.075	7.612815224574414	1
68	9	0.075	7.512326040838032	1
69	1	0.075	6.731466770992872	0
69	2	0.075	7.5246859232682715	0
69	3	0.075	7.179862050324264	0
69	4	0.075	7.467257693435776	0
69	5	0.075	7.077606811664835	0
69	6	0.075	7.5559861119194585	0
69	7	0.075	7.61045848359363	0
69	8	0.075	7.1693900471032395	0
69	9	0.075	7.241993454609046	0
70	0	0.075	7.493027967781302	6
70	1	0.075	7.493195342324412	6
70	2	0.075	7.537254563890647	6
70	3	0.075	7.510457593170072	6
70	4	0.075	7.518284012298164	6
70	5	0.075	7.508904865134825	6
70	7	0.075	7.5560804460862006	6
70	8	0.075	7.6071597869160055	6
70	9	0.075	6.908956448605787	6
71	0	0.075	7.560970856284633	9
71	1	0.075	7.513185529521162	9
71	2	0.075	7.523832598236942	9
71	3	0.075	7.4380637059204435	9
71	4	0.075	7.471496170472748	9
71	5	0.075	7.437920491168284	9
71	6	0.075	7.532553890946443	9
71	7	0.075	7.572150217700765	9
71	8	0.075	7.5412613422947805	9
72	0	0.075	7.542835855110827	5
72	1	0.075	7.526036688514627	5
72	2	0.075	7.526625112095425	5
72	3	0.075	7.486275540072759	5
72	4	0.075	7.4832121808608605	5
72	6	0.075	7.542810581919923	5
72	7	0.075	7.595576076183816	5
72	8	0.075	7.553659834013658	5
72	9	0.075	7.409800528445452	5
73	0	0.075	7.5410863940263075	5
73	1	0.075	7.520981156012949	5
73	2	0.075	7.5236834173107745	5
73	3	0.075	7.4759528612906765	5
73	4	0.075	7.475514106249912	5
73	6	0.075	7.542688982532923	5
73	7	0.075	7.567972839907346	5
73	8	0.075	7.546393325249301	5
73	9	0.075	7.386217635002114	5
74	0	0.075	2.2229975644160747	4
74	1	0.075	4.447086877313542	4
74	2	0.075	4.389629803449222	4
74	3	0.075	4.570216282970119	4
74	5	0.075	5.017488533299875	4
74	6	0.075	4.488168957313768	4
74	7	0.075	5.980599768311146	4
74	8	0.075	5.930715616911396	4
74	9	0.075	5.021309974084238	4
75	0	0.075	7.596281577757287	1
75	2	0.075	7.561391037931434	1
75	3	0.075	7.559065736800746	1
75	4	0.075	7.532306716450743	1
75	5	0.075	7.529432597541507	1
75	6	0.075	7.584985092773164	1
75	7	0.075	7.651963110940771	1
75	8	0.075	7.612301037839045	1
75	9	0.075	7.509248493002411	1
76	0	0.075	7.5728500328589945	6
76	1	0.075	7.571923776377373	6
76	2	0.075	7.542013538467526	6
76	3	0.075	7.530689412295467	6
76	4	0.075	7.528131829090547	6
76	5	0.075	7.530643491709689	6
76	7	0.075	7.643989814289739	6
76	8	0.075	7.6307734069058215	6
76	9	0.075	7.46981557910799	6
77	0	0.075	7.650817515378542	7
77	1	0.075	7.638379867074856	7
77	2	0.075	7.633590166068344	7
77	3	0.075	7.6063423820545175	7
77	4	0.075	7.598037445613818	7
77	5	0.075	7.584583462983256	7
77	6	0.075	7.6596001549020425	7
77	8	0.075	7.66088424823871	7
77	9	0.075	7.526429414098924	7
78	0	0.075	7.542879324482427	5
78	1	0.075	7.526588237461249	5
78	2	0.075	7.5257444138747775	5
78	3	0.075	7.487766601783952	5
78	4	0.075	7.485691851029149	5
78	6	0.075	7.54300421952754	5
78	7	0.075	7.592146708494205	5
78	8	0.075	7.552916253054822	5
78	9	0.075	7.408993967021291	5
79	0	0.075	7.552645575997139	2
79	1	0.075	7.555203700230922	2
79	3	0.075	7.536919332111607	2
79	4	0.075	7.49535517028229	2
79	5	0.075	7.520219728140156	2
79	6	0.075	7.542717067704086	2
79	7	0.075	7.62704379603155	2
79	8	0.075	7.614556518215514	2
79	9	0.075	7.512258130813391	2
80	0	0.075	7.560660135314497	9
80	1	0.075	7.513409300389439	9
80	2	0.075	7.523700088890037	9
80	3	0.075	7.437708005726303	9
80	4	0.075	7.471406915326161	9
80	5	0.075	7.437914029471125	9
80	6	0.075	7.532335632063421	9
80	7	0.075	7.571817603229353	9
80	8	0.075	7.541483345530444	9
81	1	0.075	7.370036178872456	0
81	2	0.075	7.53822618354185	0
81	3	0.075	6.902106198688185	0
81	4	0.075	7.5083142751136895	0
81	5	0.075	7.400417719869658	0
81	6	0.075	7.557468436984586	0
81	7	0.075	7.4733643863805055	0
81	8	0.075	7.535317288726507	0
81	9	0.075	7.038784983567327	0
82	0	0.075	7.556578313876297	6
82	1	0.075	7.0229741624240845	6
82	2	0.075	7.528989063073043	6
82	3	0.075	7.133825558088195	6
82	4	0.075	7.506599281243926	6
82	5	0.075	7.197413808900295	6
82	7	0.075	7.083138164788276	6
82	8	0.075	7.584675212828336	6
82	9	0.075	7.423683407379406	6
83	0	0.075	7.542914317365365	4
83	1	0.075	7.504229925567727	4
83	2	0.075	7.496933848164051	4
83	3	0.075	7.498133396222737	4
83	5	0.075	7.466446487092109	4
83	6	0.075	7.529083709892721	4
83	7	0.075	7.591304855251629	4
83	8	0.075	7.560185145307454	4
83	9	0.075	7.419625010670697	4
84	0	0.075	7.5457453149088805	4
84	1	0.075	7.519391488823266	4
84	2	0.075	7.496141133670374	4
84	3	0.075	7.501802254255516	4
84	5	0.075	7.474453919978864	4
84	6	0.075	7.531651452157755	4
84	7	0.075	7.59444414484345	4
84	8	0.075	7.565608090284864	4
84	9	0.075	7.433595815023778	4
85	0	0.075	7.53256553929907	2
85	1	0.075	7.528323698594324	2
85	3	0.075	7.496494412155653	2
86	0	0.075	7.634919495117762	8
86	1	0.075	7.611649744370737	8
86	2	0.075	7.623944788230799	8
86	3	0.075	7.577114450135597	8
86	4	0.075	7.574553953161469	8
86	5	0.075	7.55568249594701	8
86	6	0.075	7.647201298572457	8
86	7	0.075	7.67003122785502	8
86	9	0.075	7.529182588165399	8
87	0	0.075	7.635512475365126	7
87	1	0.075	7.55325635366722	7
87	2	0.075	7.6313219801267955	7
87	3	0.075	7.596886549262757	7
87	4	0.075	7.5932523245969445	7
87	5	0.075	7.580934768215038	7
87	6	0.075	7.390798396537952	7
87	8	0.075	7.654859017398158	7
87	9	0.075	7.505889390580752	7
88	0	0.075	7.570910102729387	8
88	1	0.075	6.680427420489665	8
88	2	0.075	7.619536242743122	8
88	3	0.075	7.518404266816205	8
88	4	0.075	5.292061429197955	8
88	5	0.075	6.36477959080954	8
88	6	0.075	7.185896937038798	8
88	7	0.075	6.821001262259832	8
88	9	0.075	6.8717405522988875	8
89	0	0.075	7.561529602315143	3
89	1	0.075	7.549747706770195	3
89	2	0.075	7.47198270907021	3
89	4	0.075	7.500506387272544	3
89	5	0.075	7.490287957564086	3
89	6	0.075	6.565544815963928	3
89	7	0.075	7.263275540308366	3
89	8	0.075	7.57248706232425	3
89	9	0.075	7.3883499108548225	3
90	1	0.075	4.484618862626399	0
90	2	0.075	6.872415494427796	0
90	3	0.075	5.287644130049916	0
90	4	0.075	5.002802508155972	0
90	5	0.075	5.184032214885762	0
90	6	0.075	6.3943894171156686	0
90	7	0.075	5.7282468706551635	0
90	8	0.075	6.080288772469112	0
90	9	0.075	5.48995741871419	0
91	0	0.075	7.553786157089419	9
91	1	0.075	7.437765068722342	9
91	2	0.075	7.518390277436611	9
91	3	0.075	7.428640794748405	9
91	4	0.075	7.467926516506898	9
91	5	0.075	7.4353708459133365	9
91	6	0.075	7.519165096249947	9
91	7	0.075	7.568548951742933	9
91	8	0.075	7.5384776897505335	9
92	1	0.075	7.586829059047645	0
92	2	0.075	7.555545617100587	0
92	3	0.075	7.559812567407724	0
92	4	0.075	7.546230527132628	0
92	5	0.075	7.53008765591961	0
92	6	0.075	7.574777133171634	0
92	7	0.075	7.649956088168148	0
92	8	0.075	7.624252003356342	0
92	9	0.075	7.517832215492657	0
93	0	0.075	7.594898478523154	1
93	2	0.075	7.561085264087665	1
93	3	0.075	7.552428898737454	1
93	4	0.075	7.531200165280752	1
93	5	0.075	7.5264697051081475	1
93	6	0.075	7.583036992074391	1
93	7	0.075	7.649259438391476	1
93	8	0.075	7.610513112763993	1
93	9	0.075	7.499143103522944	1
94	0	0.075	7.595508436339947	1
94	2	0.075	7.561072821181461	1
94	3	0.075	7.5557110029670485	1
94	4	0.075	7.531491072993045	1
94	5	0.075	7.527193045699421	1
94	6	0.075	7.584163266840375	1
94	7	0.075	7.649686010979126	1
94	8	0.075	7.6111855964704365	1
94	9	0.075	7.503376893102385	1
95	0	0.075	7.559729785696343	9
95	1	0.075	7.498511276915837	9
95	2	0.075	7.5170220876802984	9
95	3	0.075	7.430813540912249	9
95	4	0.075	7.465586029428691	9
95	5	0.075	7.435905085369014	9
95	6	0.075	7.518141864366502	9
95	7	0.075	7.5699311096983335	9
95	8	0.075	7.538683723851327	9
96	0	0.075	6.812114324636675	4
96	1	0.075	7.282441816857768	4
96	2	0.075	7.477513078665133	4
96	3	0.075	7.4554438243557195	4
96	5	0.075	7.388720518744708	4
96	6	0.075	7.477615427506504	4
96	7	0.075	7.569636211952826	4
96	8	0.075	7.540663340483741	4
96	9	0.075	7.392133836732719	4
97	0	0.075	7.542534391810608	5
97	1	0.075	7.526850772136508	5
97	2	0.075	7.526207346274613	5
97	3	0.075	7.490281072405004	5
97	4	0.075	7.484263893577436	5
97	6	0.075	7.544301717570929	5
97	7	0.075	7.591017141170283	5
97	8	0.075	7.553021939165938	5
97	9	0.075	7.403009600828653	5
98	0	0.075	7.561075239859681	9
98	1	0.075	7.513592296613919	9
98	2	0.075	7.5239847098537895	9
98	3	0.075	7.438697733174699	9
98	4	0.075	7.47171437979735	9
98	5	0.075	7.438361157537688	9
98	6	0.075	7.53282572190674	9
98	7	0.075	7.572562714020304	9
98	8	0.075	7.541686126041449	9
100	0	0.075	7.565086658944101	6
100	1	0.075	7.544811788010772	6
100	2	0.075	7.537660924371044	6
100	3	0.075	7.510032756623591	6
100	4	0.075	7.520096663956423	6
100	5	0.075	7.520985217702309	6
100	7	0.075	7.5586921182355775	6
100	8	0.075	7.619070447497988	6
100	9	0.075	7.461332572332035	6
101	0	0.075	7.575710002264725	6
101	1	0.075	7.574132868695564	6
101	2	0.075	7.541433984586833	6
101	3	0.075	7.530783749009248	6
101	4	0.075	7.530963088447062	6
101	5	0.075	7.534873746847855	6
101	7	0.075	7.653305728727042	6
101	8	0.075	7.635672840880606	6
101	9	0.075	7.483512279601202	6
102	1	0.075	1.4801970241727143	0
102	2	0.075	4.652377737014383	0
102	3	0.075	2.239386159356753	0
102	4	0.075	1.9400258998928912	0
102	5	0.075	2.4987577442158084	0
102	6	0.075	4.315639095299437	0
102	7	0.075	2.0116936897045035	0
102	8	0.075	1.1339759621370984	0
102	9	0.075	2.6703079477047096	0
103	0	0.075	7.657808187689811	7
103	1	0.075	7.640184788776551	7
103	2	0.075	7.633141281501052	7
103	3	0.075	7.609123665616405	7
103	4	0.075	7.598064015554868	7
103	5	0.075	7.589149149071838	7
103	6	0.075	7.664628590331507	7
103	8	0.075	7.661993034749585	7
103	9	0.075	7.53252142551548	7
105	0	0.075	7.6328725416156615	8
105	1	0.075	7.609299227074183	8
105	2	0.075	7.623495753392121	8
105	3	0.075	7.5707344695393335	8
105	4	0.075	7.572899574527764	8
105	5	0.075	7.552488079920314	8
105	6	0.075	7.644652747183264	8
105	7	0.075	7.6669415489962445	8
105	9	0.075	7.518376492949355	8
106	0	0.075	7.55576461336465	4
106	1	0.075	7.530044281373247	4
106	2	0.075	7.499840312276303	4
106	3	0.075	7.520187709576869	4
106	5	0.075	7.485328445172067	4
106	6	0.075	7.54005148694042	4
106	7	0.075	7.6070362341726	4
106	8	0.075	7.573542185594683	4
106	9	0.075	7.459026040205335	4
107	0	0.075	7.577708451614367	8
107	1	0.075	6.74776490548998	8
107	2	0.075	7.617840399281179	8
107	3	0.075	7.528521551807224	8
107	4	0.075	4.014663985196325	8
107	5	0.075	7.510736770273277	8
107	6	0.075	6.787948136012108	8
107	7	0.075	7.645805823215707	8
107	9	0.075	7.203345167499747	8
109	0	0.075	7.596701719468349	1
109	2	0.075	7.561534972674195	1
109	3	0.075	7.5609422484900595	1
109	4	0.075	7.532847457037359	1
109	5	0.075	7.530465963601714	1
109	6	0.075	7.585396559616423	1
109	7	0.075	7.653320631568796	1
109	8	0.075	7.61299082186321	1
109	9	0.075	7.513063576145538	1
110	0	0.075	7.63086869234815	8
110	1	0.075	7.593551744055022	8
110	2	0.075	7.620851549041112	8
110	3	0.075	7.5542572005612305	8
110	4	0.075	7.5086860004148575	8
110	5	0.075	7.5457549123309775	8
110	6	0.075	7.639622807739373	8
110	7	0.075	7.650095556794207	8
110	9	0.075	7.488010597430633	8
111	1	0.075	7.585965111045909	0
111	2	0.075	7.554872535590585	0
111	3	0.075	7.558663846473128	0
111	4	0.075	7.547609853391549	0
111	5	0.075	7.5278533512986545	0
111	6	0.075	7.573905199690066	0
111	7	0.075	7.650113815107915	0
111	8	0.075	7.622680437922443	0
111	9	0.075	7.51252280066965	0
112	0	0.075	7.541959196962464	2
112	1	0.075	7.539296121784717	2
112	3	0.075	7.516274617331088	2
112	4	0.075	7.471534660145554	2
112	5	0.075	7.498240261838019	2
112	6	0.075	7.532296785592945	2
112	7	0.075	7.5795381382957245	2
112	8	0.075	7.602371184770348	2
112	9	0.075	7.471914485129191	2
113	0	0.075	7.557557663345531	9
113	1	0.075	7.512040669285965	9
113	2	0.075	7.520509929159786	9
113	3	0.075	7.4293347472614855	9
113	4	0.075	7.469237088031259	9
113	5	0.075	7.436509067831905	9
113	6	0.075	7.521453194915405	9
113	7	0.075	7.569921546416383	9
113	8	0.075	7.539834231768929	9
114	0	0.075	7.596065813474323	1
114	2	0.075	7.561320250049613	1
114	3	0.075	7.5575100492943506	1
114	4	0.075	7.531898544989488	1
114	5	0.075	7.528287763989647	1
114	6	0.075	7.58474983645723	1
114	7	0.075	7.650725530928983	1
114	8	0.075	7.6115956653630565	1
114	9	0.075	7.505649920680965	1
115	1	0.075	6.895457867293419	0
115	2	0.075	7.529664143927014	0
115	3	0.075	7.4449087274766566	0
115	4	0.075	6.998892944409853	0
115	5	0.075	7.493069397236034	0
115	6	0.075	7.512471450366461	0
115	7	0.075	6.995063425419399	0
115	8	0.075	7.260682814948501	0
115	9	0.075	7.319526415112847	0
116	0	0.075	7.575779854674125	3
116	1	0.075	7.560823004318859	3
116	2	0.075	7.5432707639749195	3
116	4	0.075	7.52422662348918	3
116	5	0.075	7.499962582173407	3
116	6	0.075	7.54768843623837	3
116	7	0.075	7.627730405026038	3
116	8	0.075	7.581552098402221	3
116	9	0.075	7.431421949178759	3
117	0	0.075	7.541996364207125	9
117	1	0.075	7.506729402011714	9
117	2	0.075	7.522597120727499	9
117	3	0.075	7.433569664919876	9
117	4	0.075	7.4688387051176255	9
117	5	0.075	7.434506115996426	9
117	6	0.075	7.522122605371865	9
117	7	0.075	7.569304900718804	9
117	8	0.075	7.537781450103613	9
118	0	0.075	7.641245169954031	7
118	1	0.075	7.276712313442729	7
118	2	0.075	7.624155603782494	7
118	3	0.075	7.580294275990317	7
118	4	0.075	7.278634678965034	7
118	5	0.075	7.571510135611527	7
118	6	0.075	6.633693837173771	7
118	8	0.075	7.64800556802714	7
118	9	0.075	7.496916044907985	7
119	1	0.075	3.779604762556581	0
119	2	0.075	5.5272158778255625	0
119	3	0.075	3.4817281525751267	0
119	4	0.075	3.97484432555239	0
119	5	0.075	4.250012156290738	0
119	6	0.075	5.946983575569213	0
119	7	0.075	4.607261992468626	0
119	8	0.075	4.558989217848897	0
119	9	0.075	4.392440855038817	0
120	0	0.075	6.142866860762607	4
120	1	0.075	4.561246778142387	4
120	2	0.075	5.186525049084313	4
120	3	0.075	5.366546717359931	4
120	5	0.075	6.352354930121753	4
120	6	0.075	6.252760176528514	4
120	7	0.075	7.358595458861032	4
120	8	0.075	6.892688021246579	4
120	9	0.075	6.133965414499516	4
121	0	0.075	7.561047535709843	9
121	1	0.075	7.51349797220257	9
121	2	0.075	7.523876605560531	9
121	3	0.075	7.438223276752389	9
121	4	0.075	7.471709275644867	9
121	5	0.075	7.438182645160024	9
121	6	0.075	7.532757129196376	9
121	7	0.075	7.572395713853587	9
121	8	0.075	7.541616960306349	9
122	0	0.075	7.561220427822652	6
122	1	0.075	7.454682121982133	6
122	2	0.075	7.534000844639631	6
122	3	0.075	7.5026058841766075	6
122	4	0.075	7.493809446504426	6
122	5	0.075	7.4934465657133185	6
122	7	0.075	7.202565580134038	6
122	8	0.075	7.60700191568905	6
122	9	0.075	7.414407804190586	6
123	0	0.075	7.632333145792809	8
123	1	0.075	7.604993633187149	8
123	2	0.075	7.62306168343157	8
123	3	0.075	7.564500874024351	8
123	4	0.075	7.5685639101474935	8
123	5	0.075	7.549183078998654	8
123	6	0.075	7.641788742826899	8
123	7	0.075	7.666825042157872	8
123	9	0.075	7.513879290114812	8
124	0	0.075	7.561171627504694	9
124	1	0.075	7.513945133928874	9
124	2	0.075	7.524165951667554	9
124	3	0.075	7.438885879670844	9
124	4	0.075	7.4718759101561485	9
124	5	0.075	7.438560597293715	9
124	6	0.075	7.532864871358712	9
124	7	0.075	7.572627729514717	9
124	8	0.075	7.541939772795622	9
125	0	0.075	4.440740879867917	3
125	1	0.075	2.691806412974541	3
125	2	0.075	4.317687695483664	3
125	4	0.075	0.8541680723965802	3
125	5	0.075	5.899912157233643	3
125	6	0.075	-0.3499660803787147	3
125	7	0.075	5.57935945108393	3
125	8	0.075	4.65264494963683	3
125	9	0.075	6.334265990533774	3
126	0	0.075	7.5442922544342625	5
126	1	0.075	7.5306930277017194	5
126	2	0.075	7.52799922155291	5
126	3	0.075	7.499541359875527	5
126	4	0.075	7.489056002659021	5
126	6	0.075	7.5474200859258715	5
126	7	0.075	7.601120209393883	5
126	8	0.075	7.557742667038341	5
126	9	0.075	7.4360440118695115	5
127	0	0.075	7.547128026214227	4
127	1	0.075	7.51839916500112	4
127	2	0.075	7.496758971181577	4
127	3	0.075	7.5033643611240475	4
127	5	0.075	7.475048609851408	4
127	6	0.075	7.533258022991465	4
127	7	0.075	7.594145045915859	4
127	8	0.075	7.563279473499206	4
127	9	0.075	7.432958447936359	4
128	0	0.075	7.440189383878004	3
128	1	0.075	7.358541022014808	3
128	2	0.075	7.530277886924914	3
128	4	0.075	6.592616611790139	3
128	5	0.075	7.476387018707022	3
128	6	0.075	6.152302516454437	3
128	7	0.075	7.5914938822184155	3
128	8	0.075	7.570798444618948	3
128	9	0.075	7.391339837315771	3
129	0	0.075	7.513129477936797	2
129	1	0.075	7.51723142981693	2
129	3	0.075	7.48575098686141	2
129	4	0.075	7.437455305629962	2
129	5	0.075	7.456130751270085	2
129	6	0.075	7.513843018502852	2
129	7	0.075	7.288084879719168	2
129	8	0.075	7.5667125909651896	2
129	9	0.075	7.374763820270863	2
130	0	0.075	7.524027086755799	2
130	1	0.075	7.515606326140912	2
130	3	0.075	7.487811855152688	2
130	4	0.075	7.312470097501006	2
130	5	0.075	7.477721024965401	2
130	6	0.075	7.492501577221038	2
130	7	0.075	7.549717847187576	2
130	8	0.075	7.58030126095473	2
130	9	0.075	7.4282521907562975	2
131	0	0.075	7.155717112173711	4
131	1	0.075	6.085760628011006	4
131	2	0.075	7.1492038417412935	4
131	3	0.075	7.372603383121053	4
131	5	0.075	7.372468104415152	4
131	6	0.075	7.4907388048386885	4
131	7	0.075	7.5649806463075535	4
131	8	0.075	7.537726635311829	4
131	9	0.075	7.364879757927769	4
132	1	0.075	7.542920514837162	0
132	2	0.075	7.551546007732281	0
132	3	0.075	7.323897491565989	0
132	4	0.075	7.540665567471281	0
132	5	0.075	7.509204858888953	0
132	6	0.075	7.565300413785775	0
132	7	0.075	7.625590665841261	0
132	8	0.075	7.602932859557019	0
132	9	0.075	7.4708919425957685	0
133	0	0.075	7.573157233084555	3
133	1	0.075	7.556587013579758	3
133	2	0.075	7.539737008143004	3
133	4	0.075	7.517170749929102	3
133	5	0.075	7.49536117053247	3
133	6	0.075	7.545763237575003	3
133	7	0.075	7.613119708598464	3
133	8	0.075	7.576175780553094	3
133	9	0.075	7.407638913841889	3
134	0	0.075	7.5368496899255595	2
134	1	0.075	7.5317023700522086	2
134	3	0.075	7.512626324262585	2
134	4	0.075	7.473027282172357	2
134	5	0.075	7.491599258370006	2
134	6	0.075	7.530224284627167	2
134	7	0.075	7.580708386637217	2
134	8	0.075	7.579667973925783	2
134	9	0.075	7.4491845578646005	2
135	0	0.075	7.569505718379143	3
135	1	0.075	7.55311454043771	3
135	2	0.075	7.53944729342029	3
135	4	0.075	7.511470443301987	3
135	5	0.075	7.4918979557290575	3
135	6	0.075	7.408243760753915	3
135	7	0.075	7.596212772223472	3
135	8	0.075	7.574967314345159	3
135	9	0.075	7.399062059149584	3
136	0	0.075	7.543871630694117	5
136	1	0.075	7.52993140233068	5
136	2	0.075	7.527741352014415	5
136	3	0.075	7.496793205590998	5
136	4	0.075	7.488669309920645	5
136	6	0.075	7.546673046969672	5
136	7	0.075	7.599902692527941	5
136	8	0.075	7.557192945591522	5
136	9	0.075	7.432056066519905	5
137	0	0.075	7.594839210348542	1
137	2	0.075	7.560677098463448	1
137	3	0.075	7.550239238610758	1
137	4	0.075	7.529882815868328	1
137	5	0.075	7.524763297057026	1
137	6	0.075	7.583193430315604	1
137	7	0.075	7.645198165468068	1
137	8	0.075	7.6090411072825415	1
137	9	0.075	7.490369963510166	1
138	0	0.075	7.591761135212077	1
138	2	0.075	7.560834072473852	1
138	3	0.075	7.551238022145391	1
138	4	0.075	7.530303877180538	1
138	5	0.075	7.52396193846236	1
138	6	0.075	7.582632305326567	1
138	7	0.075	7.646629407028447	1
138	8	0.075	7.609340918327312	1
138	9	0.075	7.493378228821657	1
139	0	0.075	7.522573702651602	2
139	1	0.075	7.524444216004323	2
139	3	0.075	7.495383357808638	2
139	4	0.075	7.415275077663811	2
139	5	0.075	7.485783696039719	2
139	6	0.075	7.5151755398886575	2
139	7	0.075	7.553940289050237	2
139	8	0.075	7.580055122065962	2
139	9	0.075	7.435264975507757	2
140	0	0.075	3.737181681428847	4
140	1	0.075	3.9275086559590835	4
140	2	0.075	2.8473576429227943	4
140	3	0.075	4.9794437466512615	4
140	5	0.075	5.276341817827505	4
140	6	0.075	5.521624054797156	4
140	7	0.075	6.653145543190301	4
140	8	0.075	5.644146332041985	4
140	9	0.075	5.554208802760541	4
141	0	0.075	7.6331909176261155	8
141	1	0.075	7.608329055895003	8
141	2	0.075	7.623138002348004	8
141	3	0.075	7.57173657264242	8
141	4	0.075	7.5716639848392955	8
141	5	0.075	7.550951150472926	8
141	6	0.075	7.645927637874774	8
141	7	0.075	7.659250437232593	8
141	9	0.075	7.508156205003062	8
142	0	0.075	7.537266504188572	2
142	1	0.075	7.5343606872973705	2
142	3	0.075	7.512734561276163	2
142	4	0.075	7.471075207908039	2
142	5	0.075	7.492817188496747	2
142	6	0.075	7.5279565816728	2
142	7	0.075	7.5842116731535025	2
142	8	0.075	7.591422172533841	2
142	9	0.075	7.462664074024883	2
143	0	0.075	7.4716629606499545	2
143	1	0.075	7.493809862051694	2
143	3	0.075	7.483414594294756	2
143	4	0.075	7.441449909790716	2
143	5	0.075	7.461819743154289	2
143	6	0.075	7.505964617434868	2
143	7	0.075	7.545554240815923	2
143	8	0.075	7.5517557301958	2
143	9	0.075	6.9556656400672985	2
144	0	0.075	7.452557976828733	6
144	1	0.075	6.70543808857123	6
144	2	0.075	7.51425638113999	6
144	3	0.075	7.050812006103302	6
144	4	0.075	7.470235188164824	6
144	5	0.075	6.505147701824636	6
144	7	0.075	7.211589030356658	6
144	8	0.075	6.764654654538955	6
144	9	0.075	6.866999439356957	6
145	0	0.075	7.630147886112188	8
145	1	0.075	7.602821466243831	8
145	2	0.075	7.621703173203216	8
145	3	0.075	7.5494531710825274	8
145	4	0.075	7.456082040395426	8
145	5	0.075	7.541518440134445	8
145	6	0.075	7.639740342294275	8
145	7	0.075	7.403491947865491	8
145	9	0.075	7.469356062694325	8
146	0	0.075	7.580881269713826	6
146	1	0.075	7.581812583968498	6
146	2	0.075	7.546277347691467	6
146	3	0.075	7.542523462711687	6
146	4	0.075	7.537608798368721	6
146	5	0.075	7.541690368418759	6
146	7	0.075	7.668785401263024	6
146	8	0.075	7.643366166659093	6
146	9	0.075	7.511662047204555	6
147	0	0.075	7.5955519795905575	1
147	2	0.075	7.561186172357577	1
147	3	0.075	7.554666146348848	1
147	4	0.075	7.531073695795125	1
147	5	0.075	7.527491831684557	1
147	6	0.075	7.584153563401406	1
147	7	0.075	7.649626810190515	1
147	8	0.075	7.61099257488134	1
147	9	0.075	7.5002053658372745	1
149	1	0.075	-5.974170480668927	0
149	2	0.075	-2.1600774308181374	0
149	3	0.075	-4.6965633987026605	0
149	4	0.075	-2.646524989712981	0
149	5	0.075	-0.6084177052809576	0
149	6	0.075	-1.4079977149899972	0
149	7	0.075	-3.577696952340506	0
149	8	0.075	-4.675627592535552	0
149	9	0.075	-4.43607645029351	0
150	0	0.075	7.578466893537274	6
150	1	0.075	7.577597948501663	6
150	2	0.075	7.545820490648043	6
150	3	0.075	7.538984143705791	6
150	4	0.075	7.537237681372025	6
150	5	0.075	7.537966850204325	6
150	7	0.075	7.667954709810055	6
150	8	0.075	7.638112535231914	6
150	9	0.075	7.501843396244612	6
