Img	Target_Label	Epsilon	Objective_Value	Label
1	0	0.025	-7.60681739793033	2
1	1	0.025	-7.569250346042686	2
1	3	0.025	-6.881136894873615	2
1	4	0.025	-7.710031388627748	2
1	5	0.025	-7.7536890920189565	2
1	6	0.025	-7.616359048817937	2
1	7	0.025	-7.759786893301795	2
1	8	0.025	-7.744957841115126	2
1	9	0.025	-7.606826734601528	2
2	1	0.025	-7.552942039847369	0
2	2	0.025	-7.523873003876416	0
2	3	0.025	-7.374942237585859	0
2	4	0.025	-7.628314902485283	0
2	5	0.025	-7.5848452988513255	0
2	6	0.025	-7.54640055379194	0
2	7	0.025	-7.660366952924271	0
2	8	0.025	-7.670985583526195	0
2	9	0.025	-7.47500127971735	0
3	0	0.025	-7.7056280174335	4
3	1	0.025	-7.7721519154341605	4
3	2	0.025	-7.748459740443345	4
3	3	0.025	-7.781649470413816	4
3	5	0.025	-7.757714024649347	4
3	6	0.025	-7.820551114992645	4
3	7	0.025	-7.869939582135423	4
3	8	0.025	-7.844058424291724	4
3	9	0.025	-6.7618845664100755	4
4	0	0.025	-2.726536104045334	8
4	1	0.025	-6.463141548681979	8
4	2	0.025	-6.487798575527524	8
4	3	0.025	-5.6820070438119	8
4	4	0.025	-6.579845532018418	8
4	5	0.025	-1.429235866812057	8
4	6	0.025	-0.27135335136453703	8
4	7	0.025	-6.628901781905233	8
4	9	0.025	-6.423866210877372	8
5	0	0.025	-7.621542883491262	7
5	1	0.025	-7.673553417879684	7
5	2	0.025	-7.634553681574823	7
5	3	0.025	-7.574633551007748	7
5	4	0.025	-7.71204216402899	7
5	5	0.025	-7.6651739547922375	7
5	6	0.025	-7.760926372453118	7
5	8	0.025	-7.759050914782605	7
5	9	0.025	-7.416490420402822	7
6	0	0.025	-7.694647348396783	6
6	1	0.025	-7.692841957867532	6
6	2	0.025	-7.671126089598096	6
6	3	0.025	-7.655622879330141	6
6	4	0.025	-7.781620660389304	6
6	5	0.025	-7.68050606053923	6
6	7	0.025	-7.868080499731247	6
6	8	0.025	-7.149531836079832	6
6	9	0.025	-7.70727481436387	6
7	1	0.025	-7.552032869230461	0
7	2	0.025	-7.524664993427319	0
7	3	0.025	-7.375654537809171	0
7	4	0.025	-7.631546154436694	0
7	5	0.025	-7.585790065474003	0
7	6	0.025	-7.593551361226988	0
7	7	0.025	-7.659932037694353	0
7	8	0.025	-7.677032855222781	0
7	9	0.025	-7.473626417668416	0
8	0	0.025	-7.212573860737288	6
8	1	0.025	-7.208493508586555	6
8	2	0.025	-7.1984365850611995	6
8	3	0.025	-7.070261675597459	6
8	4	0.025	-7.314868746321964	6
8	5	0.025	-1.370074616562314	6
8	7	0.025	-7.380787202660577	6
8	8	0.025	-5.753765059251613	6
8	9	0.025	-7.227378338948053	6
9	0	0.025	-2.5922839755163283	3
9	1	0.025	-2.5778635416263893	3
9	2	0.025	-2.5935561439433243	3
9	4	0.025	-2.7284395382137503	3
9	5	0.025	-0.008389364835279297	3
9	6	0.025	-2.681845471855615	3
9	7	0.025	-2.7552349109813052	3
9	8	0.025	-1.3607528229805521	3
9	9	0.025	-2.5807870012436216	3
10	0	0.025	-7.674525365347235	1
10	2	0.025	-7.659367391451048	1
10	3	0.025	-7.504011790986297	1
10	4	0.025	-7.797358332419523	1
10	5	0.025	-7.417648018742534	1
10	6	0.025	-7.706116806043519	1
10	7	0.025	-7.808753194455104	1
10	8	0.025	-7.77815233049663	1
10	9	0.025	-7.650560818287949	1
11	0	0.025	-7.479328438617435	8
11	1	0.025	-7.461152795034801	8
11	2	0.025	-7.4711249231508585	8
11	3	0.025	-7.327987821803111	8
11	4	0.025	-7.55914874045019	8
11	5	0.025	-2.9654428677920586	8
11	6	0.025	-3.409764291879659	8
11	7	0.025	-7.652217982599881	8
11	9	0.025	-7.459247286648341	8
12	1	0.025	-7.547992538691439	0
12	2	0.025	-7.325853216447229	0
12	3	0.025	-7.373379744364961	0
12	4	0.025	-7.621906609607898	0
12	5	0.025	-7.588073347335537	0
12	6	0.025	-7.581727908424658	0
12	7	0.025	-7.660057019408948	0
12	8	0.025	-7.676106270690277	0
12	9	0.025	-7.472640801340234	0
13	0	0.025	-4.423163900936695	7
13	1	0.025	-7.665948348966267	7
13	2	0.025	-5.399316448998016	7
13	3	0.025	-7.5007725524019095	7
13	4	0.025	-7.713361687184258	7
13	5	0.025	-7.658450043835503	7
13	6	0.025	-7.754106748270635	7
13	8	0.025	-7.755098786131349	7
13	9	0.025	-7.171173510579216	7
14	0	0.025	-7.714340544198963	9
14	1	0.025	-7.768705483764306	9
14	2	0.025	-7.758324391229267	9
14	3	0.025	-7.695240223686557	9
14	4	0.025	-7.7385429301491895	9
14	5	0.025	-7.709569356175191	9
14	6	0.025	-7.834965359320928	9
14	7	0.025	-7.842026695943536	9
14	8	0.025	-7.625955267696174	9
15	0	0.025	-7.454492436122857	8
15	1	0.025	-7.534505463546607	8
15	2	0.025	-7.5563979468270235	8
15	3	0.025	-7.294218498015937	8
15	4	0.025	-7.648995990283309	8
15	5	0.025	-7.319958746461968	8
15	6	0.025	-7.620917016659276	8
15	7	0.025	-7.700234014995904	8
15	9	0.025	-6.130551304769582	8
16	0	0.025	-7.684778554723408	4
16	1	0.025	-7.746974785682815	4
16	2	0.025	-7.718205455047436	4
16	3	0.025	-7.742375293490516	4
16	5	0.025	-7.75642367989042	4
16	6	0.025	-7.601593546969936	4
16	7	0.025	-7.859305137854336	4
16	8	0.025	-7.8108046519056336	4
16	9	0.025	-7.315453165831384	4
17	0	0.025	-7.3759269565591925	5
17	1	0.025	-7.6104952162543595	5
17	2	0.025	-7.628065666994624	5
17	3	0.025	-7.203270836666969	5
17	4	0.025	-7.705288891186939	5
17	6	0.025	-7.666731059321054	5
17	7	0.025	-7.756752974646581	5
17	8	0.025	-7.714264442659592	5
17	9	0.025	-7.568670797429563	5
18	0	0.025	-7.296203303813548	3
18	1	0.025	-7.831663379812345	3
18	2	0.025	-7.862218422997502	3
18	4	0.025	-8.020841723572184	3
18	5	0.025	-5.085246152122486	3
18	6	0.025	-7.99198319244693	3
18	7	0.025	-8.01498623617813	3
18	8	0.025	-7.991017152953257	3
18	9	0.025	-7.3749145556947395	3
19	0	0.025	-7.670968159932241	4
19	1	0.025	-7.358072554931876	4
19	2	0.025	-7.722221449585006	4
19	3	0.025	-7.579319064583231	4
19	5	0.025	-7.654691545400026	4
19	6	0.025	-7.799486820181617	4
19	7	0.025	-7.80928775790743	4
19	8	0.025	-7.650933096075367	4
19	9	0.025	-3.3446921998037236	4
20	1	0.025	-6.252502480336707	0
20	2	0.025	-6.070375837749476	0
20	3	0.025	-6.008168665989976	0
20	4	0.025	-6.327445720893322	0
20	5	0.025	-6.0733699129215895	0
20	6	0.025	-6.294997269455159	0
20	7	0.025	-5.97230062120856	0
20	8	0.025	-1.0733903426515443	0
20	9	0.025	-5.050142634153506	0
21	0	0.025	-7.685071242335741	6
21	1	0.025	-7.681485236094506	6
21	2	0.025	-6.535106364470606	6
21	3	0.025	-7.647102704960348	6
21	4	0.025	-7.775830854066066	6
21	5	0.025	-7.73788053997005	6
21	7	0.025	-7.850875464405887	6
21	8	0.025	-7.8330553414518995	6
21	9	0.025	-7.697431274910143	6
22	0	0.025	-7.675632979592652	6
22	1	0.025	-7.654403185383515	6
22	2	0.025	-5.863359465423367	6
22	3	0.025	-7.61553483464967	6
22	4	0.025	-7.764045502568984	6
22	5	0.025	-7.813734242515373	6
22	7	0.025	-7.830369266052201	6
22	8	0.025	-7.787973864355361	6
22	9	0.025	-7.67331438831173	6
23	0	0.025	-7.872718795439203	3
23	1	0.025	-5.415414459385379	3
23	2	0.025	-6.23509333628217	3
23	4	0.025	-8.034129683316673	3
23	5	0.025	-2.5709746644643934	3
23	6	0.025	-8.000728426415876	3
23	7	0.025	-8.008646406589229	3
23	8	0.025	-7.975839760296493	3
23	9	0.025	-7.880150730197631	3
24	1	0.025	-7.547131192495175	0
24	2	0.025	-7.514629832632037	0
24	3	0.025	-7.373004123936925	0
24	4	0.025	-7.626837501293004	0
24	5	0.025	-7.584880938455759	0
24	6	0.025	-7.585896357417866	0
24	7	0.025	-7.6587385179616305	0
24	8	0.025	-7.67311005535496	0
24	9	0.025	-7.47106403081939	0
25	0	0.025	-7.612584222641276	2
25	1	0.025	-6.683731548470613	2
25	3	0.025	-6.2192781305908555	2
25	4	0.025	-7.743459116719261	2
25	5	0.025	-7.7855812968613645	2
25	6	0.025	-7.717778989757782	2
25	7	0.025	-7.7621278859284155	2
25	8	0.025	-7.752342815771366	2
25	9	0.025	-7.6473318759811795	2
26	0	0.025	-7.914519884890718	3
26	1	0.025	-7.883559137348809	3
26	2	0.025	-7.730986435358651	3
26	4	0.025	-8.062248387350873	3
26	5	0.025	-6.027363430369376	3
26	6	0.025	-8.041346401060165	3
26	7	0.025	-8.055392441330337	3
26	8	0.025	-8.025922738059322	3
26	9	0.025	-7.89858048013978	3
27	0	0.025	-7.63816282189367	6
27	1	0.025	-7.6134808962662195	6
27	2	0.025	-7.08997924192475	6
27	3	0.025	-7.52100401041775	6
27	4	0.025	-7.745853708934078	6
27	5	0.025	-4.848888979926925	6
27	7	0.025	-7.805011861613767	6
27	8	0.025	-7.57843033575352	6
27	9	0.025	-7.668202113079338	6
28	0	0.025	-7.695930400592361	6
28	1	0.025	-7.693840205129054	6
28	2	0.025	-7.671205414933603	6
28	3	0.025	-7.657420505067798	6
28	4	0.025	-7.792920584655463	6
28	5	0.025	-7.746496291945442	6
28	7	0.025	-7.868855240838858	6
28	8	0.025	-7.848238471566397	6
28	9	0.025	-7.726151953525928	6
29	0	0.025	-7.624110097334475	7
29	1	0.025	-7.667337096294797	7
29	2	0.025	-7.457460938806418	7
29	3	0.025	-7.171254004304011	7
29	4	0.025	-7.708382114596434	7
29	5	0.025	-7.571316579916822	7
29	6	0.025	-7.762999730315851	7
29	8	0.025	-7.754000309054338	7
29	9	0.025	-7.368653086705164	7
30	0	0.025	-7.685691694628656	4
30	1	0.025	-7.750224714002448	4
30	2	0.025	-7.725028528992076	4
30	3	0.025	-7.747860044000293	4
30	5	0.025	-7.737767852382882	4
30	6	0.025	-6.8205057710629555	4
30	7	0.025	-3.0101537021887927	4
30	8	0.025	-7.819668351968811	4
30	9	0.025	-7.062049172417168	4
32	0	0.025	-7.9133636598894705	3
32	1	0.025	-7.882921742040498	3
32	2	0.025	-7.900844460292544	3
32	4	0.025	-8.060819819740164	3
32	5	0.025	-8.035686110255085	3
32	6	0.025	-8.041013118884479	3
32	7	0.025	-8.053840843735319	3
32	8	0.025	-8.027980099862198	3
32	9	0.025	-7.893871498925033	3
33	0	0.025	-7.545399937522931	8
33	1	0.025	-7.5251190315193	8
33	2	0.025	-5.2859054287697615	8
33	3	0.025	-6.7446432612991565	8
33	4	0.025	-7.650948290651492	8
33	5	0.025	-7.658587436854387	8
33	6	0.025	-7.616311626942852	8
33	7	0.025	-7.700389161152198	8
33	9	0.025	-7.4855382369639525	8
34	0	0.025	0.14933737509118608	7
34	1	0.025	4.397637824938153	7
35	0	0.025	-7.589980709271888	5
35	1	0.025	-7.608702109702535	5
35	2	0.025	-7.6087590198798045	5
35	3	0.025	-6.910794634347073	5
35	4	0.025	-7.715557607436793	5
35	6	0.025	-7.6530185691114845	5
35	7	0.025	-7.755444530711764	5
35	8	0.025	-7.704471300621453	5
35	9	0.025	-7.594071763284332	5
36	0	0.025	-7.7025047481790425	4
36	1	0.025	-7.7656931798303095	4
36	2	0.025	-7.74347180739238	4
36	3	0.025	-7.755817596816277	4
36	5	0.025	-7.745018558058906	4
36	6	0.025	-7.812225951018205	4
36	7	0.025	-7.862144334564133	4
36	8	0.025	-7.802989345873589	4
36	9	0.025	-5.864305242646678	4
37	0	0.025	-7.614955788196644	2
37	1	0.025	-7.571931761245006	2
37	3	0.025	-5.073137927379734	2
37	4	0.025	-7.7380489732774835	2
37	5	0.025	-7.786684789508871	2
37	6	0.025	-7.710669210637283	2
37	7	0.025	-7.765993398494053	2
37	8	0.025	-7.720388245890192	2
37	9	0.025	-7.646986439445738	2
38	0	0.025	-7.569474734584789	5
38	1	0.025	-7.578053883826312	5
38	2	0.025	-7.592624833617571	5
38	3	0.025	-7.146237417947438	5
38	4	0.025	-7.693949355202935	5
38	6	0.025	-7.645912975465553	5
38	7	0.025	-7.7319297891039795	5
38	8	0.025	-7.488924283776963	5
38	9	0.025	-7.559327893765449	5
39	0	0.025	-4.699404539563246	5
39	1	0.025	-4.68999462801979	5
39	2	0.025	-4.729012531472965	5
39	3	0.025	-0.14397071079232365	5
39	4	0.025	-4.835675974121857	5
39	6	0.025	-4.809826093965851	5
39	7	0.025	-4.873863184111404	5
39	8	0.025	-4.849066670067136	5
39	9	0.025	-2.276045772196494	5
40	0	0.025	-3.8166124047581307	8
40	1	0.025	-2.6002356937940942	8
40	2	0.025	-3.8190032796565494	8
40	3	0.025	-1.5397952416271798	8
40	4	0.025	-3.9276465192617454	8
40	5	0.025	-3.700025244800014	8
40	6	0.025	-3.8645556763349296	8
40	7	0.025	-3.977935421549638	8
40	9	0.025	-3.7153404966677335	8
41	0	0.025	-7.597170547946183	5
41	1	0.025	-7.621928449742164	5
41	2	0.025	-7.629210819220588	5
41	3	0.025	-6.717842333638455	5
41	4	0.025	-7.726420933578167	5
41	6	0.025	-7.674659190963955	5
41	7	0.025	-7.759938145788047	5
41	8	0.025	-7.713898730447684	5
41	9	0.025	-6.191721406387279	5
42	0	0.025	-7.599044731953136	2
42	1	0.025	-7.561364612300544	2
42	3	0.025	-6.343614588384154	2
42	4	0.025	-7.724057584653029	2
42	5	0.025	-7.738051249945297	2
42	6	0.025	-7.698403616003491	2
42	7	0.025	-7.741230795730967	2
42	8	0.025	-7.637101398950494	2
42	9	0.025	-7.579683871504916	2
43	0	0.025	-7.36987384123506	9
43	1	0.025	-7.436183133569449	9
43	2	0.025	-7.414285896758286	9
43	3	0.025	-7.425871448828617	9
43	4	0.025	-1.0972885175268163	9
43	5	0.025	-7.3946277147162744	9
43	6	0.025	-7.4772775888973495	9
43	7	0.025	-7.530865047827133	9
43	8	0.025	-7.488882401913518	9
44	0	0.025	-7.613842153475021	2
44	1	0.025	-7.580546632020498	2
44	3	0.025	-7.476157955968791	2
44	4	0.025	-7.401808537931418	2
44	5	0.025	-7.767164487031653	2
44	6	0.025	-2.500962815333862	2
44	7	0.025	-7.657890527005055	2
44	8	0.025	-7.755459594943973	2
44	9	0.025	-7.627533032191091	2
45	0	0.025	-7.702649677195352	4
45	1	0.025	-7.764945281957754	4
45	2	0.025	-7.741779531211961	4
45	3	0.025	-7.76312427037103	4
45	5	0.025	-7.747144651720894	4
45	6	0.025	-7.817522642749225	4
45	7	0.025	-7.456932332336872	4
45	8	0.025	-7.835015879357588	4
45	9	0.025	-5.072665298571219	4
46	0	0.025	-7.619861765729781	2
46	1	0.025	-7.488390198178411	2
46	3	0.025	-7.3995892482029255	2
46	4	0.025	-7.746341252865878	2
46	5	0.025	-7.796739404774456	2
46	6	0.025	-7.720651687926702	2
46	7	0.025	-7.774357156721369	2
46	8	0.025	-7.767370740338557	2
46	9	0.025	-7.652125979609836	2
47	0	0.025	-7.614783587014388	7
47	1	0.025	-7.3878458947412655	7
47	2	0.025	-7.6025850866187925	7
47	3	0.025	-6.742101733908235	7
47	4	0.025	-7.664107929506705	7
47	5	0.025	-7.672934858172458	7
47	6	0.025	-7.745042697993833	7
47	8	0.025	-7.737496994154771	7
47	9	0.025	-7.39871496678733	7
48	1	0.025	-7.555256396974641	0
48	2	0.025	-7.523507207147247	0
48	3	0.025	-7.382925261968672	0
48	4	0.025	-7.631055136809627	0
48	5	0.025	-7.587989578413377	0
48	6	0.025	-7.576476039707012	0
48	7	0.025	-7.659347517408574	0
48	8	0.025	-7.676707978083808	0
48	9	0.025	-7.472058966171117	0
49	0	0.025	-7.600501274735543	5
49	1	0.025	-7.631678726344652	5
49	2	0.025	-7.645484215183202	5
49	3	0.025	-7.109111229888335	5
49	4	0.025	-7.727023722516255	5
49	6	0.025	-7.681216311054322	5
49	7	0.025	-7.763110355608215	5
49	8	0.025	-7.723870528090426	5
49	9	0.025	-7.573785411006869	5
50	0	0.025	-7.669561479246816	1
50	2	0.025	-7.6686349788402834	1
50	3	0.025	-6.634542493524936	1
50	4	0.025	-7.786225784134299	1
50	5	0.025	-7.7368657078060465	1
50	6	0.025	-7.778734220946072	1
50	7	0.025	-7.801165391290695	1
50	8	0.025	-7.744486770004311	1
50	9	0.025	-7.562152265907581	1
51	1	0.025	-7.5534691385639	0
51	2	0.025	-7.5232269144927395	0
51	3	0.025	-7.378100235728999	0
51	4	0.025	-7.627603983446907	0
51	5	0.025	-7.585182240904892	0
51	6	0.025	-7.5910401218234265	0
51	7	0.025	-7.660750431563502	0
51	8	0.025	-7.674862909574623	0
51	9	0.025	-7.4707844484544	0
52	0	0.025	-7.625237168699455	7
52	1	0.025	-7.665244119852712	7
52	2	0.025	-7.650953371747472	7
52	3	0.025	-6.950859694980479	7
52	4	0.025	-7.715302474594645	7
52	5	0.025	-7.667257733140854	7
52	6	0.025	-7.761655664353558	7
52	8	0.025	-7.752797265555068	7
52	9	0.025	-7.130599459217329	7
53	0	0.025	-7.709365454824466	9
53	1	0.025	-7.767160437651978	9
53	2	0.025	-7.75587872677051	9
53	3	0.025	-7.701927555244001	9
53	4	0.025	-7.726439935322301	9
53	5	0.025	-7.703330522787953	9
53	6	0.025	-7.828093450605765	9
53	7	0.025	-7.152405635873848	9
53	8	0.025	-7.828570458324671	9
54	0	0.025	-7.659632416403172	9
54	1	0.025	-7.724292218761583	9
54	2	0.025	-7.694789589470226	9
54	3	0.025	-7.698064789118737	9
54	4	0.025	-4.137965712473031	9
54	5	0.025	-7.684811441001775	9
54	6	0.025	-7.768655083292154	9
54	7	0.025	-7.806057491772149	9
54	8	0.025	-7.784365956285845	9
55	0	0.025	-7.688692843797852	9
55	1	0.025	-7.7590416295174345	9
55	2	0.025	-7.519264496783243	9
55	3	0.025	-7.71324442245771	9
55	4	0.025	-7.700286770663575	9
55	5	0.025	-7.704149780623811	9
55	6	0.025	-7.797600915727208	9
55	7	0.025	-7.828570432346047	9
55	8	0.025	-7.811305628540398	9
56	0	0.025	-7.693488657470923	6
56	1	0.025	-7.6887834478663795	6
56	2	0.025	-7.666352361459064	6
56	3	0.025	-7.660015491414737	6
56	4	0.025	-7.785812197809912	6
56	5	0.025	-7.834185614599211	6
56	7	0.025	-7.862102105597453	6
56	8	0.025	-7.842378885200934	6
56	9	0.025	-7.718102973206454	6
57	0	0.025	-7.597816019624557	5
57	1	0.025	-7.628707620368152	5
57	2	0.025	-7.630927921916446	5
57	3	0.025	-7.028105384256911	5
57	4	0.025	-7.714962206808591	5
57	6	0.025	-7.670682340439831	5
57	7	0.025	-7.763227079122837	5
57	8	0.025	-7.702716277878391	5
57	9	0.025	-6.467142160301134	5
58	0	0.025	-7.553663902238232	8
58	1	0.025	-7.533746248701404	8
58	2	0.025	-7.564713044448831	8
58	3	0.025	-7.276520951835005	8
58	4	0.025	-7.654853213603462	8
58	5	0.025	-7.647271835724764	8
58	6	0.025	-7.626988560270973	8
58	7	0.025	-7.706984198884147	8
58	9	0.025	-7.47805678462722	8
59	0	0.025	-7.541323119050588	8
59	1	0.025	-7.521268807408619	8
59	2	0.025	-7.5359854635441135	8
59	3	0.025	-7.221945175324724	8
59	4	0.025	-7.625540897442997	8
59	5	0.025	-7.661126584693769	8
59	6	0.025	-6.6350572901166815	8
59	7	0.025	-7.70052403699437	8
59	9	0.025	-7.46937321418265	8
60	0	0.025	-7.679673437816032	6
60	1	0.025	-7.669004352480063	6
60	2	0.025	-3.964990827479487	6
60	3	0.025	-7.634053162992978	6
60	4	0.025	-7.782558731905657	6
60	5	0.025	-7.726624533958337	6
60	7	0.025	-7.844898097752572	6
60	8	0.025	-7.820839973602109	6
60	9	0.025	-7.715107220606065	6
61	0	0.025	-7.707484856676583	9
61	1	0.025	-7.769952096286551	9
61	2	0.025	-7.750584786812593	9
61	3	0.025	-7.677762385808044	9
61	4	0.025	-7.731520969606907	9
61	5	0.025	-7.707026208532009	9
61	6	0.025	-7.8281924149821895	9
61	7	0.025	-7.468984451454958	9
61	8	0.025	-7.830138114388732	9
62	0	0.025	-2.986625555564896	9
62	1	0.025	-3.203171815374489	9
62	2	0.025	-3.172771166187391	9
62	3	0.025	-3.1152474214822456	9
62	4	0.025	-3.17043723871216	9
62	5	0.025	-3.170312025499136	9
62	6	0.025	-3.2430109617532916	9
62	7	0.025	-3.2822284666401425	9
62	8	0.025	-3.2763452449266497	9
63	0	0.025	-7.597030676867628	5
63	1	0.025	-3.3519997031943087	5
63	2	0.025	-7.6454834052982035	5
63	3	0.025	-7.32292354528051	5
63	4	0.025	-7.71569680500078	5
63	6	0.025	-7.680757778388463	5
63	7	0.025	-7.755559708418858	5
63	8	0.025	-7.718212331552984	5
63	9	0.025	-7.559699027131659	5
64	0	0.025	-7.701004269492625	4
64	1	0.025	-7.755410953690871	4
64	2	0.025	-7.741907286037743	4
64	3	0.025	-7.7689824073957565	4
64	5	0.025	-7.744862587492211	4
64	6	0.025	-7.824331320005589	4
64	7	0.025	-6.663316207483816	4
64	8	0.025	-7.834625702814006	4
64	9	0.025	-6.033545683399674	4
65	0	0.025	-7.519287100210649	2
65	1	0.025	-7.471606211101607	2
65	3	0.025	-1.6684908499841071	2
65	4	0.025	-7.651283459868175	2
65	5	0.025	-7.68665310320504	2
65	6	0.025	-7.628755892141795	2
65	7	0.025	-7.651544052621849	2
65	8	0.025	-7.618612553417009	2
65	9	0.025	-7.545234220324819	2
66	0	0.025	-7.693534610537603	6
66	1	0.025	-7.690351447836029	6
66	2	0.025	-7.66823300109511	6
66	3	0.025	-7.66434371914983	6
66	4	0.025	-7.788891526801996	6
66	5	0.025	-7.373558222003899	6
66	7	0.025	-7.863802315502715	6
66	8	0.025	-7.8440806789328406	6
66	9	0.025	-7.7208849619953615	6
67	0	0.025	-4.527738799702284	8
67	1	0.025	-7.533438960108153	8
67	2	0.025	-7.551474392973235	8
67	3	0.025	-0.030482531248085316	8
67	4	0.025	-7.654276144438553	8
67	5	0.025	-7.64909194354871	8
67	6	0.025	-7.624310371212512	8
67	7	0.025	-7.696996964929944	8
67	9	0.025	-6.546551567419006	8
68	0	0.025	-7.482963769221013	1
68	2	0.025	-6.81794571745219	1
68	3	0.025	-4.559072950776507	1
68	4	0.025	-7.612764506075257	1
68	5	0.025	-7.614107382841831	1
68	6	0.025	-7.5824244222414965	1
68	7	0.025	-7.6191547629773275	1
68	8	0.025	-7.590514028595536	1
68	9	0.025	-7.465638408206927	1
69	1	0.025	-7.553768817159875	0
69	2	0.025	-7.521827896239035	0
69	3	0.025	-7.391278616436627	0
69	4	0.025	-7.618200491113226	0
69	5	0.025	-7.580922427766962	0
69	6	0.025	-7.120321299021079	0
69	7	0.025	-6.87612427204511	0
69	8	0.025	-7.6710325261773455	0
69	9	0.025	-7.454732721377368	0
70	0	0.025	-7.694750508994659	6
70	1	0.025	-7.691726053387577	6
70	2	0.025	-7.669424905275563	6
70	3	0.025	-7.655089558581993	6
70	4	0.025	-7.7918266950417	6
70	5	0.025	-7.683295516307318	6
70	7	0.025	-7.866876161758158	6
70	8	0.025	-7.8480566666214715	6
70	9	0.025	-7.724564149348022	6
71	0	0.025	-7.655801680351146	9
71	1	0.025	-7.733263999303881	9
71	2	0.025	-7.719258192962412	9
71	3	0.025	-7.601485059337908	9
71	4	0.025	-7.684973087879159	9
71	5	0.025	-0.09458437097879548	9
71	6	0.025	-7.771124767139742	9
71	7	0.025	-7.128924695053854	9
71	8	0.025	-7.7592299898957835	9
72	0	0.025	-7.582763493788501	5
72	1	0.025	-7.6083586153792675	5
72	2	0.025	-7.618310798364365	5
72	3	0.025	-2.517398402342878	5
72	4	0.025	-7.716857341201942	5
72	6	0.025	-7.6678336953908905	5
72	7	0.025	-7.732062949155012	5
72	8	0.025	-7.146757258526713	5
72	9	0.025	-7.545645749011526	5
73	0	0.025	-7.588043595524436	5
73	1	0.025	-7.607918697382053	5
73	2	0.025	-7.609322823031281	5
73	3	0.025	-7.008259215753698	5
73	4	0.025	-7.7155064528308905	5
73	6	0.025	-7.6532905752511375	5
73	7	0.025	-7.755192233322794	5
73	8	0.025	-7.7090319778222565	5
73	9	0.025	-7.594580638537448	5
74	0	0.025	-7.70343541486009	4
74	1	0.025	-7.772333657348909	4
74	2	0.025	-7.746333247550701	4
74	3	0.025	-7.776154031029398	4
74	5	0.025	-7.75322307787176	4
74	6	0.025	-7.811117928682875	4
74	7	0.025	-7.869603927831833	4
74	8	0.025	-7.841022515089725	4
74	9	0.025	-7.036066572217587	4
75	0	0.025	-6.991254122794028	1
75	2	0.025	-6.989858038005307	1
75	3	0.025	-6.825649837471006	1
75	4	0.025	-7.110408545753681	1
75	5	0.025	-3.27065436702384	1
75	6	0.025	-7.087084658266425	1
75	7	0.025	-7.12653192805602	1
75	8	0.025	-7.089993696527486	1
75	9	0.025	-6.954771019963314	1
76	0	0.025	-7.680750877365048	6
76	1	0.025	-7.208637933244855	6
76	2	0.025	-3.898447440160871	6
76	3	0.025	-7.613904645873399	6
76	4	0.025	-7.787538182816206	6
76	5	0.025	-7.836374899217428	6
76	7	0.025	-7.843905299938878	6
76	8	0.025	-7.824772673760838	6
76	9	0.025	-7.720421885855235	6
77	0	0.025	-7.622760288954759	7
77	1	0.025	-7.6475511868979495	7
77	2	0.025	-7.528213170602662	7
77	3	0.025	-2.41399877795202	7
77	4	0.025	-7.705226432523421	7
77	5	0.025	-7.678873003608467	7
77	6	0.025	-7.751103158508752	7
77	8	0.025	-7.728519702649643	7
77	9	0.025	-7.40553419342604	7
78	0	0.025	-7.155785239248772	5
78	1	0.025	-7.621664975665223	5
78	2	0.025	-7.625473805914732	5
78	3	0.025	-7.270936239603656	5
78	4	0.025	-7.7139229495586905	5
78	6	0.025	-7.659786469356124	5
78	7	0.025	-7.752425914861045	5
78	8	0.025	-5.883250832402735	5
78	9	0.025	-7.575250129566217	5
79	0	0.025	-7.568143104053568	2
79	1	0.025	-7.571304875180424	2
79	3	0.025	-7.469805295817335	2
79	4	0.025	-3.7543897408019666	2
79	5	0.025	-6.535311204090889	2
79	6	0.025	-7.687015330699348	2
79	7	0.025	-7.23407017774105	2
79	8	0.025	-7.705721809773171	2
79	9	0.025	-7.5391321347601155	2
80	0	0.025	-7.605496404387929	9
80	1	0.025	-7.656137401012662	9
80	2	0.025	-7.656368074576008	9
80	3	0.025	-7.591212676628852	9
80	4	0.025	-4.612882124603923	9
80	5	0.025	-7.5940327183005385	9
80	6	0.025	-7.736032774286488	9
80	7	0.025	-7.613559789539616	9
80	8	0.025	-7.719334526381512	9
81	1	0.025	-7.525383906939076	0
81	2	0.025	-6.126714795089801	0
81	3	0.025	-7.422076441139731	0
81	4	0.025	-7.611168407353377	0
81	5	0.025	-7.609986670405109	0
81	6	0.025	-4.269264038854702	0
81	7	0.025	-7.660619339614185	0
81	8	0.025	-7.675249229561434	0
81	9	0.025	-7.492846393189042	0
82	0	0.025	-7.694245477241925	6
82	1	0.025	-7.690990736430081	6
82	2	0.025	-7.668833828564697	6
82	3	0.025	-7.659968880607691	6
82	4	0.025	-7.788007406040895	6
82	5	0.025	-7.836408735720685	6
82	7	0.025	-7.86519113766273	6
82	8	0.025	-7.844572451788774	6
82	9	0.025	-7.7202402211181695	6
83	0	0.025	-7.682829709521585	4
83	1	0.025	-7.742955139323441	4
83	2	0.025	-7.723170772912577	4
83	3	0.025	-7.7442415305715455	4
83	5	0.025	-7.7490927482515675	4
83	6	0.025	-7.142557396327426	4
83	7	0.025	-7.854980967918387	4
83	8	0.025	-7.819755116733575	4
83	9	0.025	-7.179672936365827	4
84	0	0.025	-7.705168792541374	4
84	1	0.025	-7.766542894565645	4
84	2	0.025	-7.748463585359843	4
84	3	0.025	-7.76387481481828	4
84	5	0.025	-7.743391152785944	4
84	6	0.025	-7.813900271568279	4
84	7	0.025	-7.867648691649416	4
84	8	0.025	-7.832523025928876	4
84	9	0.025	-5.088929405194919	4
85	0	0.025	-6.344392382307862	2
85	1	0.025	-7.565523181527084	2
85	3	0.025	-6.532417667522653	2
85	4	0.025	-7.66099802925591	2
85	5	0.025	-7.6400197346303464	2
85	6	0.025	-7.687345345817265	2
85	7	0.025	-3.972547622388349	2
85	8	0.025	-7.061306754618433	2
85	9	0.025	-7.45952184279527	2
86	0	0.025	-7.541602934064328	8
86	1	0.025	-7.52581347488972	8
86	2	0.025	-7.5510381748604685	8
86	3	0.025	-7.141228511556472	8
86	4	0.025	-7.6058815644145294	8
86	5	0.025	-7.61714473625915	8
86	6	0.025	-7.619859361268481	8
86	7	0.025	-7.694709677653295	8
86	9	0.025	-4.515481025033315	8
87	0	0.025	-7.623276029551266	7
87	1	0.025	-7.664159176004589	7
87	2	0.025	-7.660467120751158	7
87	3	0.025	-7.572424215243008	7
87	4	0.025	-7.70771787563199	7
87	5	0.025	-7.67130291864554	7
87	6	0.025	-7.762872262120153	7
87	8	0.025	-7.756420321882906	7
87	9	0.025	-7.413466756834829	7
88	0	0.025	-7.547548405340706	8
88	1	0.025	-7.510446689914955	8
88	2	0.025	-3.701757533446306	8
88	3	0.025	-7.308374721417087	8
88	4	0.025	-7.655795222536337	8
88	5	0.025	-7.663578250402798	8
88	6	0.025	-7.620362651580882	8
88	7	0.025	-7.701492545844893	8
88	9	0.025	-7.489510900985943	8
89	0	0.025	-7.914914379552215	3
89	1	0.025	-7.882703503600961	3
89	2	0.025	-7.902845688778598	3
89	4	0.025	-8.062952678930067	3
89	5	0.025	-7.756121968150502	3
89	6	0.025	-8.038253554469271	3
89	7	0.025	-8.055976852505518	3
89	8	0.025	-8.028263018306754	3
89	9	0.025	-7.897052541065225	3
90	1	0.025	-7.553464875858246	0
90	2	0.025	-7.52417838523038	0
90	3	0.025	-7.3770651807458965	0
90	4	0.025	-7.63134613812806	0
90	5	0.025	-7.586586136615005	0
90	6	0.025	-7.57786990437426	0
90	7	0.025	-7.660139672278374	0
90	8	0.025	-7.677323051710427	0
90	9	0.025	-7.475499927512107	0
91	0	0.025	-7.715941741355532	9
91	1	0.025	-7.773765815782778	9
91	2	0.025	-7.759923505778761	9
91	3	0.025	-7.704338986720097	9
91	4	0.025	-7.736375571014832	9
91	5	0.025	-7.71358296837621	9
91	6	0.025	-7.835545855138963	9
91	7	0.025	-7.845113981148343	9
91	8	0.025	-7.834557302095708	9
92	1	0.025	-7.544279958207482	0
92	2	0.025	-7.512738426189835	0
92	3	0.025	-7.348806043950356	0
92	4	0.025	-7.626080890902614	0
92	5	0.025	-6.834676495386553	0
92	6	0.025	-7.572666362383525	0
92	7	0.025	-7.6587131257624215	0
92	8	0.025	-7.495456469751573	0
92	9	0.025	-7.475241570677836	0
93	0	0.025	-7.651738856349567	1
93	2	0.025	-7.66038383802337	1
93	3	0.025	-7.481954953941644	1
93	4	0.025	-7.264415828347261	1
93	5	0.025	-7.734350546646387	1
93	6	0.025	-7.746580893318869	1
93	7	0.025	-7.785259589373631	1
93	8	0.025	-6.431473245556088	1
93	9	0.025	-7.017521476647104	1
94	0	0.025	-7.6765636785795355	1
94	2	0.025	-7.6663032356231895	1
94	3	0.025	-7.450299240010355	1
94	4	0.025	-6.614645497963337	1
94	5	0.025	-7.795032820289375	1
94	6	0.025	-7.76876868894405	1
94	7	0.025	-7.809047349081165	1
94	8	0.025	-7.777944554462539	1
94	9	0.025	-7.623265898318324	1
95	0	0.025	-7.707942378850258	9
95	1	0.025	-7.768499533626456	9
95	2	0.025	-7.755266680986263	9
95	3	0.025	-7.698423439185664	9
95	4	0.025	-7.729911348198427	9
95	5	0.025	-7.698208437290981	9
95	6	0.025	-7.831211266812469	9
95	7	0.025	-6.179109501345229	9
95	8	0.025	-7.8276835365090145	9
96	0	0.025	-7.702603899463976	4
96	1	0.025	-7.739341427896309	4
96	2	0.025	-7.744258441249299	4
96	3	0.025	-7.773927663037895	4
96	5	0.025	-7.752307934623432	4
96	6	0.025	-7.818782020818373	4
96	7	0.025	-7.862161713820887	4
96	8	0.025	-7.840580120551194	4
96	9	0.025	-6.959797007833732	4
97	0	0.025	-6.500715480963078	5
97	1	0.025	-6.497032939041257	5
97	2	0.025	-6.515877814346664	5
97	3	0.025	-5.089190754047177	5
97	4	0.025	-6.619130084810542	5
97	6	0.025	-6.423791317643317	5
97	7	0.025	-6.669645320928969	5
97	8	0.025	-6.616409569825113	5
97	9	0.025	-6.502984583156013	5
98	0	0.025	-5.904644352878864	9
98	1	0.025	-5.982573993246645	9
98	2	0.025	-5.946549100417269	9
98	3	0.025	-5.9382347884375575	9
98	4	0.025	-5.01307780079589	9
98	5	0.025	-5.934314340965846	9
98	6	0.025	-6.010801704326414	9
98	7	0.025	-6.057559945667624	9
98	8	0.025	-6.04329914577775	9
100	0	0.025	-7.694841605776808	6
100	1	0.025	-7.69219447121868	6
100	2	0.025	-7.669651947507256	6
100	3	0.025	-7.659159858910768	6
100	4	0.025	-7.791278784414596	6
100	5	0.025	-7.745151049893542	6
100	7	0.025	-7.866303610700392	6
100	8	0.025	-7.845086451046811	6
100	9	0.025	-7.724065599183273	6
101	0	0.025	-7.688868458077937	6
101	1	0.025	-7.678079810237536	6
101	2	0.025	-7.637528737828818	6
101	3	0.025	-7.563871414365228	6
101	4	0.025	-7.7798111241271855	6
101	5	0.025	-4.704503210174852	6
101	7	0.025	-7.856965790710785	6
101	8	0.025	-6.126694012617298	6
101	9	0.025	-7.69036089893289	6
102	1	0.025	-7.545926528927122	0
102	2	0.025	-7.51750290656887	0
102	3	0.025	-7.376075914206255	0
102	4	0.025	-7.6289936177771445	0
102	5	0.025	-7.589368751365779	0
102	6	0.025	-7.581261172401401	0
102	7	0.025	-7.660967119017604	0
102	8	0.025	-7.676656718068633	0
102	9	0.025	-7.475998293462958	0
103	0	0.025	-7.612741816354556	7
103	1	0.025	-7.676052462921951	7
103	2	0.025	-7.662972331791905	7
103	3	0.025	-7.579415033896125	7
103	4	0.025	-7.70118309535444	7
103	5	0.025	-5.620695200847145	7
103	6	0.025	-7.742049819666576	7
103	8	0.025	-7.751495651559237	7
103	9	0.025	-7.279607513401902	7
104	0	0.025	-5.8804914467704705	7
104	1	0.025	-5.929951481304606	7
104	2	0.025	-5.926132266710708	7
104	3	0.025	-5.795964682246232	7
104	4	0.025	-5.944332608517899	7
104	5	0.025	-5.886869035843962	7
104	6	0.025	-6.003330461109155	7
104	8	0.025	-2.312397250123058	7
104	9	0.025	-2.458486963251866	7
105	0	0.025	-4.125340658171117	8
105	1	0.025	-4.08644502366628	8
105	2	0.025	-4.114008878647945	8
105	3	0.025	2.3093907394039475	8
105	4	0.025	-4.2311024879637715	8
105	5	0.025	-4.240538177309048	8
105	6	0.025	-4.226116293402153	8
105	7	0.025	-4.2706118421424195	8
105	9	0.025	-4.057610747446484	8
106	0	0.025	-5.4225821761627175	4
106	1	0.025	-7.53242478146615	4
106	2	0.025	-1.9785416867358623	4
106	3	0.025	-7.493209153917268	4
106	5	0.025	-4.376938424986788	4
106	6	0.025	-6.479351494403935	4
106	7	0.025	-7.662515815080629	4
106	8	0.025	-7.62323563351138	4
106	9	0.025	-7.181810650319839	4
107	0	0.025	-7.541793247614626	8
107	1	0.025	-7.516314014808826	8
107	2	0.025	-7.5498380292316565	8
107	3	0.025	-4.149526344034157	8
107	4	0.025	-7.65302420952639	8
107	5	0.025	-7.643602244550808	8
107	6	0.025	-7.630231019048947	8
107	7	0.025	-7.684523172493158	8
107	9	0.025	-7.452359048384851	8
109	0	0.025	-7.357400604247322	1
109	2	0.025	-7.359909786728083	1
109	3	0.025	-7.18520665595392	1
109	4	0.025	-7.461303865189146	1
109	5	0.025	-5.213744645197728	1
109	6	0.025	-7.15444704311807	1
109	7	0.025	-7.495747187048703	1
109	8	0.025	-6.885797729163776	1
109	9	0.025	-7.2299193419717	1
110	0	0.025	-7.54255042374498	8
110	1	0.025	-7.529846375000162	8
110	2	0.025	-7.5456080992784145	8
110	3	0.025	-7.259375552636329	8
110	4	0.025	-7.647602714821761	8
110	5	0.025	-7.16308862092443	8
110	6	0.025	-7.612653397408796	8
110	7	0.025	-7.69562284159894	8
110	9	0.025	-7.462463886075106	8
111	1	0.025	-7.547863205818789	0
111	2	0.025	-7.524284007792915	0
111	3	0.025	-7.36216945528742	0
111	4	0.025	-7.620923723547027	0
111	5	0.025	-7.505413623980326	0
111	6	0.025	-6.7452225068171	0
111	7	0.025	-7.657083679446791	0
111	8	0.025	-6.820094671673321	0
111	9	0.025	-7.462659212801664	0
112	0	0.025	-7.537851498127951	2
112	1	0.025	-7.554496772505898	2
112	3	0.025	-7.347677200399094	2
112	4	0.025	-7.720433328579631	2
112	5	0.025	-7.750276310706355	2
112	6	0.025	-7.697220889723127	2
112	7	0.025	-7.747951529292605	2
112	8	0.025	-4.20413821888111	2
112	9	0.025	-7.599645626216659	2
113	0	0.025	-7.0870428211766585	9
113	1	0.025	-5.533778548675559	9
113	2	0.025	-7.129336762727138	9
113	3	0.025	-6.146408901665353	9
113	4	0.025	-6.217488939632766	9
113	5	0.025	-7.086308150559443	9
113	6	0.025	-7.222742979531745	9
113	7	0.025	-4.275433050631206	9
113	8	0.025	-6.908262466190369	9
114	0	0.025	-7.674578358381619	1
114	2	0.025	-6.4152363991279096	1
114	3	0.025	-7.537671775562494	1
114	4	0.025	-7.79158393349452	1
114	5	0.025	-7.80557611275985	1
114	6	0.025	-7.659311670068892	1
114	7	0.025	-7.8074610958684145	1
114	8	0.025	-7.7782202815847885	1
114	9	0.025	-7.650307283196195	1
115	1	0.025	-7.549563892848404	0
115	2	0.025	-7.450799587964249	0
115	3	0.025	-7.364614272287823	0
115	4	0.025	-7.627844541395335	0
115	5	0.025	-7.365032152477621	0
115	6	0.025	-7.588111957446195	0
115	7	0.025	-7.659478889905838	0
115	8	0.025	-7.67408085146897	0
115	9	0.025	-7.468395489494747	0
116	0	0.025	-7.9075759439245585	3
116	1	0.025	-7.876959770335449	3
116	2	0.025	-7.694754963936511	3
116	4	0.025	-8.04434136880114	3
116	5	0.025	-7.714439374885567	3
116	6	0.025	-8.027331840936686	3
116	7	0.025	-8.05008992220743	3
116	8	0.025	-8.018282702363173	3
116	9	0.025	-7.837733843037935	3
117	0	0.025	-7.711079599461003	9
117	1	0.025	-7.770983271531961	9
117	2	0.025	-7.749815936298227	9
117	3	0.025	-7.7022784748156	9
117	4	0.025	-7.504063431077201	9
117	5	0.025	-7.711686859873204	9
117	6	0.025	-7.829805318304696	9
117	7	0.025	-7.840285726674328	9
117	8	0.025	-7.829347486086428	9
118	0	0.025	-7.619531235617449	7
118	1	0.025	-7.675652302074693	7
118	2	0.025	-7.663943319160529	7
118	3	0.025	-7.578001425208414	7
118	4	0.025	-7.70800486122289	7
118	5	0.025	-7.6563460090056905	7
118	6	0.025	-7.756029324445831	7
118	8	0.025	-7.758411544362549	7
118	9	0.025	-7.317212036200957	7
119	1	0.025	-7.55432507146901	0
119	2	0.025	-7.524196845820808	0
119	3	0.025	-7.376360667481961	0
119	4	0.025	-7.631362867599774	0
119	5	0.025	-7.586874782299831	0
119	6	0.025	-7.592454924372731	0
119	7	0.025	-7.661313537084316	0
119	8	0.025	-7.677360961549319	0
119	9	0.025	-7.219762768723269	0
120	0	0.025	-7.629585579212366	4
120	1	0.025	-7.776308770577231	4
120	2	0.025	-7.747031546558377	4
120	3	0.025	-7.776412119033297	4
120	5	0.025	-7.743206320904645	4
120	6	0.025	-7.808219087431515	4
120	7	0.025	-5.630566403357533	4
120	8	0.025	-7.835925192126943	4
120	9	0.025	-6.051712215716744	4
121	0	0.025	-7.7030249594226	9
121	1	0.025	-7.765663586936317	9
121	2	0.025	-7.737051007409484	9
121	3	0.025	-7.712353871346712	9
121	4	0.025	-7.69522230280988	9
121	5	0.025	-7.714769087114938	9
121	6	0.025	-7.816826558593843	9
121	7	0.025	-7.835005203829983	9
121	8	0.025	-7.823067438193648	9
122	0	0.025	-7.693210095749665	6
122	1	0.025	-7.688922716879563	6
122	2	0.025	-6.65999546365293	6
122	3	0.025	-7.64880139576054	6
122	4	0.025	-7.788373292203284	6
122	5	0.025	-7.8314386400693765	6
122	7	0.025	-7.864557513775187	6
122	8	0.025	-5.968139636555099	6
122	9	0.025	-7.717004030198214	6
123	0	0.025	-0.2918816543424301	8
123	1	0.025	-0.30084473456285277	8
123	2	0.025	-0.31786927392914366	8
123	3	0.025	-0.12673612070539275	8
123	4	0.025	-0.3562008553472798	8
123	5	0.025	-0.3422824747040894	8
123	6	0.025	-0.3881307981396047	8
123	7	0.025	-0.3633381506948989	8
123	9	0.025	-0.052977137038080324	8
124	0	0.025	-7.678256970305573	9
124	1	0.025	-7.723450506593708	9
124	2	0.025	-7.721438995860577	9
124	3	0.025	-4.958161241509424	9
124	4	0.025	-7.713168301224956	9
124	5	0.025	-7.676162628203302	9
124	6	0.025	-7.801610534430992	9
124	7	0.025	-7.68974000654316	9
124	8	0.025	-6.343274010001293	9
125	0	0.025	-7.891178088393692	3
125	1	0.025	-7.8724973493354025	3
125	2	0.025	-7.89043933360374	3
125	4	0.025	-8.025644555180826	3
125	5	0.025	-7.8789038298962595	3
125	6	0.025	-8.018708474550174	3
125	7	0.025	-8.029262349883465	3
125	8	0.025	-7.991521057575421	3
125	9	0.025	-7.645244545576127	3
126	0	0.025	-2.7544432247489503	5
126	1	0.025	-2.6761733012071094	5
126	2	0.025	-2.7552228829889005	5
126	3	0.025	-2.569472310141568	5
126	4	0.025	-2.627563417751051	5
126	6	0.025	0.579608012856517	5
126	7	0.025	-2.934410520412975	5
126	8	0.025	-2.9002239717307083	5
126	9	0.025	-2.470590788142771	5
127	0	0.025	-6.982253220427231	4
127	1	0.025	-7.073046068024521	4
127	2	0.025	-7.043718601134579	4
127	3	0.025	-7.085174577346573	4
127	5	0.025	-7.056844363591472	4
127	6	0.025	-6.084738644500775	4
127	7	0.025	-7.169882628388649	4
127	8	0.025	-7.138590399059713	4
127	9	0.025	-0.6905529943368967	4
128	0	0.025	-7.91097933168649	3
128	1	0.025	-7.879993124670192	3
128	2	0.025	-7.84561670261459	3
128	4	0.025	-8.055485220860827	3
128	5	0.025	-2.4929940427238226	3
128	6	0.025	-8.036585431505406	3
128	7	0.025	-8.049875137558452	3
128	8	0.025	-8.007467330272608	3
128	9	0.025	-7.004215287400856	3
129	0	0.025	-7.610238566245874	2
129	1	0.025	-7.225175300751006	2
129	3	0.025	-3.704236064705329	2
129	4	0.025	-7.743871733832915	2
129	5	0.025	-7.785316517432739	2
129	6	0.025	-7.714200547558493	2
129	7	0.025	-7.759680513554726	2
129	8	0.025	-7.745043583812151	2
129	9	0.025	-7.6422602798967585	2
130	0	0.025	-0.5156234608331484	2
130	1	0.025	-0.47597832480068625	2
130	3	0.025	1.0444957240657404	2
130	4	0.025	-0.6394966844111366	2
130	5	0.025	-0.6277408356613049	2
130	6	0.025	-0.6139055888973418	2
130	7	0.025	-0.3534373940973912	2
130	8	0.025	3.5611024891640253	2
130	9	0.025	-0.4589663125889773	2
131	0	0.025	-7.703691394792547	4
131	1	0.025	-7.769266547935183	4
131	2	0.025	-7.746811934988123	4
131	3	0.025	-7.753343106944448	4
131	5	0.025	-7.74387953000041	4
131	6	0.025	-7.812953711118007	4
131	7	0.025	-7.6654442382212125	4
131	8	0.025	-7.838440973234462	4
131	9	0.025	-6.906307222129172	4
132	1	0.025	-7.536144881537627	0
132	2	0.025	-5.862455700191623	0
132	3	0.025	-7.380237201497011	0
132	4	0.025	-7.613923821147881	0
132	5	0.025	-7.588046566413492	0
132	6	0.025	-7.321030914740993	0
132	7	0.025	-7.658079812209525	0
132	8	0.025	-7.673294248815041	0
132	9	0.025	-7.471219605057255	0
133	0	0.025	-7.905626476660813	3
133	1	0.025	-7.876801229601616	3
133	2	0.025	-7.881267411837578	3
133	4	0.025	-8.049939166005437	3
133	5	0.025	-7.774358301666873	3
133	6	0.025	-8.03189832466258	3
133	7	0.025	-8.051369964455702	3
133	8	0.025	-8.023481962624121	3
133	9	0.025	-7.897365065508599	3
134	0	0.025	-7.519712221642617	2
134	1	0.025	-7.516174378071175	2
134	3	0.025	-7.4435222449674985	2
134	4	0.025	-7.650678178714399	2
134	5	0.025	-7.707200441368321	2
134	6	0.025	-7.292234108808724	2
134	7	0.025	-7.706531312137852	2
134	8	0.025	-7.694456101162339	2
134	9	0.025	-7.584160215118199	2
135	0	0.025	-7.909054282979274	3
135	1	0.025	-7.879156115234152	3
135	2	0.025	-7.840112088269489	3
135	4	0.025	-8.044862550856276	3
135	5	0.025	-5.973196167003144	3
135	6	0.025	-8.034849970697788	3
135	7	0.025	-8.049415393897567	3
135	8	0.025	-8.018152209180471	3
135	9	0.025	-7.726959699989758	3
136	0	0.025	-7.540433230417858	5
136	1	0.025	-7.498111432054648	5
136	2	0.025	-7.548447989569129	5
136	3	0.025	-2.0319672817405827	5
136	4	0.025	-7.674993043038419	5
136	6	0.025	-7.52105123978094	5
136	7	0.025	-6.411726861920913	5
136	8	0.025	-5.62955876556588	5
136	9	0.025	-7.5118231881187025	5
137	0	0.025	-7.673669646826514	1
137	2	0.025	-7.1398869688369375	1
137	3	0.025	-7.533216028512514	1
137	4	0.025	-7.627710476139065	1
137	5	0.025	-7.793108570562738	1
137	6	0.025	-6.912302356293195	1
137	7	0.025	-7.8078365774286045	1
137	8	0.025	-7.774291160672346	1
137	9	0.025	-7.63156122295599	1
138	0	0.025	-7.186409797097317	1
138	2	0.025	-7.1850939834846805	1
138	3	0.025	-6.86195802957995	1
138	4	0.025	-6.116858642537517	1
138	5	0.025	-7.279903582114508	1
138	6	0.025	-7.298448259815841	1
138	7	0.025	-7.316609832189743	1
138	8	0.025	-7.214713334817326	1
138	9	0.025	-7.014568460139082	1
139	0	0.025	-7.614052897387301	2
139	1	0.025	-7.202826012518365	2
139	3	0.025	-5.1450014740373815	2
139	4	0.025	-7.746320426606234	2
139	5	0.025	-7.787383096268492	2
139	6	0.025	-7.718609471759634	2
139	7	0.025	-7.697187899813964	2
139	8	0.025	-7.698617671041766	2
139	9	0.025	-7.65002120869453	2
140	0	0.025	-7.7044197508347265	4
140	1	0.025	-7.771805231923561	4
140	2	0.025	-7.747620449877899	4
140	3	0.025	-7.760296698384973	4
140	5	0.025	-7.74615586249892	4
140	6	0.025	-7.813931036679128	4
140	7	0.025	-6.429313187296968	4
140	8	0.025	-7.8113791075233445	4
140	9	0.025	-7.092797817940351	4
141	0	0.025	-4.709421604319683	8
141	1	0.025	-5.191985174288847	8
141	2	0.025	-4.429108519247547	8
141	3	0.025	-3.9109814602317723	8
141	4	0.025	-5.297034132514451	8
141	5	0.025	-5.315643907729935	8
141	6	0.025	-4.545297281136338	8
141	7	0.025	-5.364518391139735	8
141	9	0.025	-4.35502116799453	8
142	0	0.025	-7.619371809130755	2
142	1	0.025	-7.571349408668077	2
142	3	0.025	-7.401018650242536	2
142	4	0.025	-7.744926531538374	2
142	5	0.025	-7.794862090325656	2
142	6	0.025	-7.718946204055431	2
142	7	0.025	-7.758591014221338	2
142	8	0.025	-7.7671181071288515	2
142	9	0.025	-7.65215034706055	2
143	0	0.025	-7.620224370662054	2
143	1	0.025	-7.574649223769241	2
143	3	0.025	-7.402646758611899	2
143	4	0.025	-7.742923944985664	2
143	5	0.025	-7.797598993809027	2
143	6	0.025	-7.722445765533252	2
143	7	0.025	-7.7749600062487705	2
143	8	0.025	-7.7685462289098215	2
143	9	0.025	-7.65510917811342	2
144	0	0.025	-7.687490933380979	6
144	1	0.025	-7.6860474834054875	6
144	2	0.025	-7.416546977581668	6
144	3	0.025	-7.663600683224003	6
144	4	0.025	-7.772593036383164	6
144	5	0.025	-7.821007554735572	6
144	7	0.025	-7.840982980247536	6
144	8	0.025	-7.8332010757223935	6
144	9	0.025	-7.696998862674238	6
145	0	0.025	-6.853607972678249	8
145	1	0.025	-6.816310978543019	8
145	2	0.025	-1.5339794974146364	8
145	3	0.025	-6.6090596701330675	8
145	4	0.025	-6.963822150489731	8
145	5	0.025	-5.19119459944428	8
145	6	0.025	-6.926474352936319	8
145	7	0.025	-7.008592096407657	8
145	9	0.025	-6.808308101893756	8
146	0	0.025	-7.639217333275665	6
146	1	0.025	-7.644375408434796	6
146	2	0.025	-7.648505401791575	6
146	3	0.025	-7.513690997498556	6
146	4	0.025	-7.782916866490533	6
146	5	0.025	-4.304660626859283	6
146	7	0.025	-7.840038669840444	6
146	8	0.025	-6.160448931216447	6
146	9	0.025	-7.698134160724904	6
147	0	0.025	-7.6589249853527415	1
147	2	0.025	-7.632231424797082	1
147	3	0.025	-6.897747125666283	1
147	4	0.025	-7.772710935054849	1
147	5	0.025	-7.618919731215829	1
147	6	0.025	-4.02464451763514	1
147	7	0.025	-7.784769167531972	1
147	8	0.025	-7.761303512489564	1
147	9	0.025	-7.627853283427972	1
149	1	0.025	-7.5541965301704295	0
149	2	0.025	-7.5250676949462445	0
149	3	0.025	-7.375805571022852	0
149	4	0.025	-7.632361012568197	0
149	5	0.025	-7.58829360319271	0
149	6	0.025	-7.593980971553833	0
149	7	0.025	-7.66249554235867	0
149	8	0.025	-7.67766649923982	0
149	9	0.025	-7.479785751927068	0
150	0	0.025	-7.684255273677358	6
150	1	0.025	-7.686429551286917	6
150	2	0.025	-7.597207884210819	6
150	3	0.025	-7.629251046357838	6
150	4	0.025	-7.587007630052956	6
150	5	0.025	-7.81604793508449	6
150	7	0.025	-7.852708356462487	6
150	8	0.025	-7.844215678652064	6
150	9	0.025	-7.708800273257379	6
1	0	0.075	4.222317262472579	2
1	1	0.075	0.05440352336482609	2
1	3	0.075	7.189163857812355	2
1	4	0.075	0.043308308918129965	2
1	5	0.075	4.139764521976306	2
1	6	0.075	5.96586507159003	2
1	7	0.075	5.05094088055338	2
1	8	0.075	6.432344782133607	2
1	9	0.075	6.0193875441658795	2
2	1	0.075	-7.510217145840456	0
2	2	0.075	-6.085944861663135	0
2	3	0.075	-7.344450608741091	0
2	4	0.075	-7.361086972794606	0
2	5	0.075	-7.126835970926449	0
2	6	0.075	-5.9916239325814304	0
2	7	0.075	-7.283820376227823	0
2	8	0.075	-5.942078590437289	0
2	9	0.075	-7.4517565723137364	0
3	0	0.075	-7.69533317379065	4
3	1	0.075	-7.751182312377854	4
3	2	0.075	-7.577320233219355	4
3	3	0.075	-7.766100236191565	4
3	5	0.075	-7.743471822229134	4
3	6	0.075	-7.808634094509016	4
3	7	0.075	-5.1414473484030685	4
3	8	0.075	-7.827353464586642	4
3	9	0.075	-4.1053033179756735	4
4	0	0.075	7.688742315397725	8
4	1	0.075	7.266782172370817	8
4	2	0.075	7.740803324282909	8
4	3	0.075	8.040268781614015	8
4	4	0.075	3.207262851314358	8
4	5	0.075	7.796337677576345	8
4	6	0.075	7.869924400606329	8
4	7	0.075	4.515309480779108	8
4	9	0.075	7.175642111613286	8
5	0	0.075	-5.236101793497627	7
5	1	0.075	-7.5708112167277966	7
5	2	0.075	-1.5500677636413538	7
5	3	0.075	-0.7824892183241614	7
5	4	0.075	-5.538914378123734	7
5	5	0.075	-5.693134243732311	7
5	6	0.075	-5.864746126467787	7
5	8	0.075	-7.528172676177735	7
5	9	0.075	-2.7324870538922443	7
6	0	0.075	-2.2321973026779514	6
6	1	0.075	-4.897023807605327	6
6	2	0.075	0.8646845560144928	6
6	3	0.075	0.48941132854527203	6
6	4	0.075	-4.754225392372481	6
6	5	0.075	0.7690359958662549	6
6	7	0.075	-4.8322420510384445	6
6	8	0.075	2.1945923031000856	6
6	9	0.075	0.4389516466373618	6
7	1	0.075	-7.54864753013301	0
7	2	0.075	-7.52098949107993	0
7	3	0.075	-7.21188517559531	0
7	4	0.075	-7.625017173037603	0
7	5	0.075	-6.700036727492507	0
7	6	0.075	-7.585630794166116	0
7	7	0.075	-7.502527459499621	0
7	8	0.075	-7.667425511622973	0
7	9	0.075	-7.201825034347194	0
8	0	0.075	6.147559001644866	6
8	1	0.075	3.8888301820640625	6
8	2	0.075	7.048199574667173	6
8	3	0.075	6.202015202879458	6
8	4	0.075	4.079946992407637	6
8	5	0.075	7.68529891914794	6
8	7	0.075	0.1880228801443204	6
8	8	0.075	7.6881660918388315	6
8	9	0.075	2.6531477242406183	6
9	0	0.075	0.6615432327523598	3
9	1	0.075	3.178729195522043	3
9	2	0.075	5.88957080160294	3
9	4	0.075	-0.2429444460201459	3
9	5	0.075	7.128891007303958	3
9	6	0.075	-0.19412619333799125	3
9	7	0.075	-0.287534283743687	3
9	8	0.075	5.839240265558595	3
9	9	0.075	-0.13645061978351833	3
10	0	0.075	5.772260334240989	1
10	2	0.075	7.590062302528894	1
10	3	0.075	7.3468688466049175	1
10	4	0.075	5.456777992952008	1
10	5	0.075	6.913431500088151	1
10	6	0.075	6.213625279307083	1
10	7	0.075	6.676006535408821	1
10	8	0.075	6.80313020988607	1
10	9	0.075	5.157389439618192	1
11	0	0.075	3.1289879194188472	8
11	1	0.075	0.4262834313508057	8
11	2	0.075	6.949448493667173	8
11	3	0.075	1.7563197267836865	8
11	4	0.075	6.2858742992436545	8
11	5	0.075	7.75539429268365	8
11	6	0.075	7.865169261814646	8
11	7	0.075	0.022563637915084797	8
11	9	0.075	4.807161388779188	8
12	1	0.075	-7.206305420612988	0
12	2	0.075	-4.199563644051908	0
12	3	0.075	-5.199074370351707	0
12	4	0.075	-2.039993116634538	0
12	5	0.075	-7.510517183448203	0
12	6	0.075	-2.5062957892469817	0
12	7	0.075	-7.577274280848625	0
12	8	0.075	-6.640116333547987	0
12	9	0.075	-6.910699050155539	0
13	0	0.075	6.6738127319324425	7
13	1	0.075	2.504673232913135	7
13	2	0.075	7.226101701468144	7
13	3	0.075	7.234787112376275	7
13	4	0.075	-0.07638381957845401	7
13	5	0.075	6.387916315840339	7
13	6	0.075	2.999707695012978	7
13	8	0.075	2.3760481397234794	7
13	9	0.075	6.516554780654725	7
14	0	0.075	1.584838136255075	9
14	1	0.075	-0.27694402640118343	9
14	2	0.075	-0.27612942193495876	9
14	3	0.075	5.754484544823823	9
14	4	0.075	5.0598366422351795	9
14	5	0.075	-0.2633073779804168	9
14	6	0.075	-0.3569366642446636	9
14	7	0.075	5.730773202695433	9
14	8	0.075	5.242366128452331	9
15	0	0.075	3.945203641388998	8
15	1	0.075	-1.1013703177736534	8
15	2	0.075	4.415295037846534	8
15	3	0.075	3.797678033281601	8
15	4	0.075	-1.2125982484525268	8
15	5	0.075	4.713242113293025	8
15	6	0.075	1.650246102133866	8
15	7	0.075	3.253919485762882	8
15	9	0.075	4.013472747202857	8
16	0	0.075	0.7948716780156088	4
16	1	0.075	-1.248805830825549	4
16	2	0.075	1.0764459953054133	4
16	3	0.075	-1.1551733873799828	4
16	5	0.075	-1.314400964369097	4
16	6	0.075	5.535535514895175	4
16	7	0.075	-1.150653128057526	4
16	8	0.075	4.863885834599421	4
16	9	0.075	-0.2290696069119919	4
17	0	0.075	-0.0959055852504585	5
17	1	0.075	-2.750259274805833	5
17	2	0.075	-7.019722493617386	5
17	3	0.075	-3.009133163168932	5
17	4	0.075	-7.089290596575084	5
17	6	0.075	-1.8469591857982395	5
17	7	0.075	-1.853018816009223	5
17	8	0.075	-2.9438220915051314	5
17	9	0.075	-5.76127110427145	5
18	0	0.075	4.80139890701939	3
18	1	0.075	2.6758473784163237	3
18	2	0.075	-0.6416123492775915	3
18	4	0.075	-1.640177260741804	3
18	5	0.075	5.815128242220219	3
18	6	0.075	1.3602335251037763	3
18	7	0.075	-0.9470503075756774	3
18	8	0.075	-0.939675170183149	3
18	9	0.075	4.22971892573931	3
19	0	0.075	6.145193251255154	4
19	1	0.075	5.825622386710011	4
19	2	0.075	0.09411423448772484	4
19	3	0.075	6.841622023734303	4
19	5	0.075	7.76159081983692	4
19	6	0.075	0.013286808334984334	4
19	7	0.075	6.3344865345611785	4
19	8	0.075	7.243552824817888	4
19	9	0.075	7.776520476483029	4
20	1	0.075	1.3716430787878258	0
20	2	0.075	6.263679647859997	0
20	3	0.075	5.1893574914356035	0
20	4	0.075	2.013653589777108	0
20	5	0.075	6.8899034974914635	0
20	6	0.075	5.091709319915942	0
20	7	0.075	7.522689099699716	0
20	8	0.075	7.527354770512822	0
20	9	0.075	6.954685015288836	0
21	0	0.075	5.564071517838375	6
21	1	0.075	3.330166830591256	6
21	2	0.075	6.579903062270808	6
21	3	0.075	5.79547918901791	6
21	4	0.075	6.2359745220643115	6
21	5	0.075	5.724301270459408	6
21	7	0.075	4.2736720007502225	6
21	8	0.075	5.83828674880295	6
21	9	0.075	6.6630177473217564	6
22	0	0.075	0.4296378440904503	6
22	1	0.075	6.271745615618462	6
22	2	0.075	6.868785725098583	6
22	3	0.075	7.067848168465702	6
22	4	0.075	7.1164607756159715	6
22	5	0.075	6.3005281274127345	6
22	7	0.075	6.5847451170962294	6
22	8	0.075	7.447729938922992	6
22	9	0.075	7.446136804442669	6
23	0	0.075	-2.949423966150412	3
23	1	0.075	3.4024544274000807	3
23	2	0.075	1.5082501806646205	3
23	4	0.075	-3.1716647344742492	3
23	5	0.075	4.536846907423179	3
23	6	0.075	-3.117533113826472	3
23	7	0.075	-3.0027429593713375	3
23	8	0.075	-3.115424702234001	3
23	9	0.075	-3.0374907799009154	3
24	1	0.075	1.2092459906571682	0
24	2	0.075	4.706278079859449	0
24	3	0.075	-1.1360554782076466	0
24	4	0.075	-1.2910276715664362	0
24	5	0.075	4.492125514166231	0
24	6	0.075	5.588353959475816	0
24	7	0.075	1.5349579926533758	0
24	8	0.075	-1.2250009470105523	0
24	9	0.075	3.9229872651159563	0
25	0	0.075	4.123054275291304	2
25	1	0.075	5.144120319221019	2
25	3	0.075	6.4540751163360826	2
25	4	0.075	-0.40213223600558706	2
25	5	0.075	2.7727925921459224	2
25	6	0.075	3.4149215752646698	2
25	7	0.075	-0.17689905266623712	2
25	8	0.075	3.714211306929219	2
25	9	0.075	-0.011731843454649511	2
26	0	0.075	-7.883183172053375	3
26	1	0.075	-7.844474036916815	3
26	2	0.075	-6.167179191762777	3
26	4	0.075	-8.03146383704244	3
26	5	0.075	-0.3888690111092318	3
26	6	0.075	-8.004503433865263	3
26	7	0.075	-8.026668113207975	3
26	8	0.075	-7.51255889300191	3
26	9	0.075	-5.93900527282573	3
27	0	0.075	3.6719004420808656	6
27	1	0.075	7.622057105350961	6
27	2	0.075	7.014465655490222	6
27	3	0.075	8.029286813834313	6
27	4	0.075	6.383889583529444	6
27	5	0.075	7.741307067422846	6
27	7	0.075	0.9520116071973078	6
27	8	0.075	7.101110435994348	6
27	9	0.075	4.697747025035894	6
28	0	0.075	-5.083612859573535	6
28	1	0.075	-2.226976008361762	6
28	2	0.075	1.0875259710509846	6
28	3	0.075	-3.595682162749483	6
28	4	0.075	-5.203249473411646	6
28	5	0.075	1.0297932185194743	6
28	7	0.075	-5.332740141916447	6
28	8	0.075	0.41739417365258347	6
28	9	0.075	-4.858201759687039	6
29	0	0.075	3.842640825338887	7
29	1	0.075	0.7588599460285947	7
29	2	0.075	5.301162279686375	7
29	3	0.075	7.0236930873471906	7
29	4	0.075	0.1668861664978338	7
29	5	0.075	5.738689237254322	7
29	6	0.075	1.3084974489337458	7
29	8	0.075	5.824495134549922	7
29	9	0.075	2.602445705634824	7
30	0	0.075	5.755589514534898	4
30	1	0.075	2.8082199244558783	4
30	2	0.075	6.10099653423512	4
30	3	0.075	3.2541692331948857	4
30	5	0.075	6.462489772657351	4
30	6	0.075	6.71318173394996	4
30	7	0.075	7.173497754865701	4
30	8	0.075	5.235539281071347	4
30	9	0.075	7.307841905801362	4
32	0	0.075	-7.8105663082276	3
32	1	0.075	-7.17715612902083	3
32	2	0.075	-7.715822563860465	3
32	4	0.075	-7.936025341735565	3
32	5	0.075	-2.3385322082821105	3
32	6	0.075	-7.937472799401932	3
32	7	0.075	-7.896708485125762	3
32	8	0.075	-7.649520233424391	3
32	9	0.075	-6.498620144487549	3
33	0	0.075	4.287141565845837	8
33	1	0.075	0.08735771464527287	8
33	2	0.075	6.740928635235126	8
33	3	0.075	6.377688652031572	8
33	4	0.075	-0.04335282063252255	8
33	5	0.075	3.951355864563784	8
33	6	0.075	2.894900342730097	8
33	7	0.075	-0.09629586697338555	8
33	9	0.075	4.21593190197845	8
35	0	0.075	-7.572811112700837	5
35	1	0.075	-7.590108439185453	5
35	2	0.075	-7.588255901128499	5
35	3	0.075	-4.81931344286623	5
35	4	0.075	-7.693661594138453	5
35	6	0.075	-7.085487484778557	5
35	7	0.075	-7.7386430264282176	5
35	8	0.075	-7.656588359125476	5
35	9	0.075	-7.109932885530273	5
36	0	0.075	-0.6855288249235824	4
36	1	0.075	-0.7276081512241955	4
36	2	0.075	2.3391972949797664	4
36	3	0.075	-0.6403083600798517	4
36	5	0.075	-0.7149440349425934	4
36	6	0.075	0.9870179254937727	4
36	7	0.075	3.141427862556305	4
36	8	0.075	5.106823599849132	4
36	9	0.075	4.731804252539998	4
37	0	0.075	2.8919019183443697	2
37	1	0.075	0.15655168969744834	2
37	3	0.075	7.7968730509437645	2
37	4	0.075	0.12525653539588258	2
37	5	0.075	-0.07244645016602698	2
37	6	0.075	5.474837333785253	2
37	7	0.075	3.9585105331027046	2
37	8	0.075	4.76949070826336	2
37	9	0.075	0.1096623623420092	2
38	0	0.075	0.5720592594888595	5
38	1	0.075	0.7639966583927476	5
38	2	0.075	4.595350904132665	5
38	3	0.075	1.4195603769670884	5
38	4	0.075	-1.6385096643193824	5
38	6	0.075	3.262892789105138	5
38	7	0.075	0.9368207063589833	5
38	8	0.075	4.790404710997583	5
38	9	0.075	-1.4890370094594196	5
39	0	0.075	7.6968755329370335	5
39	1	0.075	7.591875356696529	5
39	2	0.075	7.7763643171127885	5
39	3	0.075	8.027584205230571	5
39	4	0.075	6.956213625796619	5
39	6	0.075	7.644475075194228	5
39	7	0.075	7.375544524480066	5
39	8	0.075	6.808105791774218	5
39	9	0.075	7.615357970705413	5
40	0	0.075	5.971582944028089	8
40	1	0.075	7.795486706720261	8
40	2	0.075	7.068538877928281	8
41	0	0.075	-7.577568196947219	5
41	1	0.075	-7.112730433400875	5
41	2	0.075	-7.60603356960376	5
41	3	0.075	-5.10025603099074	5
41	4	0.075	-7.707168446603716	5
41	6	0.075	-7.435573020327756	5
41	7	0.075	-7.739687880546788	5
41	8	0.075	-7.675441301907519	5
41	9	0.075	-2.6858921188133156	5
42	0	0.075	-0.06659604086276205	2
42	1	0.075	2.525012585035682	2
42	3	0.075	6.878811768310484	2
42	4	0.075	-0.1872365058686266	2
42	5	0.075	1.0587638158660833	2
42	6	0.075	2.105623451321759	2
42	7	0.075	4.251355715157752	2
42	8	0.075	5.592426762220173	2
42	9	0.075	3.807380525277868	2
43	0	0.075	6.49875628584399	9
43	1	0.075	6.4668713609959285	9
43	2	0.075	6.375445100005125	9
43	3	0.075	6.409655136115248	9
43	4	0.075	7.681475083634561	9
43	5	0.075	6.97072596658415	9
43	6	0.075	7.123993297279305	9
43	7	0.075	6.826143534990718	9
43	8	0.075	6.3844242591987665	9
44	0	0.075	4.6805254136838785	2
44	1	0.075	-0.8097860373628301	2
44	3	0.075	4.705757744328933	2
44	4	0.075	5.37164653349943	2
44	5	0.075	-0.8317747914337196	2
44	6	0.075	6.423186312319994	2
44	7	0.075	4.191316518289549	2
44	8	0.075	-0.9258191184309204	2
44	9	0.075	0.10019407092172704	2
45	0	0.075	-0.0023057029185224974	4
45	1	0.075	-0.26496360217902565	4
45	2	0.075	3.1804950244245065	4
45	3	0.075	-0.15713358752658435	4
45	5	0.075	3.140345488796905	4
45	6	0.075	1.9148982927824565	4
45	7	0.075	5.520946819032041	4
45	8	0.075	5.4077621046182225	4
45	9	0.075	6.64227842310151	4
46	0	0.075	-7.534968471052524	2
46	1	0.075	-4.283537679366023	2
46	3	0.075	-0.3758494499958134	2
46	4	0.075	-7.721144020279433	2
46	5	0.075	-7.767732181537684	2
46	6	0.075	-4.5418884176006795	2
46	7	0.075	-7.608022749140059	2
46	8	0.075	-7.351383197075454	2
46	9	0.075	-7.632177499540817	2
47	0	0.075	0.10299535711220818	7
47	1	0.075	5.138082930835153	7
47	2	0.075	5.491544408406812	7
47	3	0.075	7.657262536265491	7
47	4	0.075	3.737712261790834	7
47	5	0.075	0.3450265292547398	7
47	6	0.075	0.08347781925253736	7
47	8	0.075	5.960030072226915	7
47	9	0.075	5.445147444837636	7
48	1	0.075	-7.547546064042293	0
48	2	0.075	-7.440292218487275	0
48	3	0.075	-7.368176970155555	0
48	4	0.075	-7.616659611790392	0
48	5	0.075	-5.509710322815286	0
48	6	0.075	-1.6899494945479985	0
48	7	0.075	-1.1268762278961746	0
48	8	0.075	-7.573153432242431	0
48	9	0.075	-6.3403106908358575	0
49	0	0.075	-1.6600609873754357	5
49	1	0.075	-5.226137743854561	5
49	2	0.075	-5.2888440335723015	5
49	3	0.075	0.015093895536833445	5
49	4	0.075	-5.382127313554258	5
49	6	0.075	-5.348558502969022	5
49	7	0.075	-2.3709671083593387	5
49	8	0.075	-2.8387977850356063	5
49	9	0.075	-5.021314388615667	5
50	0	0.075	5.507600333519689	1
50	2	0.075	7.3020884264952235	1
50	3	0.075	7.62995447298024	1
50	4	0.075	6.069666180819712	1
50	5	0.075	6.5074181374754945	1
50	6	0.075	6.106740252872539	1
50	7	0.075	6.553067910863058	1
50	8	0.075	6.64026388454486	1
50	9	0.075	5.371673457133746	1
51	1	0.075	-7.3119370147637	0
51	2	0.075	-1.9712337961563184	0
51	3	0.075	-7.161587722229906	0
51	4	0.075	-7.419720571875104	0
51	5	0.075	-7.118077359034781	0
51	6	0.075	-6.274870195336454	0
51	7	0.075	-5.998827000841163	0
51	8	0.075	-6.955843995057855	0
51	9	0.075	-2.4943913294725095	0
52	0	0.075	5.61039943633101	7
52	1	0.075	4.926355602113293	7
52	2	0.075	5.752937433630971	7
52	3	0.075	7.237795771639025	7
52	4	0.075	0.1197246392764643	7
52	5	0.075	4.804976406355842	7
52	6	0.075	2.4529960162437185	7
52	8	0.075	4.303309835811608	7
52	9	0.075	5.41645192829215	7
53	0	0.075	3.717840236569153	9
53	1	0.075	4.73615824439127	9
53	2	0.075	2.908551067046579	9
53	3	0.075	5.50515483041228	9
53	4	0.075	6.538056926216352	9
53	5	0.075	6.672653967503314	9
53	6	0.075	2.9296693926479294	9
53	7	0.075	7.470649564087484	9
53	8	0.075	5.388754248785147	9
54	0	0.075	5.145788023421995	9
54	1	0.075	-0.0823019302817615	9
54	2	0.075	7.234305482057656	9
54	3	0.075	1.3397138475248613	9
54	4	0.075	7.462485746324749	9
54	5	0.075	2.609850297303305	9
54	6	0.075	5.208737270982525	9
54	7	0.075	5.900038190010761	9
54	8	0.075	6.2223912730904045	9
55	0	0.075	-0.7940723580926313	9
55	1	0.075	-1.1239160224099223	9
55	2	0.075	1.9106132678715988	9
55	3	0.075	-1.0257346221730899	9
55	4	0.075	0.7381801684642553	9
55	5	0.075	-1.0818820692916842	9
55	6	0.075	-1.0378792774254693	9
55	7	0.075	0.8899272007984137	9
55	8	0.075	3.933980286003308	9
56	0	0.075	-7.672598241522304	6
56	1	0.075	-7.6594903790888065	6
56	2	0.075	-7.175173375326841	6
56	3	0.075	-7.483050879644117	6
56	4	0.075	-7.094790307796059	6
56	5	0.075	-7.6733758639027	6
56	7	0.075	-7.832783446667804	6
56	8	0.075	-7.751423108305569	6
56	9	0.075	-7.651611424701237	6
57	0	0.075	3.943444330733238	5
57	1	0.075	0.8886389919431048	5
57	2	0.075	-0.017288313083009862	5
57	3	0.075	6.188214923075914	5
57	4	0.075	-0.2709330756058801	5
57	6	0.075	-0.25542179299382434	5
57	7	0.075	-0.3133593601239016	5
57	8	0.075	4.689740062085454	5
57	9	0.075	5.901147251998983	5
58	0	0.075	1.9577036756717574	8
58	1	0.075	1.5257539328203604	8
58	2	0.075	-1.6376221831794922	8
58	3	0.075	4.190137462947046	8
58	4	0.075	-1.932838908206001	8
58	5	0.075	3.559510917676561	8
58	6	0.075	2.265757465853726	8
58	7	0.075	-1.996500448346241	8
58	9	0.075	1.9028175019962688	8
59	0	0.075	2.074796267891401	8
59	1	0.075	-2.146231555785579	8
59	2	0.075	2.564485484687458	8
59	3	0.075	3.4632353147008033	8
59	4	0.075	3.368362543196353	8
59	5	0.075	2.8414747280896906	8
59	6	0.075	3.553439640865595	8
59	7	0.075	-1.2605061255198102	8
59	9	0.075	-1.0463429467474128	8
60	0	0.075	-0.6893898316135485	6
60	1	0.075	-0.7773607745791701	6
60	2	0.075	4.23270588319175	6
60	3	0.075	-1.9309310747925035	6
60	4	0.075	1.917558550368658	6
60	5	0.075	3.3644610276391047	6
60	7	0.075	-2.3184114245496046	6
60	8	0.075	3.1356353068459284	6
60	9	0.075	1.5728628067574602	6
61	0	0.075	1.9153452179324366	9
61	1	0.075	0.31137628415750623	9
61	2	0.075	3.9153042503135826	9
61	3	0.075	6.464474845787206	9
61	4	0.075	0.6904992715920437	9
61	5	0.075	7.061117541000196	9
61	6	0.075	2.4098065719499897	9
61	7	0.075	6.274082362082594	9
61	8	0.075	5.648694799165493	9
62	0	0.075	7.259273333887247	9
62	1	0.075	-0.023366422100543772	9
62	2	0.075	6.80533888022027	9
62	3	0.075	0.1712580850338244	9
62	4	0.075	6.47218373067805	9
62	5	0.075	5.257382627280386	9
62	6	0.075	4.47305803378594	9
62	7	0.075	3.060227064933665	9
62	8	0.075	5.320760330167338	9
63	0	0.075	4.040007786755008	5
63	1	0.075	4.580041244304126	5
63	2	0.075	-0.9129266153820172	5
63	3	0.075	2.5155502838993145	5
63	4	0.075	-0.20059439057386735	5
63	6	0.075	-2.110688170085361	5
63	7	0.075	4.761178388875723	5
63	8	0.075	0.4268105780947922	5
63	9	0.075	1.119601647495635	5
64	0	0.075	-1.0636885177543718	4
64	1	0.075	2.8025150063109217	4
64	2	0.075	-1.4951020054005477	4
64	3	0.075	2.327073492973544	4
64	5	0.075	0.35120889434970026	4
64	6	0.075	2.8326513314885013	4
64	7	0.075	5.470376625142686	4
64	8	0.075	-0.5337659754317114	4
64	9	0.075	4.5528072221694	4
65	0	0.075	0.008662281861945046	2
65	1	0.075	0.4979164965090745	2
65	3	0.075	7.835183435928479	2
65	4	0.075	0.09631923974088374	2
65	5	0.075	1.7137102311282635	2
65	6	0.075	1.5790928582296988	2
65	7	0.075	6.108252254562775	2
65	8	0.075	6.175516329126074	2
65	9	0.075	0.10738740275209833	2
66	0	0.075	-7.6485895584423025	6
66	1	0.075	-7.670414595908579	6
66	2	0.075	-3.4726307819912816	6
66	3	0.075	-7.637174484950775	6
66	4	0.075	-4.73651708224953	6
66	5	0.075	-2.3116029951686934	6
66	7	0.075	-7.805492003445979	6
66	8	0.075	-7.80564877477788	6
66	9	0.075	-7.64932917844801	6
67	0	0.075	5.87292233884597	8
67	1	0.075	-0.601206415083384	8
67	2	0.075	2.785758431543224	8
67	3	0.075	6.4130039457357375	8
67	4	0.075	-0.9027037905289703	8
67	5	0.075	1.2710036056798935	8
67	6	0.075	0.41373758045815345	8
67	7	0.075	-1.3776696241243485	8
67	9	0.075	2.752404805902633	8
68	0	0.075	5.990080634003772	1
68	2	0.075	7.5173603951097325	1
68	3	0.075	7.929763239339453	1
68	4	0.075	5.832988896249252	1
68	5	0.075	6.844595263964725	1
68	6	0.075	6.378544077236972	1
68	7	0.075	6.835885103586578	1
68	8	0.075	7.414936355966342	1
68	9	0.075	6.746824034634399	1
69	1	0.075	-5.736820261290321	0
69	2	0.075	-5.704096895183648	0
69	3	0.075	-5.578608796518376	0
69	4	0.075	-5.454582315408316	0
69	5	0.075	-2.5810053409038876	0
69	6	0.075	-0.6841267079524982	0
69	7	0.075	-2.614607763789179	0
69	8	0.075	-5.844853046539698	0
69	9	0.075	-3.66136015880564	0
70	0	0.075	-7.028459327399193	6
70	1	0.075	-7.020509892464763	6
70	2	0.075	-1.6242124575383974	6
70	3	0.075	-3.848068265749095	6
70	4	0.075	-1.7024295788315402	6
70	5	0.075	-0.6082973326029826	6
70	7	0.075	-7.040501511575329	6
70	8	0.075	-4.3026803437716	6
70	9	0.075	-7.035954455533146	6
71	0	0.075	5.168168127850754	9
71	1	0.075	3.955716269518196	9
71	2	0.075	5.514191040167039	9
71	3	0.075	7.1985726663789515	9
71	4	0.075	5.356422328512013	9
71	5	0.075	7.691734025244439	9
71	6	0.075	5.423709061846782	9
71	7	0.075	7.205065636432956	9
71	8	0.075	4.511389554548114	9
72	0	0.075	4.351491303222044	5
72	1	0.075	2.22737946581044	5
72	2	0.075	2.7494846103534387	5
72	3	0.075	7.100070136250672	5
72	4	0.075	-0.6139045273888678	5
72	6	0.075	3.645855210837715	5
72	7	0.075	6.0943444739234	5
72	8	0.075	5.11238258989061	5
72	9	0.075	5.251019093271509	5
73	0	0.075	1.739216345531906	5
73	1	0.075	-0.29646792511666015	5
73	2	0.075	-1.5668988935603367	5
73	3	0.075	2.6091776606718797	5
73	4	0.075	-1.826250588433254	5
73	6	0.075	4.135781663063218	5
73	7	0.075	-1.8761296226727702	5
73	8	0.075	-0.6613713594559484	5
73	9	0.075	1.4472458136207476	5
74	0	0.075	-2.4876642563284608	4
74	1	0.075	-0.09982630099539952	4
74	2	0.075	0.760214213175502	4
74	3	0.075	-3.1322777995755904	4
74	5	0.075	-1.8195196333813868	4
74	6	0.075	-3.160850303717042	4
74	7	0.075	1.4961514523775035	4
74	8	0.075	-3.2367425974950037	4
74	9	0.075	1.9478086232469987	4
75	0	0.075	5.908939525531049	1
75	2	0.075	6.775017822305686	1
75	3	0.075	7.461706738739109	1
75	4	0.075	5.387126016853197	1
75	5	0.075	6.742240432307053	1
75	6	0.075	6.263596891447799	1
75	7	0.075	5.5084838102893	1
75	8	0.075	6.548311929023359	1
75	9	0.075	5.485343025507799	1
76	0	0.075	-4.808654396602028	6
76	1	0.075	-0.09213079180560571	6
76	2	0.075	2.5078507148621387	6
76	3	0.075	-1.1397446992644005	6
76	4	0.075	-4.537743081380686	6
76	5	0.075	-1.2496347063221598	6
76	7	0.075	-4.950522007171046	6
76	8	0.075	-0.9685576103654522	6
76	9	0.075	-4.829335616055114	6
77	0	0.075	0.1722347312966564	7
77	1	0.075	0.20044944067785944	7
77	2	0.075	7.3075205227135065	7
77	3	0.075	7.864067338650897	7
77	4	0.075	5.051759390384515	7
77	5	0.075	3.879237880900113	7
77	6	0.075	0.07638874112224694	7
77	8	0.075	6.575493935375542	7
77	9	0.075	4.842850377095441	7
78	0	0.075	7.412394398868642	5
78	1	0.075	0.05858621893182393	5
78	2	0.075	-0.00577676370763839	5
78	3	0.075	0.9761022535740288	5
78	4	0.075	1.100603989742624	5
78	6	0.075	4.142420749159898	5
78	7	0.075	-0.147867725199521	5
78	8	0.075	4.973044561160752	5
78	9	0.075	0.4761177299907019	5
79	0	0.075	-0.32228978711721484	2
79	1	0.075	3.6920439971897734	2
79	3	0.075	4.281468099114177	2
79	4	0.075	6.707316139930632	2
79	5	0.075	5.666390149585667	2
79	6	0.075	0.7872405618324851	2
79	7	0.075	5.399976835798985	2
79	8	0.075	-0.41731572568869985	2
79	9	0.075	0.05878626349449057	2
80	0	0.075	-0.03238918142738578	9
80	1	0.075	4.046479052056153	9
80	2	0.075	-0.06024422156963189	9
80	3	0.075	7.1635894657800145	9
80	4	0.075	7.383704722768279	9
80	5	0.075	5.45431937251961	9
80	6	0.075	-0.14119887471645506	9
80	7	0.075	7.2146439764307875	9
80	8	0.075	3.9813128164906946	9
81	1	0.075	0.8929222215173368	0
81	2	0.075	5.669811846576943	0
81	3	0.075	-1.2465996245286428	0
81	4	0.075	1.035451418965127	0
81	5	0.075	-0.488866976092443	0
81	6	0.075	3.957887588145006	0
81	7	0.075	-1.5393626057329421	0
81	8	0.075	-1.5311020464908291	0
81	9	0.075	-1.3609097619141652	0
82	0	0.075	-0.6907568435215925	6
82	1	0.075	-6.060275876823688	6
82	2	0.075	-0.18629556620423582	6
82	3	0.075	-5.9081648334826715	6
82	4	0.075	-2.0211200417290893	6
82	5	0.075	-1.2499382738632852	6
82	7	0.075	-6.2059798512270214	6
82	8	0.075	-1.975364270124976	6
82	9	0.075	-6.007766807692001	6
83	0	0.075	-0.43542884399369536	4
83	1	0.075	-0.546014013479089	4
83	2	0.075	2.8718845462390092	4
83	3	0.075	-0.44457991386035345	4
83	5	0.075	-0.21111999751718566	4
83	6	0.075	6.156783129836581	4
83	7	0.075	5.302103668971531	4
83	8	0.075	-0.01191617063851249	4
83	9	0.075	2.5659079287465385	4
84	0	0.075	-0.23378722390495743	4
84	1	0.075	0.2500843454088845	4
84	2	0.075	3.781614022093996	4
84	3	0.075	2.3318618969645417	4
84	5	0.075	3.4157825675170277	4
84	6	0.075	-0.3455207229623558	4
84	7	0.075	4.981384492214756	4
84	8	0.075	-0.24535783111989362	4
84	9	0.075	6.671936405101103	4
85	0	0.075	5.466394917513127	2
85	1	0.075	1.165211276846627	2
85	3	0.075	6.59719405525037	2
85	4	0.075	-0.3442013829139938	2
85	5	0.075	3.6505806489857813	2
85	6	0.075	-0.38831849991990897	2
85	7	0.075	5.925227968636953	2
85	8	0.075	4.994393217822594	2
85	9	0.075	2.1263600707254597	2
86	0	0.075	7.613123156882941	8
86	1	0.075	7.381837499030876	8
86	2	0.075	6.737508569928143	8
86	3	0.075	7.964394724576322	8
86	4	0.075	7.859480300482737	8
86	5	0.075	7.793795470865851	8
86	6	0.075	6.54678262541165	8
86	7	0.075	7.083368793007855	8
86	9	0.075	7.842692106288052	8
87	0	0.075	-3.2081574567686078	7
87	1	0.075	1.565498245463097	7
87	2	0.075	2.3411180595075054	7
87	3	0.075	2.642375452493302	7
87	4	0.075	0.6524174571744364	7
87	5	0.075	-0.29163656658234033	7
87	6	0.075	-0.5531551167263409	7
87	8	0.075	0.7979452702887645	7
87	9	0.075	-1.5079735437972894	7
88	0	0.075	-5.047471459821066	8
88	1	0.075	-6.232594947196242	8
88	2	0.075	1.1006477783181399	8
88	3	0.075	-1.5995366699738542	8
88	4	0.075	-6.534518324201486	8
88	5	0.075	-2.8837734794014818	8
88	6	0.075	-5.256939589173356	8
88	7	0.075	-5.01763976868533	8
88	9	0.075	-4.10285130597405	8
89	0	0.075	-0.08787763966592113	3
89	1	0.075	3.800075832189266	3
89	2	0.075	-0.6654979956430255	3
89	4	0.075	-1.2832840209680203	3
89	5	0.075	4.837373909555446	3
89	6	0.075	-1.3276696879544467	3
89	7	0.075	-1.3729432245949726	3
89	8	0.075	0.2661090587338367	3
89	9	0.075	3.7494100737431255	3
90	1	0.075	-7.547309448711021	0
90	2	0.075	-7.115781242773766	0
90	3	0.075	-7.367686982933042	0
90	4	0.075	-7.619443773412707	0
90	5	0.075	-7.143672825929498	0
90	6	0.075	-3.5473770915369474	0
90	7	0.075	-7.058527584538125	0
90	8	0.075	-7.662785571095013	0
90	9	0.075	-5.292554117976089	0
91	0	0.075	-3.018539975479673	9
91	1	0.075	-3.080177247647432	9
91	2	0.075	-2.565951716998779	9
91	3	0.075	-0.29457954993891294	9
91	4	0.075	-0.04944661468128595	9
91	5	0.075	-3.035377438938857	9
91	6	0.075	-3.1280026315166998	9
91	7	0.075	1.1093992269545305	9
91	8	0.075	0.4116511698540475	9
92	1	0.075	5.063649852737336	0
92	2	0.075	5.698656776580972	0
92	3	0.075	4.06129595926812	0
92	4	0.075	2.7292250320827365	0
92	5	0.075	6.9093099883316675	0
92	6	0.075	5.168904817956839	0
92	7	0.075	3.447328938778296	0
92	8	0.075	3.93833094375692	0
92	9	0.075	1.1862624419576284	0
93	0	0.075	2.0894260899815293	1
93	2	0.075	4.41900642566396	1
93	3	0.075	6.592831536569294	1
93	4	0.075	4.439414363660064	1
93	5	0.075	4.201693486893155	1
93	6	0.075	2.353880045699854	1
93	7	0.075	5.327998541850981	1
93	8	0.075	7.183896050326791	1
93	9	0.075	5.842031626202652	1
94	0	0.075	1.9352264337575076	1
94	2	0.075	5.030621500919406	1
94	3	0.075	6.561820997093772	1
94	4	0.075	4.650890602945249	1
94	5	0.075	4.442732139001918	1
94	6	0.075	5.240470024625585	1
94	7	0.075	4.898494985133962	1
94	8	0.075	5.416205452893852	1
94	9	0.075	4.522793482717913	1
95	0	0.075	3.5131216664131966	9
95	1	0.075	0.16951041234989145	9
95	2	0.075	-0.3670104824619889	9
95	3	0.075	4.689367773633459	9
95	4	0.075	0.9163738603498168	9
95	5	0.075	6.646491632205347	9
95	6	0.075	-0.4363801290626799	9
95	7	0.075	6.478966398968193	9
95	8	0.075	-0.351224503658367	9
96	0	0.075	0.00796854838216791	4
96	1	0.075	2.974996562396072	4
96	2	0.075	1.8994653580174286	4
96	3	0.075	-0.7511210340483484	4
96	5	0.075	-0.7659753001589773	4
96	6	0.075	1.174829245851943	4
96	7	0.075	3.836936637702835	4
96	8	0.075	-0.814091336832302	4
96	9	0.075	6.562889292644861	4
97	0	0.075	5.345863999100997	5
97	1	0.075	5.055170358371665	5
97	2	0.075	4.475919634234161	5
97	3	0.075	7.101015165928515	5
97	4	0.075	4.033786285968357	5
97	6	0.075	7.52032338570117	5
97	7	0.075	4.166245742185931	5
97	8	0.075	6.710497419907844	5
97	9	0.075	0.2951699734840309	5
98	0	0.075	4.818116341582883	9
98	1	0.075	0.10318449071481067	9
98	2	0.075	5.460961618084006	9
98	3	0.075	3.390381136146534	9
98	4	0.075	6.257606185931926	9
98	5	0.075	6.862912823758213	9
98	6	0.075	6.033466460826582	9
98	7	0.075	7.457489450193343	9
98	8	0.075	3.088756405803972	9
100	0	0.075	-1.307004572029219	6
100	1	0.075	2.3973735369139937	6
100	2	0.075	5.062554909949593	6
100	3	0.075	2.1008384838725305	6
100	4	0.075	-0.3813644196520278	6
100	5	0.075	3.6820355692672972	6
100	7	0.075	0.05238167264675942	6
100	8	0.075	3.668791269266934	6
100	9	0.075	0.7220695186262851	6
101	0	0.075	5.788180799298281	6
101	1	0.075	5.8476568668527324	6
101	2	0.075	7.215507615815177	6
101	3	0.075	7.3581616662103135	6
101	4	0.075	6.194199877944577	6
101	5	0.075	7.765203891250408	6
101	7	0.075	0.559174820364224	6
101	8	0.075	7.648642834428026	6
101	9	0.075	6.4280497538311625	6
102	1	0.075	-7.272472510739454	0
102	2	0.075	-5.634231495097253	0
102	3	0.075	-7.353014699434077	0
102	4	0.075	-7.6133144355945666	0
102	5	0.075	-7.547733081825798	0
102	6	0.075	-5.477213391310628	0
102	7	0.075	-7.647308439665552	0
102	8	0.075	-7.66721033358549	0
102	9	0.075	-7.468025316209908	0
103	0	0.075	0.9050210322230895	7
103	1	0.075	-0.5803124612469327	7
103	2	0.075	0.7377657701519236	7
103	3	0.075	-2.0500097862847086	7
103	4	0.075	-3.319717717527339	7
103	5	0.075	2.8629584423549685	7
103	6	0.075	-1.5528753586238708	7
103	8	0.075	-2.9195520953660483	7
103	9	0.075	1.339992190678213	7
105	0	0.075	4.728197926378298	8
105	1	0.075	0.4500463113415107	8
105	2	0.075	7.442846579089765	8
106	0	0.075	6.222941947376843	4
106	1	0.075	4.717254144442575	4
106	2	0.075	7.7238263539091445	4
106	3	0.075	6.465919418893107	4
106	5	0.075	7.690037340441419	4
106	6	0.075	7.826627086292629	4
106	7	0.075	5.615114523858078	4
106	8	0.075	6.19141042203437	4
106	9	0.075	6.141173361177413	4
107	0	0.075	1.0607837573027945	8
107	1	0.075	0.05430963072390482	8
107	2	0.075	6.011820915157159	8
107	3	0.075	7.4953831581742225	8
107	4	0.075	-0.09370080768782112	8
107	5	0.075	5.041458260498611	8
107	6	0.075	0.5147366928592656	8
107	7	0.075	7.370213548462763	8
107	9	0.075	2.2430556917319704	8
108	0	0.075	5.127127658496075	8
109	0	0.075	6.68710764090762	1
109	2	0.075	7.364397868239068	1
109	3	0.075	7.9333653266802715	1
109	4	0.075	7.515322751283504	1
109	5	0.075	7.765823751388106	1
109	6	0.075	7.6984675076889655	1
109	7	0.075	6.503922750244916	1
109	8	0.075	7.117156309356937	1
109	9	0.075	7.365093887819988	1
110	0	0.075	2.1636239414987637	8
110	1	0.075	0.05249939560938183	8
110	2	0.075	5.787675219442743	8
110	3	0.075	6.433078724779216	8
110	4	0.075	-0.0027350439940131283	8
110	5	0.075	6.584218087938316	8
110	6	0.075	4.499064583858767	8
110	7	0.075	1.595858402087787	8
110	9	0.075	4.6154354048272594	8
111	1	0.075	-2.4301321667853255	0
111	2	0.075	-2.399261613025398	0
111	3	0.075	1.9800584529191294	0
111	4	0.075	-1.468186273181356	0
111	5	0.075	4.142513932017669	0
111	6	0.075	3.4812267089031774	0
111	7	0.075	2.9335534587619083	0
111	8	0.075	3.6335494920731497	0
111	9	0.075	1.2211540675533077	0
112	0	0.075	4.740340550731954	2
112	1	0.075	4.459736735986499	2
112	3	0.075	6.578376042226473	2
112	4	0.075	0.37384995860806186	2
112	5	0.075	2.7617705907744576	2
112	6	0.075	1.562423764379386	2
112	7	0.075	1.6190175391988237	2
112	8	0.075	7.388991064443423	2
112	9	0.075	5.332745203320218	2
113	0	0.075	4.018023856226205	9
113	1	0.075	6.141147999059777	9
113	2	0.075	1.3463781603274028	9
113	3	0.075	6.263437403495464	9
113	4	0.075	5.725654908035225	9
113	5	0.075	5.415966921546675	9
113	6	0.075	-0.20515656584715922	9
113	7	0.075	7.271149407832144	9
113	8	0.075	6.122633995817149	9
114	0	0.075	1.3377927517989598	1
114	2	0.075	6.669166547612182	1
114	3	0.075	6.7268947991846995	1
114	4	0.075	4.777991487239923	1
114	5	0.075	3.41877300218393	1
114	6	0.075	6.87836453809297	1
114	7	0.075	3.932009779159708	1
114	8	0.075	6.493654054019613	1
114	9	0.075	2.9118824438234507	1
115	1	0.075	0.19627626806970444	0
115	2	0.075	4.439215061146033	0
115	3	0.075	1.4453888650443936	0
115	4	0.075	-0.8528126260504784	0
115	5	0.075	6.511630839350135	0
115	6	0.075	2.8903616745779743	0
115	7	0.075	-0.17130598005427478	0
115	8	0.075	-0.72785397721003	0
115	9	0.075	-0.3715101927811457	0
116	0	0.075	-0.20301625432665923	3
116	1	0.075	0.08397481591892374	3
116	2	0.075	3.855434163255414	3
116	4	0.075	0.9679066489695668	3
116	5	0.075	6.1678968027531385	3
116	6	0.075	-0.3082128300775506	3
116	7	0.075	2.17856317940252	3
116	8	0.075	1.8773801281209779	3
116	9	0.075	4.677979740247683	3
117	0	0.075	2.6438111985872452	9
117	1	0.075	0.16426795389591417	9
117	2	0.075	1.8975467556749412	9
117	3	0.075	5.668839194757126	9
117	4	0.075	4.769666537460271	9
117	5	0.075	0.3047739866465089	9
117	6	0.075	-0.35376810702526923	9
117	7	0.075	5.342861477033014	9
117	8	0.075	5.128318102404512	9
118	0	0.075	-0.06995482483051209	7
118	1	0.075	-4.367503752361001	7
118	2	0.075	1.291180632805705	7
118	3	0.075	-1.72298517168953	7
118	4	0.075	-3.518331177986445	7
118	5	0.075	1.8384627836661838	7
118	6	0.075	-4.152031718270794	7
118	8	0.075	-3.476643815200594	7
118	9	0.075	-0.90886881123399	7
119	1	0.075	-7.54845939941427	0
119	2	0.075	-6.746969205106483	0
119	3	0.075	-7.361936777507898	0
119	4	0.075	-7.623823984326916	0
119	5	0.075	-7.190331751717832	0
119	6	0.075	-6.110292525619636	0
119	7	0.075	-7.560088972788065	0
119	8	0.075	-7.666396590724677	0
119	9	0.075	-5.909816114851563	0
120	0	0.075	0.8851979345847262	4
120	1	0.075	-0.8218091549891432	4
120	2	0.075	-0.6481793008966016	4
120	3	0.075	-0.7658296969411611	4
120	5	0.075	1.6996364441165868	4
120	6	0.075	2.4824312711671954	4
120	7	0.075	4.717240868123848	4
120	8	0.075	-0.8701977912530271	4
120	9	0.075	6.178792047155938	4
121	0	0.075	2.7117986465029658	9
121	1	0.075	-0.2668540338298677	9
121	2	0.075	5.291780801888565	9
121	3	0.075	4.657334067045282	9
121	4	0.075	5.788689758376115	9
121	5	0.075	1.5353709709266297	9
121	6	0.075	1.4267307762987311	9
121	7	0.075	5.105054581824223	9
121	8	0.075	1.8035316910349057	9
122	0	0.075	-5.051626759623865	6
122	1	0.075	-6.129862649144625	6
122	2	0.075	0.8656944695094475	6
122	3	0.075	-3.3262686842735465	6
122	4	0.075	-6.236212909371533	6
122	5	0.075	-4.003290703136329	6
122	7	0.075	-6.29381527369528	6
122	8	0.075	1.0607891306221717	6
122	9	0.075	-6.144997424377243	6
123	0	0.075	6.686249514288987	8
123	1	0.075	6.3059352438108744	8
123	2	0.075	6.950729966554803	8
123	3	0.075	7.956165611753013	8
124	0	0.075	3.129117939861809	9
124	1	0.075	5.914319976029582	9
124	2	0.075	1.8283829632727746	9
124	3	0.075	7.730807780341667	9
124	4	0.075	6.498758313023853	9
124	5	0.075	7.5199662017120446	9
124	6	0.075	6.750031600920094	9
124	7	0.075	7.387093424868397	9
124	8	0.075	7.510406739194875	9
125	0	0.075	-7.36933938098077	3
125	1	0.075	-7.404011402877951	3
125	2	0.075	-7.4048716971970725	3
125	4	0.075	-7.467826476615027	3
125	5	0.075	-0.9645993967234779	3
125	6	0.075	-7.502837069140673	3
125	7	0.075	-1.891900105083547	3
125	8	0.075	-6.819225139774955	3
125	9	0.075	-1.5152288083328729	3
126	0	0.075	7.712649603062598	5
126	1	0.075	7.677833740426997	5
126	2	0.075	7.81073874997212	5
126	3	0.075	8.011996595199063	5
126	4	0.075	7.770166909391586	5
126	6	0.075	7.890109005397422	5
126	7	0.075	5.227155170419644	5
126	8	0.075	7.604132466584392	5
126	9	0.075	7.460127989341331	5
127	0	0.075	5.66435844872347	4
127	1	0.075	4.256615588618721	4
127	2	0.075	7.423323356636491	4
127	3	0.075	6.803533998083671	4
127	5	0.075	7.098788021718391	4
127	6	0.075	7.826157279609978	4
127	7	0.075	7.222192017712011	4
127	8	0.075	5.833973837817501	4
127	9	0.075	7.421689304840944	4
128	0	0.075	-0.484240065562881	3
128	1	0.075	0.6655726349107085	3
128	2	0.075	1.689642439939081	3
128	4	0.075	-0.7636029676756331	3
128	5	0.075	6.377425245486838	3
128	6	0.075	-0.7898208139970986	3
128	7	0.075	3.911396687639737	3
128	8	0.075	4.2015592030046705	3
128	9	0.075	4.649110430680991	3
129	0	0.075	4.56496514175427	2
129	1	0.075	5.158974602712197	2
129	3	0.075	7.026787848164395	2
129	4	0.075	-0.5165537223895955	2
129	5	0.075	-0.520265202897476	2
129	6	0.075	4.453911189341447	2
129	7	0.075	-0.42643998412040063	2
129	8	0.075	2.3930198932322275	2
129	9	0.075	-0.36149229364024743	2
130	0	0.075	6.982485494568704	2
130	1	0.075	1.950704422901829	2
131	0	0.075	-3.2396119863478905	4
131	1	0.075	-3.2248538924088077	4
131	2	0.075	-3.2827251983252803	4
131	3	0.075	-3.228698982041149	4
131	5	0.075	-2.735165310610886	4
131	6	0.075	-3.345370797309041	4
131	7	0.075	1.957672880796086	4
131	8	0.075	-3.3586598572543176	4
131	9	0.075	3.872675616978611	4
132	1	0.075	-4.6723284581804165	0
132	2	0.075	2.0351736131816724	0
132	3	0.075	-4.822109227475743	0
132	4	0.075	-5.075784535522143	0
132	5	0.075	-4.969740623409922	0
132	6	0.075	1.0115613896043738	0
132	7	0.075	-4.760242354810707	0
132	8	0.075	-4.844263048428293	0
132	9	0.075	-3.9489356959176862	0
133	0	0.075	-5.624773903649148	3
133	1	0.075	-3.549953161660824	3
133	2	0.075	-4.072363600539199	3
133	4	0.075	-0.4994463367519315	3
133	5	0.075	-1.7200373960756108	3
133	6	0.075	-7.754425392066389	3
133	7	0.075	-7.792764920248402	3
133	8	0.075	-7.74029772309439	3
133	9	0.075	-7.131304518034833	3
134	0	0.075	6.789182198289124	2
134	1	0.075	0.023224156681495918	2
134	3	0.075	4.5804172073712035	2
134	4	0.075	1.3374395530243641	2
134	5	0.075	-0.1663522774667208	2
134	6	0.075	5.589827314239071	2
134	7	0.075	1.6845368752207308	2
134	8	0.075	-0.1757635291911068	2
134	9	0.075	-0.030738845499030967	2
135	0	0.075	-0.7483693878737655	3
135	1	0.075	2.608675151574356	3
135	2	0.075	4.694467878951404	3
135	4	0.075	3.9054725054291715	3
135	5	0.075	6.357986358722043	3
135	6	0.075	-0.8571436568748636	3
135	7	0.075	0.8174753334185688	3
135	8	0.075	6.077969698721523	3
135	9	0.075	4.023657423013237	3
136	0	0.075	3.810633329654438	5
136	1	0.075	5.515303177049354	5
136	2	0.075	6.217072858536118	5
136	3	0.075	7.63391340319447	5
136	4	0.075	0.22743593279040708	5
136	6	0.075	5.056258989077636	5
136	7	0.075	7.061327513333528	5
136	8	0.075	6.859856876419318	5
136	9	0.075	6.109997602978338	5
137	0	0.075	5.537681538436461	1
137	2	0.075	7.343268388015547	1
137	3	0.075	6.699514100386796	1
137	4	0.075	5.3379081727288	1
137	5	0.075	6.207215627128102	1
137	6	0.075	6.4285237271465805	1
137	7	0.075	4.682303445660393	1
137	8	0.075	7.117058064215308	1
137	9	0.075	5.507797065031125	1
138	0	0.075	0.14015617392935548	1
138	2	0.075	6.440364386289681	1
138	3	0.075	7.904675787095275	1
138	4	0.075	6.843123052723267	1
138	5	0.075	3.7725147530403826	1
138	6	0.075	4.825881954826599	1
138	7	0.075	5.804927657720501	1
138	8	0.075	7.656010579118248	1
138	9	0.075	7.003978695547352	1
139	0	0.075	-6.0724126266133265	2
139	1	0.075	0.8429750647745643	2
139	3	0.075	0.9381942016377325	2
139	4	0.075	-6.644148882639269	2
139	5	0.075	-4.650090478849262	2
139	6	0.075	-6.536410383677758	2
139	7	0.075	-3.570452812425601	2
139	8	0.075	-4.061112420711169	2
139	9	0.075	-6.510938552029672	2
140	0	0.075	-0.825619440873945	4
140	1	0.075	-0.6982670046336837	4
140	2	0.075	-0.9836747201198945	4
140	3	0.075	-0.9088356099130881	4
140	5	0.075	3.5297959481639656	4
140	6	0.075	3.2932997402133504	4
140	7	0.075	4.965049932406029	4
140	8	0.075	2.9602253652577826	4
140	9	0.075	4.772406201698781	4
141	0	0.075	6.43312163805807	8
141	1	0.075	3.4880978313888367	8
141	2	0.075	7.309663634445361	8
141	3	0.075	7.91186280300867	8
141	4	0.075	3.0223812934803895	8
141	5	0.075	3.403461266645352	8
141	6	0.075	7.848638174223387	8
141	7	0.075	0.05082278341190097	8
141	9	0.075	6.7811167051005246	8
142	0	0.075	-6.623871592314019	2
142	1	0.075	-5.042779655683531	2
142	3	0.075	-0.663318807032086	2
142	4	0.075	-7.579123258572297	2
142	5	0.075	-7.066887000391196	2
142	6	0.075	-3.2036914706978856	2
142	7	0.075	-5.7954109948376695	2
142	8	0.075	-1.6158419492290932	2
142	9	0.075	-7.242057622982688	2
143	0	0.075	-3.341353618864255	2
143	1	0.075	-3.574405950982359	2
143	3	0.075	1.4518940122433996	2
143	4	0.075	-3.6666673064541593	2
143	5	0.075	-3.792675109689914	2
143	6	0.075	-0.1719971850786032	2
143	7	0.075	-3.766524658399078	2
143	8	0.075	-3.750523671786526	2
143	9	0.075	-3.634018698854321	2
144	0	0.075	-4.891950104881797	6
144	1	0.075	-5.7819120597565865	6
144	2	0.075	0.5738614197838977	6
144	3	0.075	-6.0647081919634855	6
144	4	0.075	-0.9865413931070355	6
144	5	0.075	-6.049366916051626	6
144	7	0.075	-4.428095563494335	6
144	8	0.075	-3.9200461749825455	6
144	9	0.075	-5.835503919400508	6
145	0	0.075	5.3212997627104555	8
145	1	0.075	6.005941727163034	8
145	2	0.075	7.754954998238119	8
145	3	0.075	7.361381662681592	8
145	4	0.075	0.08275348491502378	8
145	5	0.075	7.696973629579937	8
145	6	0.075	3.6559888249484964	8
145	7	0.075	0.19004033847343063	8
145	9	0.075	4.377035642426043	8
146	0	0.075	6.9945162145989705	6
146	1	0.075	6.740520780484314	6
146	2	0.075	6.291114627336065	6
146	3	0.075	7.8068922311443725	6
146	4	0.075	5.265840060177193	6
146	5	0.075	7.680520194541002	6
146	7	0.075	0.9611519660050498	6
146	8	0.075	7.095104989169296	6
146	9	0.075	2.3215385748382467	6
147	0	0.075	5.105111052149048	1
147	2	0.075	7.6096792891792004	1
147	3	0.075	7.788222445496925	1
147	4	0.075	6.832954241842151	1
147	5	0.075	6.495318070693969	1
147	6	0.075	7.033256421067934	1
147	7	0.075	7.009055670059098	1
147	8	0.075	6.1657584357883986	1
147	9	0.075	5.173523334960861	1
149	1	0.075	-7.5510964637900555	0
149	2	0.075	-7.523570171861488	0
149	3	0.075	-7.366377381153544	0
149	4	0.075	-7.629334586136091	0
149	5	0.075	-7.487795332576015	0
149	6	0.075	-7.58079413083707	0
149	7	0.075	-7.659434200226302	0
149	8	0.075	-7.671105973070002	0
149	9	0.075	-7.473339587566419	0
150	0	0.075	5.355315334356862	6
150	1	0.075	0.18099780853941516	6
150	2	0.075	4.7886612154177355	6
150	3	0.075	2.606620384368141	6
150	4	0.075	6.780254830703528	6
150	5	0.075	5.379778333941565	6
150	7	0.075	3.0781678454930783	6
150	8	0.075	-0.38545119951039636	6
150	9	0.075	-0.0020922165685284067	6
