Img	Target_Label	Epsilon	Objective_Value	Label
1	0	0.025	-7.659028309078802	2
1	1	0.025	-7.624983413408464	2
1	3	0.025	-7.712662430866413	2
1	4	0.025	-7.815815103955479	2
1	5	0.025	-7.686872144121448	2
1	6	0.025	-6.31508338963057	2
1	7	0.025	-7.678633096176197	2
1	8	0.025	-7.704745123935387	2
1	9	0.025	-7.671662375202578	2
2	1	0.025	-7.612816148991629	0
2	2	0.025	-7.649400704686512	0
2	3	0.025	-7.696811752434395	0
2	4	0.025	-7.756913321912705	0
2	5	0.025	-7.610376603050645	0
2	6	0.025	-7.478000611990716	0
2	7	0.025	-7.653699747124462	0
2	8	0.025	-7.674579304406057	0
2	9	0.025	-7.648686167817038	0
3	0	0.025	-7.876049083767111	4
3	1	0.025	-7.8930463253355105	4
3	2	0.025	-7.922651662319006	4
3	3	0.025	-7.96221974808332	4
3	5	0.025	-7.958605186114188	4
3	6	0.025	-7.805381824902214	4
3	7	0.025	-7.917765387225266	4
3	8	0.025	-7.9628280773124445	4
3	9	0.025	-6.707914218693076	4
4	0	0.025	-7.540484854774769	8
4	1	0.025	-7.46213030395762	8
4	2	0.025	-7.552316606605308	8
4	3	0.025	-5.338792689978143	8
4	4	0.025	-7.673373462036987	8
4	5	0.025	-7.443650609057417	8
4	6	0.025	-7.243048668799499	8
4	7	0.025	-7.556562001297128	8
4	9	0.025	-7.580382040343063	8
5	0	0.025	-7.6441307688377185	7
5	1	0.025	-7.622181293535061	7
5	2	0.025	-7.6830547499959385	7
5	3	0.025	-7.712909687695958	7
5	4	0.025	-7.721520751599358	7
5	5	0.025	-7.747476391902065	7
5	6	0.025	-7.633458726198074	7
5	8	0.025	-7.740179994601742	7
5	9	0.025	-7.498838569974192	7
6	0	0.025	-7.752075282891002	6
6	1	0.025	-7.757512656389844	6
6	2	0.025	-7.787335029353159	6
6	3	0.025	-7.838795056674752	6
6	4	0.025	-7.879608561755745	6
6	5	0.025	-7.837190463857945	6
6	7	0.025	-7.814601688107891	6
6	8	0.025	-7.853780971005797	6
6	9	0.025	-7.735825435868938	6
7	1	0.025	-7.615369703937119	0
7	2	0.025	-7.652072287986321	0
7	3	0.025	-7.698062770929039	0
7	4	0.025	-7.7582687008408655	0
7	5	0.025	-7.611186225691573	0
7	6	0.025	-7.488485883405965	0
7	7	0.025	-7.653215047389406	0
7	8	0.025	-7.678900940328561	0
7	9	0.025	-7.649703560011998	0
8	0	0.025	-6.698757895206682	6
8	1	0.025	-7.712891738508826	6
8	2	0.025	-7.751679313964342	6
8	3	0.025	-7.79554608144245	6
8	4	0.025	-7.859062373699758	6
8	5	0.025	-1.4923914669173122	6
8	7	0.025	-7.781752007280539	6
8	8	0.025	-5.750399938354344	6
8	9	0.025	-7.751716222957708	6
9	0	0.025	-7.541354187568138	3
9	1	0.025	-7.499908429166064	3
9	2	0.025	-7.5674341304987935	3
9	4	0.025	-7.696673603064409	3
9	5	0.025	0.20368477258780707	3
9	6	0.025	-7.444922128759132	3
9	7	0.025	-7.551454935710627	3
9	8	0.025	-7.560148419491199	3
9	9	0.025	-7.5862985968966425	3
10	0	0.025	-7.659787089563144	1
10	2	0.025	-7.68168190019613	1
10	3	0.025	-7.7112957190109634	1
10	4	0.025	-7.754645365064554	1
10	5	0.025	-7.665495935702428	1
10	6	0.025	-7.517398275000231	1
10	7	0.025	-7.660152403748626	1
10	8	0.025	-7.71181335297804	1
10	9	0.025	-7.636429934562331	1
11	0	0.025	-3.6817164845654493	8
11	1	0.025	-3.6847575372822567	8
11	2	0.025	-3.6685250652150296	8
11	3	0.025	-3.7656849387396387	8
11	4	0.025	-3.8102642412625505	8
11	5	0.025	0.6555364663418337	8
11	6	0.025	3.0041147870392475	8
11	7	0.025	-3.7470873117020207	8
11	9	0.025	-2.9663404410154786	8
12	1	0.025	-7.611640010989516	0
12	2	0.025	-7.6479428105232055	0
12	3	0.025	-7.696577938191666	0
12	4	0.025	-7.754504142209393	0
12	5	0.025	-7.608229299178398	0
12	6	0.025	-7.477167725408682	0
12	7	0.025	-7.6545656688169545	0
12	8	0.025	-7.6742514055321145	0
12	9	0.025	-7.644856588717333	0
13	0	0.025	-7.642573070820464	7
13	1	0.025	-7.613643987161051	7
13	2	0.025	-4.550792355434297	7
13	3	0.025	-7.512833198698744	7
13	4	0.025	-7.725532676518118	7
13	5	0.025	-7.738545970171275	7
13	6	0.025	-7.6323353276083035	7
13	8	0.025	-7.732539175780002	7
13	9	0.025	-7.475203903875242	7
14	0	0.025	-7.595272566124649	9
14	1	0.025	-7.599524746706668	9
14	2	0.025	-7.641118571366742	9
14	3	0.025	-4.760038027710838	9
14	4	0.025	-7.617333465481367	9
14	5	0.025	-7.620319380197118	9
14	6	0.025	-7.60497430492524	9
14	7	0.025	-7.60896476184267	9
14	8	0.025	-7.640814157573622	9
15	0	0.025	-7.746661228165829	8
15	1	0.025	-7.71190018340065	8
15	2	0.025	-7.764840140009696	8
15	3	0.025	-7.804395332193556	8
15	4	0.025	-7.874031128222236	8
15	5	0.025	-7.66803590689377	8
15	6	0.025	-7.646157512190572	8
15	7	0.025	-7.775371394387306	8
15	9	0.025	-7.554813276619937	8
16	0	0.025	-6.773408456666954	4
16	1	0.025	-7.067104961356067	4
16	2	0.025	-7.09267360168435	4
16	3	0.025	-7.146241247238374	4
16	5	0.025	-7.118170601963564	4
16	6	0.025	-6.928924627701484	4
16	7	0.025	-7.108086511251078	4
16	8	0.025	-4.0252205560206615	4
16	9	0.025	-6.840450668405274	4
17	0	0.025	-7.823400313600478	5
17	1	0.025	-7.795997225767503	5
17	2	0.025	-7.858033145180601	5
17	3	0.025	-7.635165937018001	5
17	4	0.025	-7.93367626184441	5
17	6	0.025	-7.653722824544713	5
17	7	0.025	-7.8588861038344175	5
17	8	0.025	-7.8789046735077815	5
17	9	0.025	-7.8545502899981186	5
18	0	0.025	-7.350635164954301	3
18	1	0.025	-7.287276390402343	3
18	2	0.025	-7.729988115814415	3
18	4	0.025	-7.8398627517496475	3
18	5	0.025	-3.3857762079838642	3
18	6	0.025	-7.619775859817442	3
18	7	0.025	-7.702987019934136	3
18	8	0.025	-7.738820579060776	3
18	9	0.025	-7.71501726556045	3
19	0	0.025	-7.864980826803837	4
19	1	0.025	-7.759471941401812	4
19	2	0.025	-7.907650259776047	4
19	3	0.025	-7.01332985295633	4
19	5	0.025	-7.888623702462082	4
19	6	0.025	-7.824826923516202	4
19	7	0.025	-7.835623084778444	4
19	8	0.025	-7.903560339573752	4
19	9	0.025	-1.415548421343276	4
20	1	0.025	-1.8757608056948352	0
20	2	0.025	-1.917369882168887	0
20	3	0.025	-1.957184156888926	0
20	4	0.025	-1.9904210654844456	0
20	5	0.025	-1.5700542131772317	0
20	6	0.025	-1.7466314520646842	0
20	7	0.025	-1.9095019550726615	0
20	8	0.025	1.7440794099322319	0
20	9	0.025	-1.6501492301028515	0
21	0	0.025	-7.710947022568235	6
21	1	0.025	-7.710437406205891	6
21	2	0.025	-7.345419871804392	6
21	3	0.025	-7.794308444683159	6
21	4	0.025	-3.955718895742682	6
21	5	0.025	-7.822621977674696	6
21	7	0.025	-7.756251345883764	6
21	8	0.025	-7.8133547151062155	6
21	9	0.025	-7.6699292770857	6
22	0	0.025	-7.734628914377461	6
22	1	0.025	-7.737092901340443	6
22	2	0.025	-7.768093259559862	6
22	3	0.025	-7.818906217353078	6
22	4	0.025	-7.508786953959137	6
22	5	0.025	-7.831557961131336	6
22	7	0.025	-7.78893937413012	6
22	8	0.025	-7.834241621694459	6
22	9	0.025	-7.700101926131917	6
23	0	0.025	-7.693599887515966	3
23	1	0.025	-3.051534144745152	3
23	2	0.025	-5.199922262884204	3
23	4	0.025	-7.861000702143006	3
23	5	0.025	-1.5287053383118423	3
23	6	0.025	-7.5980216734365795	3
23	7	0.025	-7.693081230798448	3
23	8	0.025	-7.72413916416279	3
23	9	0.025	-7.728830357797631	3
24	1	0.025	-7.601089172938613	0
24	2	0.025	-4.223585674359706	0
24	3	0.025	-7.689611258980662	0
24	4	0.025	-7.751999642700751	0
24	5	0.025	-7.068987382778516	0
24	6	0.025	-7.449016320751313	0
24	7	0.025	-7.647755649474064	0
24	8	0.025	-7.6581121457866415	0
24	9	0.025	-7.6418626520669415	0
25	0	0.025	-7.584657929155918	2
25	1	0.025	-7.588859638638847	2
25	3	0.025	-4.334615386864498	2
25	4	0.025	-7.832286093915233	2
25	5	0.025	-7.655693376630954	2
25	6	0.025	-7.513713906990827	2
25	7	0.025	-7.673268635128535	2
25	8	0.025	-7.689607339302823	2
25	9	0.025	-7.686655870072087	2
26	0	0.025	-7.720428652247915	3
26	1	0.025	-7.664597277702651	3
26	2	0.025	-7.635782207748652	3
26	4	0.025	-7.860056215812243	3
26	5	0.025	-7.570574777768241	3
26	6	0.025	-7.662613907322721	3
26	7	0.025	-7.71017863306598	3
26	8	0.025	-7.731010132087841	3
26	9	0.025	-7.734449056602296	3
27	0	0.025	-7.7246298561441575	6
27	1	0.025	-6.7454623047622055	6
27	2	0.025	-7.752599460184123	6
27	3	0.025	-7.792888483062192	6
27	4	0.025	-6.670702995277822	6
27	5	0.025	-2.0791154474804734	6
27	7	0.025	-7.7695854461134495	6
27	8	0.025	-7.782665770453532	6
27	9	0.025	-7.7202822358279635	6
28	0	0.025	-7.751879164099	6
28	1	0.025	-7.755636355988269	6
28	2	0.025	-7.787597990293697	6
28	3	0.025	-7.83891186359657	6
28	4	0.025	-7.87979937813059	6
28	5	0.025	-7.832654068614805	6
28	7	0.025	-7.814212244085412	6
28	8	0.025	-7.854687347725841	6
28	9	0.025	-7.735780780278501	6
29	0	0.025	-7.643599038215085	7
29	1	0.025	-7.617674694264592	7
29	2	0.025	-7.677938107689592	7
29	3	0.025	-7.710036584885007	7
29	4	0.025	-7.72325308592759	7
29	5	0.025	-7.742524616349513	7
29	6	0.025	-7.625309317266212	7
29	8	0.025	-7.730240443512949	7
29	9	0.025	-7.501282222412769	7
30	0	0.025	-7.866979159605873	4
30	1	0.025	-7.884524123235942	4
30	2	0.025	-7.913224610549761	4
30	3	0.025	-7.9583118555735455	4
30	5	0.025	-7.963817463319534	4
30	6	0.025	-7.788951962374659	4
30	7	0.025	-7.867537539382863	4
30	8	0.025	-7.958937618575144	4
30	9	0.025	-7.183497741238502	4
32	0	0.025	-7.721353632203183	3
32	1	0.025	-7.666117976803251	3
32	2	0.025	-7.737122338059819	3
32	4	0.025	-7.859239991818521	3
32	5	0.025	-7.564493594606588	3
32	6	0.025	-7.670519394028123	3
32	7	0.025	-7.711590325115251	3
32	8	0.025	-7.7358986741728115	3
32	9	0.025	-7.735413804290321	3
33	0	0.025	-3.893431127403783	8
33	1	0.025	-3.853353073776832	8
33	2	0.025	-3.6610567185520355	8
33	3	0.025	-3.9107031745445178	8
33	4	0.025	-4.017845703237971	8
33	5	0.025	-3.824891961092059	8
33	6	0.025	-3.788603827057779	8
33	7	0.025	-3.9211022487221383	8
33	9	0.025	-3.1477795321890447	8
35	0	0.025	-7.832771953069113	5
35	1	0.025	-7.808214381913618	5
35	2	0.025	-7.869694837013668	5
35	3	0.025	-7.049154233703108	5
35	4	0.025	-7.952467010124203	5
35	6	0.025	-7.691416114500304	5
35	7	0.025	-7.8690102550001075	5
35	8	0.025	-7.861056708455764	5
35	9	0.025	-7.627329005256367	5
36	0	0.025	-7.863476174071966	4
36	1	0.025	-7.883491519324716	4
36	2	0.025	-7.913577477779598	4
36	3	0.025	-7.958162287280244	4
36	5	0.025	-7.962519417591399	4
36	6	0.025	-7.783520633576491	4
36	7	0.025	-7.914472723081027	4
36	8	0.025	-7.5899566648753485	4
36	9	0.025	-6.978931230308239	4
37	0	0.025	-7.660280325343751	2
37	1	0.025	-7.623498982094521	2
37	3	0.025	-4.2816223186773215	2
37	4	0.025	-7.823326618132946	2
37	5	0.025	-7.6535545716253095	2
37	6	0.025	-7.525818481395455	2
37	7	0.025	-7.6732750033159745	2
37	8	0.025	-7.691861077540062	2
37	9	0.025	-7.674657068920906	2
38	0	0.025	-7.8203036634325525	5
38	1	0.025	-7.793614610511212	5
38	2	0.025	-7.854237628390575	5
38	3	0.025	-7.408628293470702	5
38	4	0.025	-7.945627528971504	5
38	6	0.025	-7.654420617650276	5
38	7	0.025	-7.850727595964815	5
38	8	0.025	-7.867489848116595	5
38	9	0.025	-7.859903635531106	5
39	0	0.025	-7.117645113818374	5
39	1	0.025	-7.094340061554047	5
39	2	0.025	-7.15434407102037	5
39	3	0.025	-6.764309680621408	5
39	4	0.025	-7.226164986206462	5
39	6	0.025	-6.951817417277242	5
39	7	0.025	-7.156792632056824	5
39	8	0.025	-7.172410463036502	5
39	9	0.025	-6.228434377294437	5
40	0	0.025	-6.740214474343324	8
40	1	0.025	-6.691326022704683	8
40	2	0.025	-6.751248644595765	8
40	3	0.025	-6.794349727519118	8
40	4	0.025	-6.871553629033351	8
40	5	0.025	-6.29841976376487	8
40	6	0.025	-6.614246923755363	8
40	7	0.025	-6.766924505476699	8
40	9	0.025	-6.788869723940979	8
41	0	0.025	-7.838154914897245	5
41	1	0.025	-7.8170777532166165	5
41	2	0.025	-7.8770953188265365	5
41	3	0.025	-7.331651737093617	5
41	4	0.025	-7.957406855541083	5
41	6	0.025	-7.715702539954986	5
41	7	0.025	-7.873548234286997	5
41	8	0.025	-7.879016456725368	5
41	9	0.025	-7.541813249279172	5
42	0	0.025	-7.654641302419007	2
42	1	0.025	-7.62529745961954	2
42	3	0.025	-7.163069829249336	2
42	4	0.025	-7.822484999438201	2
42	5	0.025	-7.67467703826332	2
42	6	0.025	-7.519430374858398	2
42	7	0.025	-7.670645977258271	2
42	8	0.025	-7.674817216007579	2
42	9	0.025	-7.671340947955382	2
43	0	0.025	-5.149592497127831	9
43	1	0.025	-5.164916051858313	9
43	2	0.025	-5.196364837695105	9
43	3	0.025	-5.229622357883867	9
43	4	0.025	2.08872812951333	9
43	5	0.025	-5.21790234555746	9
43	6	0.025	-5.087643921562169	9
43	7	0.025	-5.1867070204536425	9
43	8	0.025	-5.221694149323129	9
44	0	0.025	-7.658272085012373	2
44	1	0.025	-7.627151416890552	2
44	3	0.025	-7.718015280164992	2
44	4	0.025	-7.802390407108194	2
44	5	0.025	-7.704844736226288	2
44	6	0.025	-7.457209173777574	2
44	7	0.025	-7.674912510348397	2
44	8	0.025	-7.71871206988985	2
44	9	0.025	-7.6386866067672745	2
45	0	0.025	-7.86593884774592	4
45	1	0.025	-7.881386858240352	4
45	2	0.025	-7.913234053836151	4
45	3	0.025	-7.955946386744364	4
45	5	0.025	-7.954044746327472	4
45	6	0.025	-7.793500170213462	4
45	7	0.025	-7.9090293598448	4
45	8	0.025	-7.561719314175576	4
45	9	0.025	-6.174062514882157	4
46	0	0.025	-7.662896764568841	2
46	1	0.025	-7.631232582130085	2
46	3	0.025	-7.711843402832375	2
46	4	0.025	-7.832802987921667	2
46	5	0.025	-7.690929895919708	2
46	6	0.025	-7.483017783553899	2
46	7	0.025	-7.683222548451116	2
46	8	0.025	-7.710976094410193	2
46	9	0.025	-7.686341997336242	2
47	0	0.025	-7.344744988293628	7
47	1	0.025	-7.3078669076248	7
47	2	0.025	-7.37676162146622	7
47	3	0.025	-1.0706226263733727	7
47	4	0.025	-7.416083896271136	7
47	5	0.025	-7.416817455593249	7
47	6	0.025	-7.339583076292492	7
47	8	0.025	-7.381528930657065	7
47	9	0.025	-3.3423750857518164	7
48	1	0.025	-7.61474027979301	0
48	2	0.025	-7.6504848614161025	0
48	3	0.025	-7.697944487219051	0
48	4	0.025	-7.75755072158141	0
48	5	0.025	-7.609829155055916	0
48	6	0.025	-7.484263608212372	0
48	7	0.025	-7.6546444096775295	0
48	8	0.025	-7.678305702853147	0
48	9	0.025	-7.64760307858293	0
49	0	0.025	-7.8364795044806135	5
49	1	0.025	-7.818110652426774	5
49	2	0.025	-7.878712592066272	5
49	3	0.025	-5.286807786762725	5
49	4	0.025	-7.947337371328085	5
49	6	0.025	-7.723861544332236	5
49	7	0.025	-7.857922438917043	5
49	8	0.025	-7.882181946570088	5
49	9	0.025	-7.85023878566331	5
50	0	0.025	-7.656624941187191	1
50	2	0.025	-7.679262374910982	1
50	3	0.025	-7.7096543298698395	1
50	4	0.025	-7.77672612719678	1
50	5	0.025	-7.66020251994471	1
50	6	0.025	-7.358295790810566	1
50	7	0.025	-7.658623932289299	1
50	8	0.025	-7.692961422820985	1
50	9	0.025	-7.6377766954624455	1
51	1	0.025	-7.611776827732315	0
51	2	0.025	-7.109105232686494	0
51	3	0.025	-7.695224800879966	0
51	4	0.025	-7.752967163490563	0
51	5	0.025	-7.607690907615472	0
51	6	0.025	-7.4745100738065435	0
51	7	0.025	-7.64639197227963	0
51	8	0.025	-7.671376496002137	0
51	9	0.025	-7.642466467256589	0
52	0	0.025	-7.647601409225088	7
52	1	0.025	-7.472824445798039	7
52	2	0.025	-7.682317571378384	7
52	3	0.025	-4.1793193846416825	7
52	4	0.025	-7.733771928835473	7
52	5	0.025	-7.741677977879655	7
52	6	0.025	-7.646381111332305	7
52	8	0.025	-7.736854719370327	7
52	9	0.025	-7.425146263908456	7
53	0	0.025	-7.639746734151983	9
53	1	0.025	-7.650390284548947	9
53	2	0.025	-7.6885473920478065	9
53	3	0.025	-7.708537618592835	9
53	4	0.025	-7.650347808615459	9
53	5	0.025	-7.6763888443212975	9
53	6	0.025	-7.622212959327812	9
53	7	0.025	-7.659345932173599	9
53	8	0.025	-7.69246717862344	9
54	0	0.025	-7.597346343637684	9
54	1	0.025	-7.616685832237761	9
54	2	0.025	-7.651146356260719	9
54	3	0.025	-7.686627964498086	9
54	4	0.025	-7.522322644304878	9
54	5	0.025	-7.666110212956877	9
54	6	0.025	-7.5158252833950625	9
54	7	0.025	-7.647758300828831	9
54	8	0.025	-7.679110878924029	9
55	0	0.025	-7.254235665653675	9
55	1	0.025	-7.274593350188595	9
55	2	0.025	-7.311870694345045	9
55	3	0.025	-7.3355566627513475	9
55	4	0.025	-5.812467379397378	9
55	5	0.025	-7.315195990874116	9
55	6	0.025	-7.2288103338272265	9
55	7	0.025	-7.291252383853475	9
55	8	0.025	-7.321676505342004	9
56	0	0.025	-7.751886892435816	6
56	1	0.025	-7.7592200610239646	6
56	2	0.025	-7.786193137013846	6
56	3	0.025	-7.839337486647902	6
56	4	0.025	-7.87986198527944	6
56	5	0.025	-7.852279175897341	6
56	7	0.025	-7.81371949091447	6
56	8	0.025	-7.856774710230102	6
56	9	0.025	-7.7351697731079465	6
57	0	0.025	-7.834694672377975	5
57	1	0.025	-7.813440541754938	5
57	2	0.025	-7.8746949778097415	5
57	3	0.025	-5.98731932982881	5
57	4	0.025	-7.943731134967454	5
57	6	0.025	-7.714478234586489	5
57	7	0.025	-7.867051563677835	5
57	8	0.025	-7.865934924678517	5
57	9	0.025	-4.199678631382184	5
58	0	0.025	-7.7466744749514405	8
58	1	0.025	-7.70817020527971	8
58	2	0.025	-7.762310541294401	8
58	3	0.025	-7.804115462098361	8
58	4	0.025	-7.869988813535277	8
58	5	0.025	-7.669437827644009	8
58	6	0.025	-7.64826987747743	8
58	7	0.025	-7.775848972514509	8
58	9	0.025	-7.489323346842553	8
59	0	0.025	-7.721932408656307	8
59	1	0.025	-7.697558903395459	8
59	2	0.025	-7.7460727409330765	8
59	3	0.025	-7.7919710401419024	8
59	4	0.025	-7.842317655637155	8
59	5	0.025	-7.470882453704551	8
59	6	0.025	-7.592247909523771	8
59	7	0.025	-7.768738117896698	8
59	9	0.025	-7.769133481625958	8
60	0	0.025	-7.7428786669845895	6
60	1	0.025	-7.742859700798906	6
60	2	0.025	-7.774790584979643	6
60	3	0.025	-7.82700909475534	6
60	4	0.025	-7.8806110356066466	6
60	5	0.025	-7.836052644526938	6
60	7	0.025	-7.802307889819291	6
60	8	0.025	-7.839809400279669	6
60	9	0.025	-7.731640794084314	6
61	0	0.025	-7.542030378526936	9
61	1	0.025	-7.551389129164789	9
61	2	0.025	-7.591077218213635	9
61	3	0.025	-7.6121494300711445	9
61	4	0.025	-7.563184335809227	9
61	5	0.025	-7.589569437346068	9
61	6	0.025	-7.534423021077599	9
61	7	0.025	-7.553598025743505	9
61	8	0.025	-7.603771459920475	9
62	0	0.025	-6.2059716619099685	9
62	1	0.025	-7.556864188983763	9
62	2	0.025	-7.5941736231994925	9
62	3	0.025	-7.6275799192509055	9
62	4	0.025	-7.527273541350758	9
62	5	0.025	-7.5840013103600645	9
62	6	0.025	-7.477989470669703	9
62	7	0.025	-7.58329190924151	9
62	8	0.025	-7.6075754903921435	9
63	0	0.025	-7.803284956690659	5
63	1	0.025	-7.792415620766144	5
63	2	0.025	-7.8561364195098085	5
63	3	0.025	-7.884348415841799	5
63	4	0.025	-7.930988719595944	5
63	6	0.025	-7.667891509506075	5
63	7	0.025	-7.850857995809082	5
63	8	0.025	-7.788672013891599	5
63	9	0.025	-7.848178913404755	5
64	0	0.025	-7.865292911165104	4
64	1	0.025	-7.871498736098413	4
64	2	0.025	-7.9106916223564525	4
64	3	0.025	-7.9518920316434345	4
64	5	0.025	-7.966238703808588	4
64	6	0.025	-7.437053246141039	4
64	7	0.025	-5.881501037052246	4
64	8	0.025	-7.956698932717	4
64	9	0.025	-6.721999132087892	4
65	0	0.025	-7.654808347608118	2
65	1	0.025	-7.617134189591506	2
65	3	0.025	-3.348506101591094	2
65	4	0.025	-7.806461486059589	2
65	5	0.025	-7.691438436022061	2
65	6	0.025	-7.519048987038818	2
65	7	0.025	-7.293984596538375	2
65	8	0.025	-7.709618486237898	2
65	9	0.025	-7.625746675491434	2
66	0	0.025	-7.7519818564688165	6
66	1	0.025	-7.760434599837758	6
66	2	0.025	-7.787644885936599	6
66	3	0.025	-7.839533318995535	6
66	4	0.025	-7.878961315362442	6
66	5	0.025	-7.407890314806959	6
66	7	0.025	-7.813780022678771	6
66	8	0.025	-7.857675452788632	6
66	9	0.025	-7.73513280686581	6
67	0	0.025	-6.2527328434685385	8
67	1	0.025	-7.298896220188846	8
67	2	0.025	-7.348367601911882	8
67	3	0.025	-2.5417688570768497	8
67	4	0.025	-7.464253605267566	8
67	5	0.025	-7.2588693599131995	8
67	6	0.025	-7.228020305318318	8
67	7	0.025	-7.357398876130955	8
67	9	0.025	-7.094379668144455	8
68	0	0.025	-7.650230489180731	1
68	2	0.025	-7.668553718113465	1
68	3	0.025	-1.7631304648824726	1
68	4	0.025	-6.270722545851508	1
68	5	0.025	-7.60374645560918	1
68	6	0.025	-7.5131590236262715	1
68	7	0.025	-7.642548386918344	1
68	8	0.025	-7.69317033431352	1
68	9	0.025	-7.628555727176816	1
69	1	0.025	-7.618874383702259	0
69	2	0.025	-7.648161593319668	0
69	3	0.025	-7.699395408435092	0
69	4	0.025	-7.736705238609948	0
69	5	0.025	-7.634008777823382	0
69	6	0.025	-7.47166004436848	0
69	7	0.025	-7.647593755847982	0
69	8	0.025	-7.686551814611742	0
69	9	0.025	-7.6031487558814925	0
70	0	0.025	-7.751165805795131	6
70	1	0.025	-7.753233018475629	6
70	2	0.025	-7.785579169672338	6
70	3	0.025	-7.837054375133694	6
70	4	0.025	-7.880567071484143	6
70	5	0.025	-7.233964412112602	6
70	7	0.025	-7.812244011933842	6
70	8	0.025	-7.855620166997298	6
70	9	0.025	-7.736489899732986	6
71	0	0.025	-6.750079892113485	9
71	1	0.025	-6.7500858973075415	9
71	2	0.025	-6.7946947217506635	9
71	3	0.025	-6.578478925977161	9
71	4	0.025	-6.806280608136778	9
71	5	0.025	-0.4212364991913669	9
71	6	0.025	-6.7123520015217055	9
71	7	0.025	-6.776330474046429	9
71	8	0.025	-6.789214300951409	9
72	0	0.025	-7.775914763121159	5
72	1	0.025	-7.808577121456654	5
72	2	0.025	-7.870413409860428	5
72	3	0.025	-6.091996944992655	5
72	4	0.025	-7.948332862663484	5
72	6	0.025	-7.700482290736727	5
72	7	0.025	-7.860581767351513	5
72	8	0.025	-7.723176920979744	5
72	9	0.025	-4.557609639896022	5
73	0	0.025	-7.827206156254738	5
73	1	0.025	-7.805420445312818	5
73	2	0.025	-7.867788338049587	5
73	3	0.025	-7.377075608223333	5
73	4	0.025	-7.95152932633907	5
73	6	0.025	-7.686152203013887	5
73	7	0.025	-7.866707463470826	5
73	8	0.025	-7.862373991821299	5
73	9	0.025	-7.874217018415228	5
74	0	0.025	-7.872009264398735	4
74	1	0.025	-7.889746811186556	4
74	2	0.025	-7.9207538373926685	4
74	3	0.025	-7.962914830342821	4
74	5	0.025	-7.970915620221415	4
74	6	0.025	-7.798208420447836	4
74	7	0.025	-7.909570756524112	4
74	8	0.025	-7.96581510912985	4
74	9	0.025	-7.187183362266428	4
75	0	0.025	-7.659530548852548	1
75	2	0.025	-7.680928259121064	1
75	3	0.025	-7.710719001274335	1
75	4	0.025	-7.7789820117868285	1
75	5	0.025	-7.665832579778436	1
75	6	0.025	-7.391317344793766	1
75	7	0.025	-7.659695340220539	1
75	8	0.025	-7.71103631224137	1
75	9	0.025	-7.637690057486158	1
76	0	0.025	-7.735431729741819	6
76	1	0.025	-7.713378361255323	6
76	2	0.025	-7.759119982542351	6
76	3	0.025	-7.806693571864386	6
76	4	0.025	-7.888608108887998	6
76	5	0.025	-7.804322963982273	6
76	7	0.025	-7.7854837507228245	6
76	8	0.025	-7.817991900051927	6
76	9	0.025	-7.7471700938867345	6
77	0	0.025	-7.645662877888488	7
77	1	0.025	-7.607161669945958	7
77	2	0.025	-7.656584592883204	7
77	3	0.025	-3.6027675807891595	7
77	4	0.025	-7.735248229480121	7
77	5	0.025	-7.7073180941123764	7
77	6	0.025	-7.649771602037104	7
77	8	0.025	-7.703572694833707	7
77	9	0.025	-7.515376095466258	7
78	0	0.025	-7.8347558968365085	5
78	1	0.025	-7.816754463159638	5
78	2	0.025	-7.877858522882191	5
78	3	0.025	-7.677121492359877	5
78	4	0.025	-7.956806893977915	5
78	6	0.025	-7.711017441465485	5
78	7	0.025	-7.874174766644436	5
78	8	0.025	-7.882058577426987	5
78	9	0.025	-7.879772196276668	5
79	0	0.025	-7.463294006332878	2
79	1	0.025	-7.430119807118853	2
79	3	0.025	-7.518222865900289	2
79	4	0.025	-7.605791056598312	2
79	5	0.025	-7.488156421836181	2
79	6	0.025	-7.303046760250775	2
79	7	0.025	-7.476261923319535	2
79	8	0.025	-7.528836136733234	2
79	9	0.025	-7.449818494943998	2
80	0	0.025	-7.639704764512843	9
80	1	0.025	-7.641077787048817	9
80	2	0.025	-7.688565475949836	9
80	3	0.025	-7.704894969558191	9
80	4	0.025	-3.909100705627812	9
80	5	0.025	-7.663059725689131	9
80	6	0.025	-7.63416911954061	9
80	7	0.025	-7.656916973431714	9
80	8	0.025	-7.68665787657847	9
81	1	0.025	-7.602943557543883	0
81	2	0.025	-6.726622086549769	0
81	3	0.025	-7.684743277635621	0
81	4	0.025	-7.743454450091077	0
81	5	0.025	-7.624217501085545	0
81	6	0.025	-1.0306983781896384	0
81	7	0.025	-7.650077585784168	0
81	8	0.025	-7.665435907548686	0
81	9	0.025	-7.619694028365662	0
82	0	0.025	-7.3187601756682685	6
82	1	0.025	-7.754767012580909	6
82	2	0.025	-7.781459209575899	6
82	3	0.025	-7.834838754457883	6
82	4	0.025	-5.293769791709279	6
82	5	0.025	-7.851279108659899	6
82	7	0.025	-7.809673069443811	6
82	8	0.025	-7.848943637349915	6
82	9	0.025	-7.727589241271797	6
83	0	0.025	-7.868537218005275	4
83	1	0.025	-7.884254526403647	4
83	2	0.025	-7.875478911121227	4
83	3	0.025	-7.9584545383044505	4
83	5	0.025	-7.963292112216971	4
83	6	0.025	-7.751394262872657	4
83	7	0.025	-7.598384350411454	4
83	8	0.025	-7.958237793089013	4
83	9	0.025	-7.185276050305696	4
84	0	0.025	-7.8718450027676585	4
84	1	0.025	-7.889513563550529	4
84	2	0.025	-7.919300146181565	4
84	3	0.025	-7.959242873535399	4
84	5	0.025	-7.960861876662375	4
84	6	0.025	-7.8013044249405645	4
84	7	0.025	-7.914431055286054	4
84	8	0.025	-7.959249993338455	4
84	9	0.025	-5.113374778446633	4
85	0	0.025	-5.341509606278164	2
85	1	0.025	-7.439996960559059	2
85	3	0.025	-7.536827297175389	2
85	4	0.025	-7.623301511326852	2
85	5	0.025	-7.509158421021107	2
85	6	0.025	-7.404687420307202	2
85	7	0.025	-0.05112265284595485	2
85	8	0.025	-7.117136469273945	2
85	9	0.025	-7.443762306116921	2
86	0	0.025	-6.361041870296457	8
86	1	0.025	-6.31589235706362	8
86	2	0.025	-6.374517050624854	8
86	3	0.025	-6.4045078907311	8
86	4	0.025	-6.01881388920106	8
86	5	0.025	-6.094529162465709	8
86	6	0.025	-5.988467055256553	8
86	7	0.025	-6.3912450340786835	8
86	9	0.025	-6.364854145592335	8
87	0	0.025	-7.6445537537882	7
87	1	0.025	-7.166401450933027	7
87	2	0.025	-7.683158347314882	7
87	3	0.025	-7.707599817887381	7
87	4	0.025	-7.720042635859157	7
87	5	0.025	-7.740924596766718	7
87	6	0.025	-7.630709008274914	7
87	8	0.025	-7.7340734997979865	7
87	9	0.025	-7.498677189340417	7
88	0	0.025	-7.744149180570357	8
88	1	0.025	-7.701698564213538	8
88	2	0.025	-7.7600507946236155	8
88	3	0.025	-7.802697650837012	8
88	4	0.025	-7.875945409408178	8
88	5	0.025	-7.672244519409047	8
88	6	0.025	-7.640334464027937	8
88	7	0.025	-7.772337869753748	8
88	9	0.025	-7.787077897141985	8
89	0	0.025	-7.716802291219076	3
89	1	0.025	-7.665945187747694	3
89	2	0.025	-7.738602529574001	3
89	4	0.025	-7.855529323090579	3
89	5	0.025	-6.601603271633913	3
89	6	0.025	-7.648996570917345	3
89	7	0.025	-7.714258204628434	3
89	8	0.025	-7.730190958405098	3
89	9	0.025	-4.750429764242264	3
90	1	0.025	-7.613844010277745	0
90	2	0.025	-7.650017473925596	0
90	3	0.025	-7.697582028174943	0
90	4	0.025	-7.756904444125115	0
90	5	0.025	-7.5494851638431	0
90	6	0.025	-7.479428361917375	0
90	7	0.025	-7.654682364874195	0
90	8	0.025	-7.677782806884922	0
90	9	0.025	-7.648714246527868	0
91	0	0.025	-7.639601003544304	9
91	1	0.025	-7.651234391072123	9
91	2	0.025	-7.688170749854408	9
91	3	0.025	-7.710475935849299	9
91	4	0.025	-7.657463423638669	9
91	5	0.025	-7.6845857534219855	9
91	6	0.025	-7.6332220491752425	9
91	7	0.025	-7.6632690521515086	9
91	8	0.025	-7.695965345631683	9
92	1	0.025	-7.60529313283813	0
92	2	0.025	-7.426166875421849	0
92	3	0.025	-7.691413053911705	0
92	4	0.025	-7.752799204252261	0
92	5	0.025	-3.046126887764005	0
92	6	0.025	-7.345999371787274	0
92	7	0.025	-7.648090636682458	0
92	8	0.025	-7.663780707408222	0
92	9	0.025	-7.647376386248424	0
93	0	0.025	-7.657933405367647	1
93	2	0.025	-7.6798807774589966	1
93	3	0.025	-7.612437938443089	1
93	4	0.025	-7.569303879384295	1
93	5	0.025	-7.659432786557007	1
93	6	0.025	-7.516559606818256	1
93	7	0.025	-7.660350291132915	1
93	8	0.025	-7.701624498422837	1
93	9	0.025	-7.628869072369912	1
94	0	0.025	-7.658941968670898	1
94	2	0.025	-7.6794661444765815	1
94	3	0.025	-7.284849992591462	1
94	4	0.025	-7.77681589216801	1
94	5	0.025	-7.659796690308356	1
94	6	0.025	-7.512811929389543	1
94	7	0.025	-7.658098076896602	1
94	8	0.025	-7.709553106900715	1
94	9	0.025	-7.637296689214444	1
95	0	0.025	-7.589210671218769	9
95	1	0.025	-7.5961345143035155	9
95	2	0.025	-7.638525949473659	9
95	3	0.025	-7.657150489369886	9
95	4	0.025	-7.612604880414997	9
95	5	0.025	-7.616338372438471	9
95	6	0.025	-7.582802102606917	9
95	7	0.025	-7.607005483948893	9
95	8	0.025	-7.645052150547807	9
96	0	0.025	-7.871296325952042	4
96	1	0.025	-7.879527375361202	4
96	2	0.025	-7.916351524497564	4
96	3	0.025	-7.953969632449849	4
96	5	0.025	-7.959785751274498	4
96	6	0.025	-7.802434173600137	4
96	7	0.025	-7.889904623258577	4
96	8	0.025	-7.960510426292932	4
96	9	0.025	-6.665789803437712	4
97	0	0.025	-7.808345194835363	5
97	1	0.025	-7.779371908019813	5
97	2	0.025	-7.841897302535216	5
97	3	0.025	-3.774046366162341	5
97	4	0.025	-7.927108611086818	5
97	6	0.025	-7.153214273020539	5
97	7	0.025	-7.846068308977702	5
97	8	0.025	-7.702363498497939	5
97	9	0.025	-7.84507564516089	5
98	0	0.025	-6.524220649651042	9
98	1	0.025	-6.538996814089172	9
98	2	0.025	-6.578249560824267	9
98	3	0.025	-6.60266387349456	9
98	4	0.025	-6.538387785109518	9
98	5	0.025	-6.579316516982749	9
98	6	0.025	-6.504539993033079	9
98	7	0.025	-6.552719401676784	9
98	8	0.025	-6.599867539908337	9
100	0	0.025	-7.750984463440339	6
100	1	0.025	-7.756672713017048	6
100	2	0.025	-7.7859541507166385	6
100	3	0.025	-7.837828827277642	6
100	4	0.025	-7.88125820532349	6
100	5	0.025	-7.842605155524356	6
100	7	0.025	-7.81324949594853	6
100	8	0.025	-7.854099458413735	6
100	9	0.025	-7.737617507058975	6
101	0	0.025	-7.518507901996756	6
101	1	0.025	-7.606327064646582	6
101	2	0.025	-7.649126965495215	6
101	3	0.025	-7.685390730127354	6
101	4	0.025	-7.740611313461556	6
101	5	0.025	-1.7958661408386867	6
101	7	0.025	-7.669314381809871	6
101	8	0.025	-7.312001738321281	6
101	9	0.025	-7.6347410843670795	6
102	1	0.025	-7.598314170487997	0
102	2	0.025	-6.316936192968177	0
102	3	0.025	-7.688186018592365	0
102	4	0.025	-7.755083201865655	0
102	5	0.025	-7.6092201391010965	0
102	6	0.025	-7.449896473426294	0
102	7	0.025	-7.644701980000835	0
102	8	0.025	-7.6581864931541945	0
102	9	0.025	-7.643892295774634	0
103	0	0.025	-7.623883187470068	7
103	1	0.025	-7.611217132106919	7
103	2	0.025	-7.6699485110154075	7
103	3	0.025	-7.703714114806361	7
103	4	0.025	-7.682130038538441	7
103	5	0.025	-7.71515582184404	7
103	6	0.025	-7.585103167005139	7
103	8	0.025	-7.708357123014231	7
103	9	0.025	-7.365905969383173	7
104	0	0.025	-1.8443632323634633	7
104	1	0.025	-1.8426228047993949	7
104	2	0.025	-1.8873455195209163	7
104	3	0.025	-1.2896850944133667	7
104	4	0.025	-1.9192370799492011	7
104	5	0.025	-1.831856619276626	7
104	6	0.025	-1.8444376151114574	7
104	8	0.025	3.546034607804453	7
104	9	0.025	-1.7222216151280303	7
105	0	0.025	-7.715592256179968	8
105	1	0.025	-7.666753195510911	8
105	2	0.025	-7.724031938516092	8
105	3	0.025	-4.141049028120411	8
105	4	0.025	-7.819768243718175	8
105	5	0.025	-7.6507935658183905	8
105	6	0.025	-7.619295978066526	8
105	7	0.025	-7.720613075815271	8
105	9	0.025	-7.700931711379126	8
106	0	0.025	-7.652729657021911	4
106	1	0.025	-7.644021634010362	4
106	2	0.025	-7.667880128193559	4
106	3	0.025	-7.734916789664011	4
106	5	0.025	-7.694432178025527	4
106	6	0.025	-6.085524253221266	4
106	7	0.025	-7.708125037427075	4
106	8	0.025	-4.460614473612435	4
106	9	0.025	-7.595187732953531	4
107	0	0.025	-7.706347941241916	8
107	1	0.025	-7.656926581132319	8
107	2	0.025	-7.714045538578227	8
107	3	0.025	-4.952216393883789	8
107	4	0.025	-7.837836539991542	8
107	5	0.025	-7.623117017511595	8
107	6	0.025	-7.632616696716152	8
107	7	0.025	-6.8661837051097105	8
107	9	0.025	-7.739255931408695	8
109	0	0.025	-7.642986014728106	1
109	2	0.025	-7.515616978393791	1
109	3	0.025	-7.700586729699805	1
109	4	0.025	-7.694804184328354	1
109	5	0.025	-6.056207665834854	1
109	6	0.025	-6.192654035747054	1
109	7	0.025	-7.653448103862856	1
109	8	0.025	-7.6910527672830264	1
109	9	0.025	-7.579018325320143	1
110	0	0.025	-7.1069628057876635	8
110	1	0.025	-7.079445397460674	8
110	2	0.025	-7.130188452259402	8
110	3	0.025	-7.171104577228768	8
110	4	0.025	-7.1127230187898025	8
110	5	0.025	-5.332808231950218	8
110	6	0.025	-6.993023170407518	8
110	7	0.025	-7.146189277762304	8
110	9	0.025	-7.0057978493915485	8
111	1	0.025	-7.6121063392963215	0
111	2	0.025	-7.645383600412876	0
111	3	0.025	-7.694878378721661	0
111	4	0.025	-7.745396788808429	0
111	5	0.025	-7.495844937127505	0
111	6	0.025	-7.45975976795527	0
111	7	0.025	-7.654176711086869	0
111	8	0.025	-7.337292175542338	0
111	9	0.025	-7.639248175930145	0
112	0	0.025	-7.659195954538221	2
112	1	0.025	-7.625625975221782	2
112	3	0.025	-7.710207713834931	2
112	4	0.025	-7.834995873894051	2
112	5	0.025	-7.667777315384383	2
112	6	0.025	-7.529791625136056	2
112	7	0.025	-7.676663685075458	2
112	8	0.025	-3.0510606066877775	2
112	9	0.025	-7.693916127133578	2
113	0	0.025	-6.553582070895903	9
113	1	0.025	-6.536345952505781	9
113	2	0.025	-6.600326380537971	9
113	3	0.025	-6.615474065298698	9
113	4	0.025	-4.872953952648441	9
113	5	0.025	-6.600780257107078	9
113	6	0.025	-6.554481815541275	9
113	7	0.025	-3.935951372575013	9
113	8	0.025	-6.60386483314818	9
114	0	0.025	-7.545628470601895	1
114	2	0.025	-7.567166036232057	1
114	3	0.025	-7.598968556851444	1
114	4	0.025	-7.667332910002615	1
114	5	0.025	-7.548867722505157	1
114	6	0.025	-7.1778485814478215	1
114	7	0.025	-7.549339737716785	1
114	8	0.025	-7.574763326779069	1
114	9	0.025	-7.52754863083718	1
115	1	0.025	-7.607498731843645	0
115	2	0.025	-7.64573117092743	0
115	3	0.025	-7.693129456703963	0
115	4	0.025	-7.754186147351109	0
115	5	0.025	-7.244552108500191	0
115	6	0.025	-7.4661391395396715	0
115	7	0.025	-7.650507618215613	0
115	8	0.025	-7.664130677959742	0
115	9	0.025	-7.646901119764027	0
116	0	0.025	-7.721407063848559	3
116	1	0.025	-7.667198218800175	3
116	2	0.025	-7.6627308648870995	3
116	4	0.025	-7.860970063552712	3
116	5	0.025	-6.775202292632195	3
116	6	0.025	-7.671931884359493	3
116	7	0.025	-7.712491941178242	3
116	8	0.025	-7.742074725443854	3
116	9	0.025	-7.537846436341479	3
117	0	0.025	-7.600679617595569	9
117	1	0.025	-7.6129166484715745	9
117	2	0.025	-7.64767166495693	9
117	3	0.025	-6.974293819471098	9
117	4	0.025	-7.628535966846011	9
117	5	0.025	-7.644502739051243	9
117	6	0.025	-7.598191007334042	9
117	7	0.025	-7.623982990565837	9
117	8	0.025	-7.655142902074516	9
118	0	0.025	-7.640427921953756	7
118	1	0.025	-7.622786188677818	7
118	2	0.025	-7.680302816869869	7
118	3	0.025	-7.712525890623105	7
118	4	0.025	-7.710932650667922	7
118	5	0.025	-7.739149081668794	7
118	6	0.025	-7.62688206284125	7
118	8	0.025	-7.738802133546811	7
118	9	0.025	-7.483212850314143	7
119	1	0.025	-7.61395423911436	0
119	2	0.025	-7.650341912624697	0
119	3	0.025	-7.697726478559437	0
119	4	0.025	-7.757326037926185	0
119	5	0.025	-7.610616189912778	0
119	6	0.025	-7.481742223234559	0
119	7	0.025	-7.654739420009607	0
119	8	0.025	-7.6778000032094305	0
119	9	0.025	-7.648847143099828	0
120	0	0.025	-7.866217675546386	4
120	1	0.025	-7.887087189120902	4
120	2	0.025	-7.91723877203743	4
120	3	0.025	-7.962041146383833	4
120	5	0.025	-7.9716047026331935	4
120	6	0.025	-7.78765875229196	4
120	7	0.025	-7.915977466392898	4
120	8	0.025	-7.9701030998374245	4
120	9	0.025	-7.188203010250334	4
121	0	0.025	-7.645386421018257	9
121	1	0.025	-7.659226285239127	9
121	2	0.025	-7.694226667984804	9
121	3	0.025	-7.717348227603661	9
121	4	0.025	-7.664395523633838	9
121	5	0.025	-7.698101070446095	9
121	6	0.025	-7.636715198653223	9
121	7	0.025	-7.6091319232227965	9
121	8	0.025	-7.704828857404928	9
122	0	0.025	-7.739295981163121	6
122	1	0.025	-7.7378376529753155	6
122	2	0.025	-7.7592111312316945	6
122	3	0.025	-7.82293641320038	6
122	4	0.025	-7.87693933411844	6
122	5	0.025	-7.799590291875346	6
122	7	0.025	-7.799195428576666	6
122	8	0.025	-7.8210857618497265	6
122	9	0.025	-7.733918525759044	6
123	0	0.025	-1.5102628261184856	8
123	1	0.025	-1.4861909507544229	8
123	2	0.025	-1.546054658808564	8
123	3	0.025	-1.5727528203161876	8
123	4	0.025	-1.5949732121702815	8
123	5	0.025	1.9943578881623503	8
123	6	0.025	-1.4385159588716498	8
123	7	0.025	-1.46229797449964	8
123	9	0.025	2.442306031159247	8
124	0	0.025	-7.420238622874532	9
124	1	0.025	-7.4232156869094394	9
124	2	0.025	-7.464301673433097	9
124	3	0.025	-5.770278971836817	9
124	4	0.025	-7.448281011572865	9
124	5	0.025	-7.450451982984382	9
124	6	0.025	-7.397758535028099	9
124	7	0.025	-7.439403072378392	9
124	8	0.025	-7.468091017708121	9
125	0	0.025	-7.7227984119104045	3
125	1	0.025	-7.669582682405363	3
125	2	0.025	-7.73881799367455	3
125	4	0.025	-7.852790180432265	3
125	5	0.025	-7.472695551685089	3
125	6	0.025	-7.674078429879871	3
125	7	0.025	-7.7092255324196035	3
125	8	0.025	-7.730537139778231	3
125	9	0.025	-7.723116443331964	3
126	0	0.025	-3.621716842223564	5
126	1	0.025	-3.8457558125107205	5
126	2	0.025	-3.896427226262315	5
126	3	0.025	-3.6712372042564194	5
126	4	0.025	-3.988079303843604	5
126	6	0.025	1.8218780814844742	5
126	7	0.025	-3.91301122966599	5
126	8	0.025	-3.916593690885512	5
126	9	0.025	-3.8958919082393626	5
127	0	0.025	-1.7706259703107872	4
127	1	0.025	-1.7855062862011395	4
127	2	0.025	-1.815184514889851	4
127	3	0.025	-1.8612513595938065	4
127	5	0.025	-1.8584800343863652	4
128	0	0.025	-7.720089607949888	3
128	1	0.025	-7.666037332264602	3
128	2	0.025	-7.737412764740819	3
128	4	0.025	-7.859528266850628	3
128	5	0.025	-4.861862936084989	3
128	6	0.025	-7.671069114071422	3
128	7	0.025	-7.711253916657599	3
128	8	0.025	-7.736523476683794	3
128	9	0.025	-7.735823784941609	3
129	0	0.025	-7.662718289717063	2
129	1	0.025	-7.624940230714086	2
129	3	0.025	-7.707565599596274	2
129	4	0.025	-7.83435814342129	2
129	5	0.025	-7.655920869440529	2
129	6	0.025	-7.526165018484302	2
129	7	0.025	-7.681721055450082	2
129	8	0.025	-6.795391722285165	2
129	9	0.025	-7.696147239069399	2
130	0	0.025	-3.5661354216577235	2
130	1	0.025	-3.572183935966287	2
130	3	0.025	-2.4034993311855537	2
130	4	0.025	-3.7768041822570844	2
130	5	0.025	-3.570971830770333	2
130	6	0.025	-3.5020451952358655	2
130	7	0.025	-3.6243615483770912	2
130	8	0.025	1.213759551976392	2
130	9	0.025	-3.6581771293049257	2
131	0	0.025	-7.8736452898504705	4
131	1	0.025	-7.892296700725391	4
131	2	0.025	-7.922972416241244	4
131	3	0.025	-7.963485943762307	4
131	5	0.025	-7.973282829823082	4
131	6	0.025	-7.801272101424974	4
131	7	0.025	-7.909517215557279	4
131	8	0.025	-7.968637151646897	4
131	9	0.025	-7.051793980221929	4
132	1	0.025	-7.584467618088911	0
132	2	0.025	-6.483253350805886	0
132	3	0.025	-7.666819699470552	0
132	4	0.025	-7.73597016703496	0
132	5	0.025	-7.535719369538482	0
132	6	0.025	-0.7885311991201204	0
132	7	0.025	-7.630545314269018	0
132	8	0.025	-7.64586717618811	0
132	9	0.025	-7.620404008990051	0
133	0	0.025	-7.715604541671721	3
133	1	0.025	-3.6449354723382212	3
133	2	0.025	-7.735288607909262	3
133	4	0.025	-7.848933413616883	3
133	5	0.025	-7.226589879218574	3
133	6	0.025	-7.626026697318358	3
133	7	0.025	-7.709988175055987	3
133	8	0.025	-7.733890716707874	3
133	9	0.025	-7.729438541179599	3
134	0	0.025	-6.418356907385707	2
134	1	0.025	-7.626873209929758	2
134	3	0.025	-7.316934415500459	2
134	4	0.025	-7.808523977849357	2
134	5	0.025	-7.693254174151107	2
134	6	0.025	-7.2430765653652625	2
134	7	0.025	-7.6861274128327866	2
134	8	0.025	-7.7164191975188965	2
134	9	0.025	-7.675528173902615	2
135	0	0.025	-7.719771166670208	3
135	1	0.025	-7.663024719179568	3
135	2	0.025	-7.733726468509308	3
135	4	0.025	-7.853182578845508	3
135	5	0.025	-7.558922573376405	3
135	6	0.025	-7.654810730809087	3
135	7	0.025	-7.709137334757557	3
135	8	0.025	-7.5256353139248064	3
135	9	0.025	-7.727063400097517	3
136	0	0.025	-7.812727531226522	5
136	1	0.025	-7.765117871110884	5
136	2	0.025	-7.846131731342173	5
136	3	0.025	-2.768038077086267	5
136	4	0.025	-7.92908625422363	5
136	6	0.025	-7.695601227716752	5
136	7	0.025	-7.767148602659675	5
136	8	0.025	-7.841670398313481	5
136	9	0.025	-7.815348333876926	5
137	0	0.025	-7.657425468099737	1
137	2	0.025	-7.679154891113923	1
137	3	0.025	-7.709602272658551	1
137	4	0.025	-7.777129837629789	1
137	5	0.025	-7.662054972085357	1
137	6	0.025	-7.227178885508812	1
137	7	0.025	-7.658798056363166	1
137	8	0.025	-7.70873507412212	1
137	9	0.025	-7.637081230483063	1
138	0	0.025	-6.797788652033347	1
138	2	0.025	-6.818549347830375	1
138	3	0.025	-5.4596997046302125	1
138	4	0.025	-5.767668625535176	1
138	5	0.025	-6.78897415609203	1
138	6	0.025	-6.660594271275692	1
138	7	0.025	-6.795995355580856	1
138	8	0.025	-6.838382039633736	1
138	9	0.025	-6.746233291765361	1
139	0	0.025	-7.662194376766203	2
139	1	0.025	-6.59608202052673	2
139	3	0.025	-7.709559138442503	2
139	4	0.025	-7.832044450684327	2
139	5	0.025	-7.681235597358636	2
139	6	0.025	-7.521785449543335	2
139	7	0.025	-7.676530716240861	2
139	8	0.025	-7.600476628159684	2
139	9	0.025	-7.685654237110527	2
140	0	0.025	-7.86572654334301	4
140	1	0.025	-7.883749872248529	4
140	2	0.025	-7.916278322584998	4
140	3	0.025	-7.959467147639914	4
140	5	0.025	-7.981047930910921	4
140	6	0.025	-7.7958083976531825	4
140	7	0.025	-3.8612014250208464	4
140	8	0.025	-7.961548371702741	4
140	9	0.025	-7.174924264607762	4
141	0	0.025	-7.711257795261713	8
141	1	0.025	-7.682246401807052	8
141	2	0.025	-7.460254907545288	8
141	3	0.025	-7.725259872565823	8
141	4	0.025	-7.857239237861176	8
141	5	0.025	-7.666875391386483	8
141	6	0.025	-6.243208251524175	8
141	7	0.025	-7.759296154924134	8
141	9	0.025	-7.757942405731596	8
142	0	0.025	-7.662671574737258	2
142	1	0.025	-7.447706231427217	2
142	3	0.025	-7.714201068793547	2
142	4	0.025	-7.831991846559899	2
142	5	0.025	-7.686596691020018	2
142	6	0.025	-7.517446895363525	2
142	7	0.025	-7.6773776634843856	2
142	8	0.025	-7.53391268675259	2
142	9	0.025	-7.683699642693804	2
143	0	0.025	-7.663208154397287	2
143	1	0.025	-7.624613095685633	2
143	3	0.025	-2.486569384952555	2
143	4	0.025	-7.828566737843988	2
143	5	0.025	-7.6732900567589715	2
143	6	0.025	-7.520548989396396	2
143	7	0.025	-7.6734702996837605	2
143	8	0.025	-7.710237951779373	2
143	9	0.025	-7.6752094145127865	2
144	0	0.025	-7.742405762610316	6
144	1	0.025	-7.751407139392126	6
144	2	0.025	-7.412656679442729	6
144	3	0.025	-7.833187250051663	6
144	4	0.025	-7.865877188160727	6
144	5	0.025	-7.848457049982192	6
144	7	0.025	-7.693713924391716	6
144	8	0.025	-7.854186770949052	6
144	9	0.025	-7.71929863360184	6
145	0	0.025	-7.747444693235844	8
145	1	0.025	-7.706467840138948	8
145	2	0.025	-7.36533066205465	8
145	3	0.025	-7.805497632832363	8
145	4	0.025	-7.876170852977545	8
145	5	0.025	-7.674273766342295	8
145	6	0.025	-7.633138978246572	8
145	7	0.025	-7.7784511945095804	8
145	9	0.025	-7.787539522048304	8
146	0	0.025	-6.571058407044447	6
146	1	0.025	-7.206480377407426	6
146	2	0.025	-7.247358167171835	6
146	3	0.025	-7.292716647956579	6
146	4	0.025	-7.236747664720456	6
146	5	0.025	-2.962626638585704	6
146	7	0.025	-7.27630037753661	6
146	8	0.025	-7.2930219475490015	6
146	9	0.025	-7.243431499478352	6
147	0	0.025	-7.657309521254084	1
147	2	0.025	-7.678689072983297	1
147	3	0.025	-7.709658467427944	1
147	4	0.025	-7.777094443869951	1
147	5	0.025	-7.663392158274782	1
147	6	0.025	-7.235813847468168	1
147	7	0.025	-7.657840857882359	1
147	8	0.025	-7.704669962120389	1
147	9	0.025	-7.6348890610707825	1
149	1	0.025	-7.615225593770588	0
149	2	0.025	-7.65174456316152	0
149	3	0.025	-7.698143522036728	0
149	4	0.025	-7.758113011948811	0
149	5	0.025	-7.611021327760925	0
149	6	0.025	-7.487423429765131	0
149	7	0.025	-7.653562169265793	0
149	8	0.025	-7.679062926546089	0
149	9	0.025	-7.649433525840892	0
150	0	0.025	-5.233648831371977	6
150	1	0.025	-7.751594630550939	6
150	2	0.025	-6.269343975620184	6
150	3	0.025	-7.830550549952477	6
150	4	0.025	-7.727552458859328	6
150	5	0.025	-7.714661735151763	6
150	7	0.025	-7.799291177096308	6
150	8	0.025	-7.851114151022522	6
150	9	0.025	-7.728154124504759	6
1	0	0.075	-0.4042373445084097	2
1	1	0.075	0.44376801991615145	2
1	3	0.075	6.134380533349524	2
1	4	0.075	0.04923365496785499	2
1	5	0.075	5.470884207585696	2
1	6	0.075	5.508476560851262	2
1	7	0.075	2.6207887417104003	2
1	8	0.075	5.719043219087657	2
1	9	0.075	3.199498003285437	2
2	1	0.075	-5.359370076139458	0
2	2	0.075	-4.140695188194968	0
2	3	0.075	-5.444805220615775	0
2	4	0.075	-5.497394239331375	0
2	5	0.075	-1.7898864023464562	0
2	6	0.075	-5.103883966947611	0
2	7	0.075	-5.19291525831948	0
2	8	0.075	-4.288066268576691	0
2	9	0.075	-5.319288189202013	0
3	0	0.075	-6.898852918048755	4
3	1	0.075	-6.902110244006971	4
3	2	0.075	-6.933997698509504	4
3	3	0.075	-2.5583502077505074	4
3	5	0.075	-6.966160315401931	4
3	6	0.075	-5.1364076053832814	4
3	7	0.075	-4.741311753736959	4
3	8	0.075	-5.538615531459158	4
3	9	0.075	-1.7189626572254622	4
4	0	0.075	3.9765233163180578	8
4	1	0.075	6.175897706367552	8
4	2	0.075	7.079947650311767	8
4	3	0.075	7.10864936393582	8
4	4	0.075	0.4420602987251416	8
4	5	0.075	7.338288847002085	8
4	6	0.075	7.0142409930571095	8
4	7	0.075	0.14819302168558718	8
4	9	0.075	5.140195515441024	8
5	0	0.075	-7.1928142257773455	7
5	1	0.075	-5.882728118204024	7
5	2	0.075	-5.613122817858875	7
5	3	0.075	-5.363084199763405	7
5	4	0.075	-6.873454860604856	7
5	5	0.075	-7.551508104943382	7
5	6	0.075	-7.420418512265284	7
5	8	0.075	-7.528971353686977	7
5	9	0.075	-3.7213521966410887	7
6	0	0.075	-6.216612098169509	6
6	1	0.075	-4.276479885514442	6
6	2	0.075	-1.616398418136523	6
6	3	0.075	-6.369391641466805	6
6	4	0.075	-1.7674324773746954	6
6	5	0.075	-3.4413387694175497	6
6	7	0.075	-6.515640592478292	6
6	8	0.075	-5.474000092319013	6
6	9	0.075	-4.714206693100746	6
7	1	0.075	-7.54948487167744	0
7	2	0.075	-7.585453540982609	0
7	3	0.075	-7.629422454365082	0
7	4	0.075	-7.683104419615658	0
7	5	0.075	-3.6263001537952047	0
7	6	0.075	-7.42369905856961	0
7	7	0.075	-5.625574433731059	0
7	8	0.075	-7.600641119194576	0
7	9	0.075	-6.547304640334916	0
8	0	0.075	4.661893537759188	6
8	1	0.075	1.6226357369714417	6
8	2	0.075	6.195895644563715	6
8	3	0.075	2.3191064725602035	6
8	4	0.075	2.5181962906889916	6
9	0	0.075	-0.1957260693242027	3
10	0	0.075	-1.110365587929794	1
10	2	0.075	5.298105096581937	1
10	3	0.075	2.903452000349021	1
10	4	0.075	2.282771388682793	1
10	5	0.075	3.5189815168333376	1
10	6	0.075	3.704691241307709	1
10	7	0.075	3.051347086925412	1
10	8	0.075	3.7667927783630364	1
10	9	0.075	-1.045131511719912	1
11	0	0.075	6.8764416153469226	8
12	1	0.075	-5.307229822192931	0
12	2	0.075	-2.291020976818175	0
12	3	0.075	-0.3728846082747561	0
12	4	0.075	-5.029346177638649	0
12	5	0.075	-5.594102032416416	0
12	6	0.075	-4.470120013396619	0
12	7	0.075	-5.657424641734883	0
12	8	0.075	-4.09930951099579	0
12	9	0.075	-0.49484240353161435	0
13	0	0.075	3.5201981696381908	7
13	1	0.075	1.2883449931233195	7
13	2	0.075	6.89734114271453	7
13	3	0.075	6.1054435724748695	7
13	4	0.075	-0.04450953708387095	7
13	5	0.075	5.382790114363738	7
13	6	0.075	4.2954041994826	7
13	8	0.075	0.15018578612757935	7
13	9	0.075	7.0927241161442796	7
14	0	0.075	1.9179483444477246	9
14	1	0.075	-0.1662894198213565	9
14	2	0.075	-0.29111501174237114	9
14	3	0.075	5.795922839402188	9
14	4	0.075	4.2600213538471285	9
14	5	0.075	0.4841014433042723	9
14	6	0.075	-0.22597460665282443	9
14	7	0.075	4.7351577999747745	9
14	8	0.075	3.844306919304392	9
15	0	0.075	0.8558336808287769	8
15	1	0.075	-1.1798110089923586	8
15	2	0.075	4.191071950123609	8
15	3	0.075	1.8753900387453506	8
15	4	0.075	-1.2259560396210374	8
15	5	0.075	4.852977894970804	8
15	6	0.075	-0.38969380264983455	8
15	7	0.075	-1.2168367304968126	8
15	9	0.075	4.0899060763890125	8
16	0	0.075	3.482353804967593	4
16	1	0.075	-2.327125276833073	4
16	2	0.075	-0.45661976756807215	4
16	3	0.075	-2.409705908744974	4
16	5	0.075	-2.3498065132654427	4
16	6	0.075	-0.5175568432412011	4
16	7	0.075	-2.225669975329338	4
16	8	0.075	4.853151440110969	4
16	9	0.075	-0.15085310657192624	4
17	0	0.075	-3.28317122566984	5
17	1	0.075	-7.682787552708767	5
17	2	0.075	-7.74646266192324	5
17	3	0.075	-1.4382439850029136	5
17	4	0.075	-1.9228614373305597	5
17	6	0.075	-5.350465512964045	5
17	7	0.075	-7.748823061243116	5
17	8	0.075	-3.5510167907417847	5
17	9	0.075	-5.126080988718813	5
18	0	0.075	5.121674223819202	3
18	1	0.075	4.390385230588077	3
18	2	0.075	-0.12584543393676584	3
18	4	0.075	-0.33683835950679886	3
18	5	0.075	6.964140673137917	3
18	6	0.075	0.30518246706118435	3
18	7	0.075	-0.19618369763885013	3
18	8	0.075	1.0913149114770586	3
18	9	0.075	5.23834884902286	3
19	0	0.075	2.6792630846490493	4
19	1	0.075	5.258382300898911	4
19	2	0.075	1.0099119824817335	4
19	3	0.075	7.793664257317112	4
19	5	0.075	6.425508899956038	4
19	6	0.075	0.21730495244671172	4
19	7	0.075	5.995736254512183	4
19	8	0.075	6.35501287112673	4
19	9	0.075	7.753664393390965	4
20	1	0.075	0.8291658361465843	0
20	2	0.075	6.293857250325915	0
20	3	0.075	6.362407534883843	0
20	4	0.075	4.38016897118946	0
20	5	0.075	7.852011107933412	0
20	6	0.075	5.095963750841078	0
20	7	0.075	6.32244640753583	0
21	0	0.075	4.661130899443881	6
21	1	0.075	3.1675170071778393	6
21	2	0.075	5.75652834553319	6
21	3	0.075	2.8957873961556393	6
21	4	0.075	6.234021196329752	6
21	5	0.075	4.685569325944921	6
21	7	0.075	5.688498791004102	6
21	8	0.075	5.6932661607734545	6
21	9	0.075	4.354283417708964	6
22	0	0.075	-0.036534379114689125	6
22	1	0.075	4.3439544392755	6
22	2	0.075	5.502700615991139	6
22	3	0.075	5.984275739905353	6
22	4	0.075	6.136522035307912	6
22	5	0.075	5.366321130825075	6
22	7	0.075	5.761192523645583	6
22	8	0.075	5.1787447330693315	6
22	9	0.075	4.6722627179727745	6
23	0	0.075	0.03164212166358865	3
23	1	0.075	5.49072308593721	3
23	2	0.075	6.034641186483986	3
23	4	0.075	-0.3870685435885632	3
23	5	0.075	7.292563336229172	3
23	6	0.075	0.16495055472188186	3
23	7	0.075	1.129886812525653	3
23	8	0.075	-0.26724903095911173	3
23	9	0.075	0.615080625681204	3
24	1	0.075	-0.6187562402061337	0
24	2	0.075	5.220050324021502	0
24	3	0.075	0.2414205813988156	0
24	4	0.075	-1.0426362482898675	0
24	5	0.075	4.531190176645419	0
24	6	0.075	4.076558555869721	0
24	7	0.075	1.3518717778794593	0
24	8	0.075	0.0374491343555404	0
24	9	0.075	0.23309164250736322	0
25	0	0.075	4.695764913785361	2
25	1	0.075	5.227690850437016	2
25	3	0.075	6.980743529987063	2
25	4	0.075	-0.5899851158783675	2
25	5	0.075	4.964905831085935	2
25	6	0.075	1.5401446138212225	2
25	7	0.075	-0.43393047551406444	2
25	8	0.075	4.8968075163426	2
25	9	0.075	-0.19157115732237598	2
26	0	0.075	-7.707585705314928	3
26	1	0.075	-6.760204186547855	3
26	2	0.075	-3.883074440907199	3
26	4	0.075	-7.849357749740994	3
26	5	0.075	-2.444649479595753	3
26	6	0.075	-7.6276074976092945	3
26	7	0.075	-7.698042620428601	3
26	8	0.075	-7.08134222657785	3
26	9	0.075	-6.739360358624164	3
27	0	0.075	3.4146417803519653	6
27	1	0.075	7.316170178401904	6
27	2	0.075	7.205783351314297	6
27	3	0.075	7.6295053617460225	6
27	4	0.075	7.276497224139002	6
27	5	0.075	7.782757266079136	6
27	7	0.075	1.4310341082875309	6
27	8	0.075	6.758566785352658	6
27	9	0.075	4.768666163303545	6
28	0	0.075	1.8977509472038536	6
28	1	0.075	0.8766000749557495	6
28	2	0.075	3.2722436163481663	6
28	3	0.075	-0.5153132262924304	6
28	4	0.075	2.7291784478283345	6
28	5	0.075	3.4335927875458574	6
28	7	0.075	-2.5664896626684337	6
28	8	0.075	1.7438151282353358	6
28	9	0.075	2.319220121321416	6
29	0	0.075	-1.1429185479863309	7
29	1	0.075	-1.2384742017539527	7
29	2	0.075	4.4891025853711035	7
29	3	0.075	1.896641465269954	7
29	4	0.075	-1.3183241889381365	7
29	5	0.075	1.267637337809842	7
29	6	0.075	1.2271278884782235	7
29	8	0.075	5.599805874733635	7
29	9	0.075	-0.5708870068479311	7
30	0	0.075	3.9544744689029825	4
30	1	0.075	0.1244216605775584	4
30	2	0.075	4.561096502465317	4
30	3	0.075	4.152257025088509	4
30	5	0.075	5.434600934139937	4
30	6	0.075	4.991257044649077	4
30	7	0.075	5.164267587090821	4
30	8	0.075	3.5888507635472693	4
30	9	0.075	5.929257204122073	4
32	0	0.075	-3.8485560695983883	3
32	1	0.075	-3.875339510003368	3
32	2	0.075	-2.486082792123389	3
32	4	0.075	-4.107977710292125	3
32	5	0.075	2.309957053039005	3
32	6	0.075	-3.946534425817359	3
32	7	0.075	-3.8701822100715995	3
32	8	0.075	-4.024963653602033	3
32	9	0.075	0.8629928765773247	3
33	0	0.075	1.1799284168046051	8
33	1	0.075	-0.03363591987940065	8
33	2	0.075	5.687579572354485	8
33	3	0.075	5.252210764478125	8
33	4	0.075	-0.22406908399130104	8
33	5	0.075	-0.041817059049402354	8
33	6	0.075	0.34213889717211254	8
33	7	0.075	-0.1203957844601599	8
33	9	0.075	2.8946464967474386	8
35	0	0.075	-7.659814920745162	5
35	1	0.075	-7.63849127525305	5
35	2	0.075	-7.695438760338172	5
35	3	0.075	-0.6558300185624615	5
35	4	0.075	-7.796601924927591	5
35	6	0.075	-5.127618812540778	5
35	7	0.075	-7.699011988567768	5
35	8	0.075	-2.408136923826367	5
35	9	0.075	-1.6554916267826305	5
36	0	0.075	-3.3358777095409686	4
36	1	0.075	-3.6893269313160824	4
36	2	0.075	-3.6514248338598425	4
36	3	0.075	-3.7684205956452854	4
36	5	0.075	-3.7392960063040563	4
36	6	0.075	1.4200431444320496	4
36	7	0.075	-1.6047890139834875	4
36	8	0.075	3.275523205170862	4
36	9	0.075	0.8063299697840509	4
37	0	0.075	2.8008058231612654	2
37	1	0.075	5.598077450447837	2
37	3	0.075	7.730177235714103	2
37	4	0.075	0.5434808664790474	2
37	5	0.075	4.727342588776803	2
37	6	0.075	1.0062717179166782	2
37	7	0.075	1.626159791284059	2
37	8	0.075	5.532349689050504	2
37	9	0.075	0.8690851996279414	2
38	0	0.075	-5.061820422578732	5
38	1	0.075	-5.031727003633965	5
38	2	0.075	-1.473052640544846	5
38	3	0.075	1.5676539117492596	5
38	4	0.075	-5.200848486465284	5
38	6	0.075	-4.910224055090137	5
38	7	0.075	-5.086358877858123	5
38	8	0.075	0.8275753130483329	5
38	9	0.075	-5.099795220271523	5
39	0	0.075	5.862742232103173	5
39	1	0.075	6.236940939997325	5
39	2	0.075	7.504762423578567	5
39	3	0.075	7.704317493948421	5
39	4	0.075	7.66034870687367	5
39	6	0.075	7.40684753449741	5
39	7	0.075	2.4430917107671997	5
39	8	0.075	6.919710020059201	5
39	9	0.075	7.074941992396177	5
40	0	0.075	3.7472327379867565	8
40	1	0.075	6.092720068930113	8
40	2	0.075	6.110077895985374	8
40	3	0.075	7.794057229513179	8
40	4	0.075	2.8754368826731818	8
40	5	0.075	7.362551341856478	8
40	6	0.075	2.45141702822699	8
40	7	0.075	0.12129195346712823	8
40	9	0.075	0.44401808191184844	8
41	0	0.075	-6.7518538894545905	5
41	1	0.075	-7.7967158548698805	5
41	2	0.075	-7.856484980688408	5
41	3	0.075	-2.605929616283479	5
41	4	0.075	-7.933827872407411	5
41	6	0.075	-7.691027963279987	5
41	7	0.075	-7.505634827459128	5
41	8	0.075	-7.846077707090321	5
41	9	0.075	-3.025383510030024	5
42	0	0.075	-2.594770587401281	2
42	1	0.075	2.008159468530965	2
42	3	0.075	3.7155583717408835	2
42	4	0.075	-2.7195661533918623	2
42	5	0.075	-2.5058416105315904	2
42	6	0.075	-0.07184965141520823	2
42	7	0.075	-2.540959290419078	2
42	8	0.075	-0.5797143913174418	2
42	9	0.075	1.7930451289269875	2
44	0	0.075	0.02982653623628395	2
44	1	0.075	-2.990203080495635	2
44	3	0.075	1.5211563829360797	2
44	4	0.075	2.6904441409223203	2
44	5	0.075	-3.0383545897619344	2
44	6	0.075	3.5280861768934515	2
44	7	0.075	0.040006756653510805	2
44	8	0.075	-2.377637016199001	2
44	9	0.075	-1.2024484021242918	2
45	0	0.075	0.6628516286540129	4
45	1	0.075	0.10784976158138226	4
45	2	0.075	0.22760379463737274	4
45	3	0.075	0.17912780045131857	4
45	5	0.075	3.4971264438557452	4
45	6	0.075	5.87510900972829	4
45	7	0.075	4.0382827966615285	4
45	8	0.075	5.1572307310056145	4
45	9	0.075	7.187876468168161	4
46	0	0.075	-6.880464296681771	2
46	1	0.075	-5.675754289099104	2
46	3	0.075	-3.501072737371294	2
46	4	0.075	-7.815622800575101	2
46	5	0.075	-7.6312833303014065	2
46	6	0.075	-7.088933408846778	2
46	7	0.075	-7.662129791950986	2
46	8	0.075	-3.127092909986853	2
46	9	0.075	-7.66876140996229	2
47	0	0.075	3.2282411452067965	7
47	1	0.075	5.7712091523676765	7
47	2	0.075	7.134437893949302	7
48	1	0.075	-7.599259846460831	0
48	2	0.075	-7.623903285077707	0
48	3	0.075	-6.844582047087192	0
48	4	0.075	-7.731425400940426	0
48	5	0.075	-7.005476560670187	0
48	6	0.075	-6.954165976051332	0
48	7	0.075	-5.109538969577161	0
48	8	0.075	-3.7863955027709775	0
48	9	0.075	-0.997577059817103	0
49	0	0.075	-2.9823364860222963	5
49	1	0.075	0.17125844167073886	5
49	2	0.075	-1.556184098976607	5
49	3	0.075	2.823240604541744	5
49	4	0.075	-1.8343849288597527	5
49	6	0.075	-3.9304339329077513	5
49	7	0.075	-2.13560693983021	5
49	8	0.075	0.09935917709607694	5
49	9	0.075	0.9917663623821358	5
50	0	0.075	-0.7172059471518094	1
50	2	0.075	3.830945518519056	1
50	3	0.075	3.053734727553401	1
50	4	0.075	2.3210556819391743	1
50	5	0.075	2.5986872317995675	1
50	6	0.075	3.5451781678023635	1
50	7	0.075	1.8129565307786562	1
50	8	0.075	3.505269036855323	1
50	9	0.075	-0.37663738096588883	1
51	1	0.075	-6.238124989469586	0
51	2	0.075	-0.09722962512957448	0
51	3	0.075	-6.325846298728438	0
51	4	0.075	-6.383899839101078	0
51	5	0.075	-3.251481991173691	0
51	6	0.075	-4.075288095758217	0
51	7	0.075	-5.488012169401461	0
51	8	0.075	-4.289636724424313	0
51	9	0.075	-5.431117162191815	0
52	0	0.075	-0.15481258495352468	7
52	1	0.075	4.4135668242998385	7
52	2	0.075	4.736797856131052	7
52	3	0.075	5.978963313453776	7
52	4	0.075	-0.22602434635472263	7
52	5	0.075	0.8730472465757695	7
52	6	0.075	0.04814062033102523	7
52	8	0.075	-0.5441857621101795	7
52	9	0.075	5.743264171435378	7
53	0	0.075	0.08339212489888037	9
53	1	0.075	0.14877718804658802	9
53	2	0.075	0.04467248566382872	9
53	3	0.075	5.3018798072181985	9
53	4	0.075	7.523467077198337	9
53	5	0.075	6.935041695784273	9
53	6	0.075	4.657018039870066	9
53	7	0.075	6.7128696344265135	9
53	8	0.075	3.997798907889416	9
54	0	0.075	5.050754806239729	9
54	1	0.075	-0.017240974095294133	9
54	2	0.075	6.293158586751732	9
54	3	0.075	-0.10652550333903803	9
54	4	0.075	7.617674661770446	9
54	5	0.075	0.6164162827026984	9
54	6	0.075	6.914331928395777	9
54	7	0.075	6.3333788066998915	9
54	8	0.075	5.373223781897515	9
55	0	0.075	0.02952907935147981	9
55	1	0.075	-0.13512061506336195	9
55	2	0.075	1.5248571089550471	9
55	3	0.075	0.5775499123854736	9
55	4	0.075	7.510620193477917	9
55	5	0.075	2.3795783050243515	9
55	6	0.075	-0.03383772740497504	9
55	7	0.075	4.309343904165792	9
55	8	0.075	4.459073137498613	9
56	0	0.075	-6.570279310990391	6
56	1	0.075	-7.056451690120775	6
56	2	0.075	-6.995916891717221	6
56	3	0.075	-7.136743170533354	6
56	4	0.075	-0.44628375699053446	6
56	5	0.075	-4.619476181562121	6
56	7	0.075	-7.087160192319584	6
56	8	0.075	-6.895857853222542	6
56	9	0.075	-4.433487177138177	6
57	0	0.075	2.4571160485284262	5
57	1	0.075	-0.532209069297966	5
57	2	0.075	-0.5442606591795184	5
57	3	0.075	5.279218021206058	5
57	4	0.075	-0.6230903428109061	5
57	6	0.075	-0.3557558228002219	5
57	7	0.075	-0.5764071002148918	5
57	8	0.075	4.587798883171507	5
57	9	0.075	6.119472358110372	5
58	0	0.075	3.498020942361386	8
58	1	0.075	-1.0968472861494003	8
58	2	0.075	0.8927156859202497	8
58	3	0.075	5.156337162911428	8
58	4	0.075	2.5441116815317457	8
58	5	0.075	3.781143758083313	8
58	6	0.075	1.2825088672947225	8
58	7	0.075	-1.192200754614275	8
58	9	0.075	4.758196377467211	8
59	0	0.075	-3.5380200504743864	8
59	1	0.075	-3.9241672240890257	8
59	2	0.075	1.4767385242710869	8
59	3	0.075	-3.2639098981461254	8
59	4	0.075	-1.7498307214988564	8
59	5	0.075	0.6837642310080833	8
59	6	0.075	-0.08801498022560619	8
59	7	0.075	-3.9872208965093785	8
59	9	0.075	-1.9388649520275014	8
60	0	0.075	1.2570787395793444	6
60	1	0.075	-2.8119343358319693	6
60	2	0.075	3.9700138550769397	6
60	3	0.075	-0.4780477973492201	6
60	4	0.075	3.010936675591812	6
60	5	0.075	1.2233315375930027	6
60	7	0.075	-2.855213154019165	6
60	8	0.075	2.669454413732323	6
60	9	0.075	-0.14440555108893063	6
61	0	0.075	0.26649539901716074	9
61	1	0.075	-0.04545092541918928	9
61	2	0.075	0.7072475378401304	9
61	3	0.075	6.011023753235483	9
61	4	0.075	3.663715873252075	9
61	5	0.075	6.415100490066524	9
61	6	0.075	1.3270266557998844	9
61	7	0.075	6.342281532132077	9
61	8	0.075	4.805823140322356	9
62	0	0.075	6.3730562704661695	9
62	1	0.075	-0.20656677174756313	9
62	2	0.075	0.5244630306887795	9
62	3	0.075	-0.29260954376283693	9
62	4	0.075	5.74664567981403	9
62	5	0.075	0.0371090649401172	9
62	6	0.075	-0.06400966726217384	9
62	7	0.075	-0.2153212401156387	9
62	8	0.075	3.712483408751029	9
63	0	0.075	3.740060859495751	5
63	1	0.075	0.4213516744518067	5
63	2	0.075	-2.6295403052114743	5
63	3	0.075	-0.5324566281554025	5
63	4	0.075	2.5984269582393007	5
63	6	0.075	-2.3810361516985954	5
63	7	0.075	3.863583861234499	5
63	8	0.075	3.80444056665576	5
63	9	0.075	2.5093174345902085	5
64	0	0.075	-0.14559202678546468	4
64	1	0.075	4.3440324794384635	4
64	2	0.075	0.47661007402491307	4
64	3	0.075	3.953473859546037	4
64	5	0.075	1.6741787141852726	4
64	6	0.075	5.726145345640871	4
64	7	0.075	6.164253242639017	4
64	8	0.075	4.78943359437745	4
64	9	0.075	5.336175039850411	4
65	0	0.075	2.476280329124396	2
65	1	0.075	2.2239257373490022	2
65	3	0.075	5.8738745746040415	2
65	4	0.075	-0.27658192770404577	2
65	5	0.075	-0.4473879509555882	2
65	6	0.075	1.2383149226244894	2
65	7	0.075	3.82316239711434	2
65	8	0.075	3.7539706913093336	2
65	9	0.075	3.9141715026497903	2
66	0	0.075	-4.985079281148217	6
66	1	0.075	-7.573800641935654	6
66	2	0.075	-1.5499531082561036	6
66	3	0.075	-7.275720400704299	6
66	4	0.075	-1.0575109135700351	6
66	5	0.075	-0.2807592208938157	6
66	7	0.075	-7.614764072223238	6
66	8	0.075	-5.667991175584354	6
66	9	0.075	-5.934703879411824	6
67	0	0.075	5.110390402565772	8
67	1	0.075	-0.7140499559955387	8
67	2	0.075	1.5198734169254244	8
67	3	0.075	5.794157516588454	8
67	4	0.075	-0.86495535243434	8
67	5	0.075	-0.688936399397652	8
67	6	0.075	2.584485389192431	8
67	7	0.075	-0.7650856407107538	8
67	9	0.075	3.058738687061021	8
68	0	0.075	1.246284714058326	1
68	2	0.075	6.8810861044703895	1
68	3	0.075	7.142157969766419	1
68	4	0.075	4.7297899526643965	1
68	5	0.075	5.649314954857458	1
68	6	0.075	4.773682647777834	1
68	7	0.075	5.1886127733450325	1
68	8	0.075	4.773862373540716	1
68	9	0.075	4.113121508473673	1
69	1	0.075	-5.481299324461792	0
69	2	0.075	-5.215705555852401	0
69	3	0.075	-5.564022419034936	0
69	4	0.075	-5.486436586851608	0
69	5	0.075	-5.505360170383529	0
69	6	0.075	-4.885792761963223	0
69	7	0.075	-4.707450063287698	0
69	8	0.075	-5.524757521512527	0
69	9	0.075	-4.067701085685614	0
70	0	0.075	-3.2266494485175192	6
70	1	0.075	-3.168437793623122	6
70	2	0.075	-0.1539760135807677	6
70	3	0.075	0.8979716701260722	6
70	4	0.075	2.4351226809891995	6
70	5	0.075	2.7333440777819944	6
70	7	0.075	-2.39568464268423	6
70	8	0.075	-3.0508697460624807	6
70	9	0.075	-3.220503728375168	6
71	0	0.075	0.0773032919861703	9
71	1	0.075	0.21052134436899994	9
71	2	0.075	5.3796070739467625	9
71	3	0.075	7.661827550038161	9
71	4	0.075	5.900848008736493	9
71	5	0.075	7.844257981796649	9
71	6	0.075	0.21008087442133183	9
71	7	0.075	5.828533581732374	9
71	8	0.075	4.087396135193829	9
72	0	0.075	2.716646457512964	5
72	1	0.075	-2.521998854591425	5
72	2	0.075	-0.13318704253893252	5
72	3	0.075	3.1478858149228377	5
72	4	0.075	-2.876345052986497	5
72	6	0.075	-3.0828505986752273	5
72	7	0.075	0.9985167681886217	5
72	8	0.075	2.678915567895503	5
72	9	0.075	3.5246266451693784	5
73	0	0.075	-2.8287541163979824	5
73	1	0.075	-2.5416840210490874	5
73	2	0.075	-0.19337620361937397	5
73	3	0.075	0.5743479882743454	5
73	4	0.075	-5.6783783121249805	5
73	6	0.075	0.7181962979221534	5
73	7	0.075	-5.576175559656169	5
73	8	0.075	-4.499815129351497	5
73	9	0.075	0.1567279563605469	5
74	0	0.075	-1.7116631021864532	4
74	1	0.075	-1.7205239917793136	4
74	2	0.075	0.7721956634431569	4
74	3	0.075	-1.812054403189075	4
74	5	0.075	0.8057269431316578	4
74	6	0.075	1.1252772844298686	4
74	7	0.075	3.010628644218434	4
74	8	0.075	0.005776012967372356	4
74	9	0.075	3.397248460224545	4
75	0	0.075	-0.5240994330095079	1
75	2	0.075	5.63244499824089	1
75	3	0.075	5.9657189668844595	1
75	4	0.075	4.9409290575780425	1
75	5	0.075	4.106150983221561	1
75	6	0.075	4.642946751048758	1
75	7	0.075	4.801681878004741	1
75	8	0.075	4.656608356507776	1
75	9	0.075	4.363836360409047	1
76	0	0.075	-2.804645173893748	6
76	1	0.075	2.176986857920496	6
76	2	0.075	3.6680120662268783	6
76	3	0.075	2.125630338762862	6
76	4	0.075	-0.2874835817443876	6
76	5	0.075	-2.371336551201539	6
76	7	0.075	-2.8172818766045267	6
76	8	0.075	0.47639759062950443	6
76	9	0.075	-2.806817523314602	6
77	0	0.075	-0.44838055664334314	7
77	1	0.075	-0.42396224993414255	7
77	2	0.075	5.209358480445439	7
77	3	0.075	5.874083748738892	7
77	4	0.075	-0.4379830593897731	7
77	5	0.075	0.06141489725097986	7
77	6	0.075	-0.35984073504172276	7
77	8	0.075	1.4398544979482948	7
77	9	0.075	5.317327877242442	7
78	0	0.075	5.095857631890008	5
78	1	0.075	-0.4982055726906295	5
78	2	0.075	1.3357886716096756	5
78	3	0.075	3.4350511248460016	5
78	4	0.075	2.957089182988778	5
78	6	0.075	1.405178809653307	5
78	7	0.075	-1.4105521881453855	5
78	8	0.075	-1.1113857103480635	5
78	9	0.075	3.019812800316578	5
79	0	0.075	0.004861109635305765	2
79	1	0.075	1.5985250009434646	2
79	3	0.075	4.002175693317316	2
79	4	0.075	5.588909180547324	2
79	5	0.075	5.6873972887551085	2
79	6	0.075	2.8139230319723447	2
79	7	0.075	7.292645026566646	2
79	8	0.075	-0.04355929953217886	2
79	9	0.075	0.39997403161048456	2
80	0	0.075	2.714585555981022	9
80	1	0.075	1.846553205817658	9
80	2	0.075	2.1467001906528123	9
80	3	0.075	6.844101293517507	9
80	4	0.075	7.6629934219871725	9
80	5	0.075	6.404960609178555	9
80	6	0.075	0.05486044665586075	9
80	7	0.075	6.204359096042433	9
80	8	0.075	4.862526735930077	9
81	1	0.075	6.272151459817416	0
81	2	0.075	7.349130748288057	0
81	3	0.075	-0.05144248323346699	0
81	4	0.075	6.537030917116006	0
81	5	0.075	4.152484908088843	0
81	6	0.075	7.756977773426268	0
81	7	0.075	4.751793937846496	0
81	8	0.075	6.250947887588847	0
81	9	0.075	4.853729238471422	0
82	0	0.075	-0.7604346775407064	6
82	1	0.075	-6.718066529011418	6
82	2	0.075	-0.15854148780501726	6
82	3	0.075	-6.79738546900134	6
82	4	0.075	0.8781699827499956	6
82	5	0.075	-0.7034062484293827	6
82	7	0.075	-6.7551667780818905	6
82	8	0.075	-4.55587744131363	6
82	9	0.075	-6.174950754632603	6
83	0	0.075	-1.346522959145783	4
83	1	0.075	-1.662075233244832	4
83	2	0.075	4.964093941889007	4
83	3	0.075	-1.3541297749750412	4
83	5	0.075	3.76733493274627	4
83	6	0.075	3.3354410210895984	4
83	7	0.075	1.2972959240638624	4
83	8	0.075	1.5300342328143046	4
83	9	0.075	3.3307191728974916	4
84	0	0.075	-2.787017697752518	4
84	1	0.075	-2.3215209758226893	4
84	2	0.075	-2.8279169914758304	4
84	3	0.075	-0.8107746998671391	4
84	5	0.075	-1.736409309905811	4
84	6	0.075	-2.727206537941045	4
84	7	0.075	0.461872382165491	4
84	8	0.075	0.35591330492739837	4
84	9	0.075	4.456118186013512	4
85	0	0.075	6.01465068301555	2
85	1	0.075	3.0002091351081965	2
85	3	0.075	6.421590586830664	2
85	4	0.075	-0.005499777446836252	2
85	5	0.075	0.11863432912081702	2
85	6	0.075	0.16272879532905807	2
86	0	0.075	6.522486149719243	8
86	1	0.075	6.79684866674762	8
86	2	0.075	5.905356002273042	8
86	3	0.075	7.7971691733708495	8
86	4	0.075	7.9800553454527705	8
86	5	0.075	7.935834494952954	8
86	6	0.075	7.499374698258075	8
86	7	0.075	6.617577936847762	8
86	9	0.075	7.617327381774726	8
87	0	0.075	-6.3742270429339944	7
87	1	0.075	0.2531778243648928	7
87	2	0.075	-3.7218965630215672	7
87	3	0.075	-1.5006870642640495	7
87	4	0.075	-0.2600311267997519	7
87	5	0.075	-6.182081850649442	7
87	6	0.075	-6.251363145252262	7
87	8	0.075	-0.5588091681942584	7
87	9	0.075	-4.961315788567716	7
88	0	0.075	-0.08908458178940246	8
88	1	0.075	-2.455774459430293	8
88	2	0.075	3.6691329197161124	8
88	3	0.075	2.6554737080362423	8
88	4	0.075	-3.637679155496912	8
88	5	0.075	0.8773408209006373	8
88	6	0.075	0.6439532621929148	8
88	7	0.075	-3.5045709397017606	8
88	9	0.075	-0.5454069320761563	8
89	0	0.075	-2.9832908614386686	3
89	1	0.075	-1.6502242912552931	3
89	2	0.075	-3.0045421397088474	3
89	4	0.075	-3.1280644286183588	3
89	5	0.075	2.8518367508766302	3
89	6	0.075	-2.911602101816367	3
89	7	0.075	-3.0257458618085025	3
89	8	0.075	-1.6198128254391786	3
89	9	0.075	2.9286411911529515	3
90	1	0.075	-7.48480053168085	0
90	2	0.075	-1.7511272081089917	0
90	3	0.075	-7.518318161081478	0
90	4	0.075	-7.733009286941763	0
90	5	0.075	-4.733869735105908	0
90	6	0.075	-0.6397474008608578	0
90	7	0.075	-3.807450116676699	0
90	8	0.075	-4.198050619305022	0
90	9	0.075	-5.15816126129444	0
91	0	0.075	-0.46181994750545935	9
91	1	0.075	-0.5189250194184951	9
91	2	0.075	0.21063662103163208	9
91	3	0.075	4.393806319678705	9
91	4	0.075	6.341749413741778	9
91	5	0.075	4.598674220743219	9
91	6	0.075	0.2690792931902011	9
91	7	0.075	3.8569873166953648	9
91	8	0.075	2.466980042572447	9
92	1	0.075	3.970424460588692	0
92	2	0.075	5.672181345285128	0
92	3	0.075	2.5162657580178003	0
92	4	0.075	0.3636762529065151	0
92	5	0.075	7.591819758918526	0
92	6	0.075	4.907873259824662	0
92	7	0.075	4.0685515390211675	0
92	8	0.075	4.738226651733432	0
92	9	0.075	0.9310504242675928	0
93	0	0.075	0.8414952485528269	1
93	2	0.075	4.850556540541312	1
93	3	0.075	6.355131973622564	1
93	4	0.075	5.3794699946796225	1
93	5	0.075	4.602304262874107	1
93	6	0.075	4.076996293283892	1
93	7	0.075	5.122297271618471	1
93	8	0.075	6.053689957746302	1
93	9	0.075	4.94469132303347	1
94	0	0.075	-0.24213512121732245	1
94	2	0.075	5.231132771923461	1
94	3	0.075	6.704776239016193	1
94	4	0.075	5.4756897068099075	1
94	5	0.075	4.768114688727189	1
94	6	0.075	4.998576674887704	1
94	7	0.075	5.765527849510284	1
94	8	0.075	4.86998065839603	1
94	9	0.075	4.725714684103707	1
95	0	0.075	0.8284520342434862	9
95	1	0.075	-0.3549284184547497	9
95	2	0.075	2.058611780577104	9
95	3	0.075	5.629652603667751	9
95	4	0.075	1.8913335595440153	9
95	5	0.075	5.567588763305382	9
95	6	0.075	-0.2822163829899277	9
95	7	0.075	4.666429707364002	9
95	8	0.075	1.6761942028940042	9
96	0	0.075	-0.12794563765279796	4
96	1	0.075	1.6238617615970377	4
96	2	0.075	0.15028577558288753	4
96	3	0.075	4.240652997411897	4
96	5	0.075	0.8386247029285399	4
96	6	0.075	3.696846249746567	4
96	7	0.075	3.602717824540543	4
96	8	0.075	3.087770351101024	4
96	9	0.075	7.089728195488847	4
97	0	0.075	-0.5877806074570653	5
97	1	0.075	2.172110514161171	5
97	2	0.075	-0.2470605068723885	5
97	3	0.075	5.644652764161173	5
97	4	0.075	4.326433636046906	5
97	6	0.075	4.9523122966740285	5
97	7	0.075	-0.6257586738370005	5
97	8	0.075	4.642393143305715	5
97	9	0.075	-0.5748596080546462	5
98	0	0.075	4.447644346967976	9
98	1	0.075	0.17608975216945275	9
98	2	0.075	6.061183889681585	9
98	3	0.075	5.714323616202347	9
98	4	0.075	7.665279672857655	9
98	5	0.075	6.967373865769492	9
98	6	0.075	5.441977280814121	9
98	7	0.075	6.599162439476222	9
98	8	0.075	5.850890766201043	9
100	0	0.075	-4.222692471316254	6
100	1	0.075	-2.6403616670639187	6
100	2	0.075	0.8454282582579823	6
100	3	0.075	-5.305149589124449	6
100	4	0.075	-0.07440124301211305	6
100	5	0.075	0.09588285717551527	6
100	7	0.075	-6.451224933548252	6
100	8	0.075	-4.381724974774123	6
100	9	0.075	-2.0052671549675294	6
101	0	0.075	4.9126016526943515	6
101	1	0.075	3.625279547743609	6
101	2	0.075	5.6606097626317835	6
101	3	0.075	6.334147960939938	6
101	4	0.075	5.6292279577350515	6
101	5	0.075	7.5571678872064325	6
101	7	0.075	-0.044318714208349735	6
101	8	0.075	6.887918527082256	6
101	9	0.075	4.302189808522464	6
102	1	0.075	-5.393897480759696	0
102	2	0.075	-0.2157117615127734	0
102	3	0.075	-5.698577609552644	0
102	4	0.075	-5.774909601277628	0
102	5	0.075	-5.634841740710332	0
102	6	0.075	-1.4490103485540442	0
102	7	0.075	-5.469311902953748	0
102	8	0.075	-4.456594209851943	0
102	9	0.075	-5.649990084187925	0
103	0	0.075	-0.6973106071582179	7
103	1	0.075	-0.7131836969520041	7
103	2	0.075	0.545492200234148	7
103	3	0.075	2.2378329372764667	7
103	4	0.075	0.15375618795821813	7
103	5	0.075	5.001218620198875	7
103	6	0.075	3.9513109348274136	7
103	8	0.075	5.192099013221737	7
103	9	0.075	5.218344114932325	7
104	0	0.075	6.873136651399883	7
104	1	0.075	2.567678536431242	7
104	2	0.075	0.8456852488192165	7
105	0	0.075	2.8698164239286346	8
105	1	0.075	4.797517582930405	8
105	2	0.075	7.111939687887964	8
105	3	0.075	7.816258861979951	8
105	4	0.075	5.480405838525717	8
105	5	0.075	2.327006555511075	8
105	6	0.075	0.24346254638242434	8
105	7	0.075	7.063032373322998	8
105	9	0.075	7.625745068712331	8
106	0	0.075	2.6465130152755867	4
106	1	0.075	-0.24374421040524907	4
106	2	0.075	5.120616568417584	4
106	3	0.075	2.131739675471974	4
106	5	0.075	3.029380679719275	4
106	6	0.075	5.970543005407518	4
106	7	0.075	0.7280331250038442	4
106	8	0.075	6.32082218762915	4
106	9	0.075	-0.03527309322369484	4
107	0	0.075	1.5227794515529798	8
107	1	0.075	0.013092601363994929	8
107	2	0.075	4.484109261212212	8
107	3	0.075	6.314674970862123	8
107	4	0.075	-0.1484051875662649	8
107	5	0.075	0.968858389487577	8
107	6	0.075	0.04466620879162494	8
107	7	0.075	6.134543647714787	8
107	9	0.075	0.8461484412001035	8
109	0	0.075	1.4620919910799899	1
109	2	0.075	7.429243938246825	1
109	3	0.075	7.501901091529193	1
109	4	0.075	7.399693969077615	1
109	5	0.075	7.212313486820254	1
109	6	0.075	6.627654171314978	1
109	7	0.075	7.008751013220703	1
109	8	0.075	6.727025374377388	1
109	9	0.075	6.886934694659926	1
110	0	0.075	4.961482046766859	8
110	1	0.075	0.15505078700259983	8
110	2	0.075	6.29657947364251	8
110	3	0.075	7.610026946429055	8
110	4	0.075	4.819629339478381	8
110	5	0.075	7.936682111547536	8
110	6	0.075	5.577477071226151	8
110	7	0.075	0.13584651986571758	8
110	9	0.075	7.512412238656791	8
111	1	0.075	-0.5383383960233307	0
111	2	0.075	3.6445577786223082	0
111	3	0.075	1.8506627577544714	0
111	4	0.075	4.081729826862889	0
111	5	0.075	5.79770255458618	0
111	6	0.075	2.6695273585399555	0
111	7	0.075	-0.7230648933096665	0
111	8	0.075	5.212094260696432	0
111	9	0.075	1.4113939935596465	0
112	0	0.075	3.411820398879124	2
112	1	0.075	-1.0846187368637044	2
112	3	0.075	4.592623057339832	2
112	4	0.075	-1.3368628641529086	2
112	5	0.075	-0.934768183699522	2
112	6	0.075	-1.046315969684631	2
112	7	0.075	-1.1088139690943803	2
112	8	0.075	6.012276245031201	2
112	9	0.075	-0.6177944964091435	2
113	0	0.075	5.940416554843491	9
113	1	0.075	3.525551596328237	9
113	2	0.075	4.688241031082085	9
113	3	0.075	6.538185212936374	9
113	4	0.075	7.609853150143157	9
113	5	0.075	5.673728409166667	9
113	6	0.075	0.11854856385774243	9
113	7	0.075	7.623762861777828	9
113	8	0.075	7.1848706166718666	9
114	0	0.075	0.9383083009077618	1
114	2	0.075	6.924963593089996	1
114	3	0.075	5.022162560382771	1
114	4	0.075	2.2675007370650957	1
114	5	0.075	1.1991413798027655	1
114	6	0.075	6.814942815004149	1
114	7	0.075	3.472174570229132	1
114	8	0.075	5.838025007254279	1
114	9	0.075	1.7000844295365896	1
115	1	0.075	-0.7760397240856137	0
115	2	0.075	2.0669731744470945	0
115	3	0.075	-0.04717290598896643	0
115	4	0.075	-0.9070792102829124	0
115	5	0.075	6.207320100808785	0
115	6	0.075	0.945231374931388	0
115	7	0.075	-0.547360346906686	0
115	8	0.075	2.3068037799069834	0
115	9	0.075	3.263867525435125	0
116	0	0.075	-1.363211270486239	3
116	1	0.075	-0.06244809822773323	3
116	2	0.075	1.3066587568829067	3
116	4	0.075	-1.4717699954417836	3
116	5	0.075	5.4442071075063225	3
116	6	0.075	-1.2437231221131744	3
116	7	0.075	-1.3690300876926236	3
116	8	0.075	2.1876777300999715	3
116	9	0.075	3.640239617450351	3
117	0	0.075	-0.2396377062147152	9
117	1	0.075	-0.21263043346577967	9
117	2	0.075	2.020809185065399	9
117	3	0.075	6.368248821871957	9
117	4	0.075	2.4576994234523992	9
117	5	0.075	1.434092069058256	9
117	6	0.075	0.8141517061929797	9
117	7	0.075	4.485052903087167	9
117	8	0.075	2.319240145308843	9
118	0	0.075	0.16115113796503777	7
118	1	0.075	-1.2941001039162483	7
118	2	0.075	-0.661620005636372	7
118	3	0.075	0.9247012044096861	7
118	4	0.075	-0.7647968091033017	7
118	5	0.075	0.5039711143753687	7
118	6	0.075	-1.4030357482526818	7
118	8	0.075	1.9698236013049832	7
118	9	0.075	4.128736926267792	7
119	1	0.075	-7.260604686859977	0
119	2	0.075	-3.1999812725774164	0
119	3	0.075	-7.384280630144813	0
119	4	0.075	-7.442516831516521	0
119	5	0.075	-6.7989937986884375	0
119	6	0.075	-5.61263432870232	0
119	7	0.075	-4.549424570859883	0
119	8	0.075	-7.261131838357138	0
119	9	0.075	-6.97854986468797	0
120	0	0.075	-0.8398771620138886	4
120	1	0.075	-1.1456618809391377	4
120	2	0.075	-1.0968288082547741	4
120	3	0.075	-1.2246340873077077	4
120	5	0.075	-0.6262248077990292	4
120	6	0.075	-0.027522383061189634	4
120	7	0.075	4.83910495838286	4
120	8	0.075	-1.2039793579637852	4
120	9	0.075	5.420630240281306	4
121	0	0.075	-1.030391021205462	9
121	1	0.075	-1.032997584699519	9
121	2	0.075	-0.7381484352115137	9
121	3	0.075	0.9067006220950605	9
121	4	0.075	4.76373172447516	9
121	5	0.075	0.16639161677521924	9
121	6	0.075	0.40994422738468117	9
121	7	0.075	4.454893807246073	9
121	8	0.075	1.893609400219208	9
122	0	0.075	-1.4938709744979302	6
122	1	0.075	-3.1342770304256806	6
122	2	0.075	3.307078477964956	6
122	3	0.075	-2.8817174705464046	6
122	4	0.075	-1.5201212417056351	6
122	5	0.075	-3.1605181261358224	6
122	7	0.075	-3.1858605211694555	6
122	8	0.075	3.037461804225331	6
122	9	0.075	1.0605605881633686	6
123	0	0.075	6.8959988492631314	8
123	1	0.075	5.83938710086067	8
123	2	0.075	6.788228539165906	8
123	3	0.075	7.8245560025367435	8
123	4	0.075	5.755875911811774	8
123	5	0.075	7.937401695033026	8
123	6	0.075	3.379434544621112	8
123	7	0.075	7.794443758019309	8
124	0	0.075	0.5415578787695335	9
124	1	0.075	4.205815385285903	9
124	2	0.075	6.280470092066936	9
124	3	0.075	7.755090468393559	9
124	4	0.075	6.932908032187022	9
124	5	0.075	7.628037668591259	9
124	6	0.075	5.897872876683301	9
124	7	0.075	6.67695907539226	9
124	8	0.075	7.367688591203408	9
125	0	0.075	-7.702047494827141	3
125	1	0.075	-7.657160715124149	3
125	2	0.075	-7.729777053583541	3
125	4	0.075	-7.8019857075423875	3
125	5	0.075	-6.239298036909979	3
125	6	0.075	-7.659729286405309	3
125	7	0.075	-6.824179417042482	3
125	8	0.075	-7.449633281903809	3
125	9	0.075	-5.251114794289781	3
126	0	0.075	7.6480185146741	5
126	1	0.075	7.241120789936238	5
126	2	0.075	6.671453809350202	5
126	3	0.075	7.175191037926615	5
128	0	0.075	-0.0035123133955797274	3
128	1	0.075	2.840610830529052	3
128	2	0.075	2.4229617951958504	3
128	4	0.075	-0.27321790804356544	3
128	5	0.075	6.567242712503689	3
128	6	0.075	-0.08554674692410853	3
128	7	0.075	-0.07302276281556191	3
128	8	0.075	2.228713649656931	3
128	9	0.075	5.54140628936926	3
129	0	0.075	-0.5302521479245065	2
129	1	0.075	0.32749529586002296	2
129	3	0.075	0.999561828361174	2
129	4	0.075	-3.4863370388478936	2
129	5	0.075	-3.2831286042243404	2
129	6	0.075	-2.954404633308363	2
129	7	0.075	-3.3381544469590008	2
129	8	0.075	2.964215721405338	2
129	9	0.075	-3.3533637363894724	2
130	0	0.075	7.200262997256594	2
130	1	0.075	4.764458920866985	2
130	3	0.075	7.764981863821474	2
130	4	0.075	-0.05952369345070391	2
130	5	0.075	6.470942705401083	2
130	6	0.075	0.20081534419229644	2
130	7	0.075	3.20674093860394	2
130	8	0.075	7.798500333979479	2
130	9	0.075	6.221535581545866	2
131	0	0.075	-6.186799941880442	4
131	1	0.075	-6.2028602206029975	4
131	2	0.075	-6.23538555889712	4
131	3	0.075	-6.225801516611788	4
131	5	0.075	-5.791952145394673	4
131	6	0.075	-1.6084572821988674	4
131	7	0.075	-1.152782232656314	4
131	8	0.075	-4.621736788329864	4
131	9	0.075	0.46235228309461307	4
132	1	0.075	-0.03286312709209169	0
132	2	0.075	5.44263256110576	0
132	3	0.075	-0.2521375142184111	0
132	4	0.075	-0.2942990726564764	0
132	5	0.075	6.192463553912544	0
132	6	0.075	6.490240052909813	0
132	7	0.075	2.7803076366720494	0
132	8	0.075	1.7858949489717435	0
132	9	0.075	1.7702474188266617	0
133	0	0.075	-2.739861393718163	3
133	1	0.075	3.2826141928369186	3
133	2	0.075	0.17744273258471024	3
133	4	0.075	1.2837286836412696	3
133	5	0.075	4.510985152965424	3
133	6	0.075	-2.6273136162106923	3
133	7	0.075	-2.791130644625767	3
133	8	0.075	-2.191190895125544	3
133	9	0.075	0.24384269748399226	3
134	0	0.075	6.102713896196417	2
134	1	0.075	0.23829029481240255	2
134	3	0.075	5.436445494951172	2
134	4	0.075	2.0013065075576577	2
134	5	0.075	1.6741966766803031	2
134	6	0.075	5.156093155450273	2
134	7	0.075	-0.059307885935398534	2
134	8	0.075	-0.1448981843575901	2
134	9	0.075	-0.01976569817691819	2
135	0	0.075	-2.1838718864913704	3
135	1	0.075	3.07958344254261	3
135	2	0.075	3.112938279475468	3
135	4	0.075	-0.024429217991109996	3
135	5	0.075	4.120621618388473	3
135	6	0.075	-2.053873477422436	3
135	7	0.075	-2.105232233700962	3
135	8	0.075	4.347604753346142	3
135	9	0.075	2.6705419049640704	3
136	0	0.075	5.148377671454674	5
136	1	0.075	4.4659091225394425	5
136	2	0.075	5.820208540005864	5
136	3	0.075	7.74770816232965	5
136	4	0.075	5.728818934152923	5
136	6	0.075	5.446684034753034	5
136	7	0.075	6.935003799474216	5
136	8	0.075	7.706260021988059	5
136	9	0.075	5.460580102958515	5
137	0	0.075	-0.45727041316996314	1
137	2	0.075	5.2185526696127695	1
137	3	0.075	4.470944251434686	1
137	4	0.075	2.247901222088871	1
137	5	0.075	4.313723139876125	1
137	6	0.075	5.771847828659296	1
137	7	0.075	2.7451568011000926	1
137	8	0.075	5.855634098186608	1
137	9	0.075	2.7811941165306613	1
138	0	0.075	0.014965362661520034	1
138	2	0.075	6.290732905852808	1
138	3	0.075	7.615669341128349	1
138	4	0.075	7.209800004514172	1
138	5	0.075	5.428920457193603	1
138	6	0.075	4.151648352986067	1
138	7	0.075	6.22700646312655	1
138	8	0.075	5.950011607086338	1
138	9	0.075	7.032119414151261	1
139	0	0.075	-0.2087274244893228	2
139	1	0.075	3.0098414509182616	2
139	3	0.075	1.788678776689181	2
139	4	0.075	-3.6406622857315383	2
139	5	0.075	-0.6814559747897428	2
139	6	0.075	0.4468523109631306	2
139	7	0.075	-3.27473049587462	2
139	8	0.075	1.6963929812385345	2
139	9	0.075	-3.483935005807085	2
140	0	0.075	-1.6504416862132636	4
140	1	0.075	-1.6648614764024061	4
140	2	0.075	-1.4908968275643704	4
140	3	0.075	-1.7499278434821746	4
140	5	0.075	2.713005420860021	4
140	6	0.075	0.935890344245897	4
140	7	0.075	4.326850240905047	4
140	8	0.075	-0.7460788360863322	4
140	9	0.075	0.6340900192221781	4
141	0	0.075	6.3807350289887985	8
141	1	0.075	1.5598493232669346	8
141	2	0.075	7.229976672638369	8
141	3	0.075	7.171604978607276	8
141	4	0.075	2.8455877587210066	8
141	5	0.075	4.192553735939439	8
141	6	0.075	7.414252244804586	8
141	7	0.075	0.12669643211763995	8
141	9	0.075	5.63859985899287	8
142	0	0.075	3.924319449173883	2
142	1	0.075	3.09813788892569	2
142	3	0.075	3.9478923965118615	2
142	4	0.075	-1.6602038147997997	2
142	5	0.075	-1.0513554504907023	2
142	6	0.075	2.8485744873955894	2
142	7	0.075	1.6064398269412314	2
142	8	0.075	4.905999493136846	2
142	9	0.075	1.1593798673763815	2
143	0	0.075	1.579711485133514	2
143	1	0.075	4.84827887247583	2
143	3	0.075	6.332399846870109	2
143	4	0.075	-0.5051530965917654	2
143	5	0.075	-0.5828229004234765	2
143	6	0.075	-0.03132387944506112	2
143	7	0.075	-0.6293126296452086	2
143	8	0.075	1.1110159977106728	2
143	9	0.075	-0.6112122703155294	2
144	0	0.075	2.352013108487939	6
144	1	0.075	-2.8083014850125236	6
144	2	0.075	3.476401023546424	6
144	3	0.075	-2.9006399200021025	6
144	4	0.075	3.147886894043243	6
144	5	0.075	-0.8156807718410316	6
144	7	0.075	2.2662303261913515	6
144	8	0.075	1.9120156955836634	6
144	9	0.075	-0.9695381906148602	6
145	0	0.075	3.616158813915486	8
145	1	0.075	2.552889182637683	8
145	2	0.075	6.684540899979174	8
145	3	0.075	2.2749853013074257	8
145	4	0.075	-0.25970244826551736	8
145	5	0.075	4.207150790115714	8
145	6	0.075	2.7737106352177974	8
145	7	0.075	-0.07622616628763852	8
145	9	0.075	2.3110609767274624	8
146	0	0.075	4.542262127583618	6
146	1	0.075	4.807025989823354	6
146	2	0.075	2.1769426629977837	6
146	3	0.075	5.347836143708926	6
146	4	0.075	4.171267992936899	6
146	5	0.075	6.5569780231797985	6
146	7	0.075	-0.39444372505830017	6
146	8	0.075	5.18306072921627	6
146	9	0.075	-0.39937462032903415	6
147	0	0.075	-0.01085654417908258	1
147	2	0.075	6.8323442749649494	1
147	3	0.075	5.604972141297895	1
147	4	0.075	5.256950063543135	1
147	5	0.075	1.560675296276525	1
147	6	0.075	5.96151857648295	1
147	7	0.075	4.839286492031382	1
147	8	0.075	6.065608320346972	1
147	9	0.075	0.9941874657860155	1
149	1	0.075	-7.611452864922591	0
149	2	0.075	-7.49811342570602	0
149	3	0.075	-7.6946422296819605	0
149	4	0.075	-7.75674963674588	0
149	5	0.075	-5.667324473467513	0
149	6	0.075	-7.480687534813495	0
149	7	0.075	-6.759814683083509	0
149	8	0.075	-7.66839271266321	0
149	9	0.075	-7.584368891720104	0
150	0	0.075	6.722312582271266	6
150	1	0.075	2.5624581319379827	6
150	2	0.075	7.262702428171585	6
150	3	0.075	5.664401505255981	6
150	4	0.075	6.116424843042844	6
150	5	0.075	5.750888513971586	6
150	7	0.075	3.794119002370093	6
150	8	0.075	4.10482016624708	6
150	9	0.075	1.3250028984206712	6
