Img	Target_Label	Epsilon	Objective_Value	Label
1	0	0.025	0.22079804176140985	2
1	1	0.025	-0.24220025772355144	2
1	3	0.025	5.443652464732682	2
1	4	0.025	3.3870181879084393	2
1	5	0.025	5.644149327597063	2
1	6	0.025	5.899922660922021	2
1	7	0.025	5.842593918182035	2
1	8	0.025	5.475811527543422	2
1	9	0.025	5.258505035105207	2
2	1	0.025	-7.61332025610951	0
2	2	0.025	-7.441442131593959	0
2	3	0.025	-7.640929957474758	0
2	4	0.025	-7.440920332789201	0
2	5	0.025	-6.9141474498688105	0
2	6	0.025	-7.346235487170574	0
2	7	0.025	-7.504830141043394	0
2	8	0.025	-7.932147247729293	0
2	9	0.025	-7.56906082145338	0
3	0	0.025	-6.244115640016513	4
3	1	0.025	-6.260158092607012	4
3	2	0.025	-6.136685800368725	4
3	3	0.025	-6.298697685847235	4
3	5	0.025	-6.15843333948467	4
3	6	0.025	-6.203497107586066	4
3	7	0.025	-5.821548287515962	4
3	8	0.025	-6.302568443233973	4
3	9	0.025	-1.6385288116523917	4
4	0	0.025	4.475878737441319	8
4	1	0.025	0.15655429575227256	8
4	2	0.025	-0.07480486036739491	8
4	3	0.025	2.676702797474084	8
4	4	0.025	-0.07901234001485546	8
4	5	0.025	6.1098978745908665	8
4	6	0.025	6.181758995861604	8
4	7	0.025	0.44060036592198704	8
4	9	0.025	4.241064767949615	8
5	0	0.025	3.7037822187270195	7
5	1	0.025	-1.0173318743912694	7
5	2	0.025	2.6971484880067766	7
5	3	0.025	4.750080962921892	7
5	4	0.025	-0.7530020390365175	7
5	5	0.025	-0.030228579499154196	7
5	6	0.025	-1.5748077740888216	7
5	8	0.025	-1.5474653393075397	7
5	9	0.025	4.676298958653479	7
6	0	0.025	-2.653159789446064	6
6	1	0.025	-3.7574024188463535	6
6	2	0.025	-4.134241376576501	6
6	3	0.025	-7.533888400082311	6
6	4	0.025	-5.985956218868073	6
6	5	0.025	-4.108442125247049	6
6	7	0.025	-7.438691318380331	6
6	8	0.025	-4.381594294280017	6
6	9	0.025	-2.356741767386075	6
7	1	0.025	-7.614288765130917	0
7	2	0.025	-7.441941242855819	0
7	3	0.025	-7.64203441418785	0
7	4	0.025	-7.443374493053177	0
7	5	0.025	-7.101545076397119	0
7	6	0.025	-7.541330577680796	0
7	7	0.025	-7.504493510384512	0
7	8	0.025	-7.941330076440684	0
7	9	0.025	-7.569596005393805	0
8	0	0.025	-6.850549846700764	6
8	1	0.025	-7.387596416128146	6
8	2	0.025	-7.225340992035246	6
8	3	0.025	-7.41642791674562	6
8	4	0.025	-7.189751909419931	6
8	5	0.025	-6.414613828106035	6
8	7	0.025	-7.3016437837941135	6
8	8	0.025	-3.2891366331242975	6
8	9	0.025	-7.3405685847052276	6
9	0	0.025	-0.029608886679544196	3
9	1	0.025	0.012478916102067084	3
9	2	0.025	1.3904899319348765	3
9	4	0.025	0.1519298090394061	3
9	5	0.025	7.447213677529532	3
9	6	0.025	0.0061886839647356685	3
9	7	0.025	0.1068521392592838	3
9	8	0.025	5.523384939610906	3
9	9	0.025	-0.002860781677920797	3
10	0	0.025	-7.556280456704482	1
10	2	0.025	-4.239012142788942	1
10	3	0.025	-5.790895314952689	1
10	4	0.025	-7.388119411125236	1
10	5	0.025	-6.859787650578481	1
10	6	0.025	-2.543387529117565	1
10	7	0.025	-7.252378314256163	1
10	8	0.025	-7.6694570308300305	1
10	9	0.025	-7.527928962070152	1
12	1	0.025	-7.614135133478166	0
12	2	0.025	-7.435596269347426	0
12	3	0.025	-7.637765072646943	0
12	4	0.025	-7.445809932548496	0
12	5	0.025	-7.457563388239361	0
12	6	0.025	-7.027229854792105	0
12	7	0.025	-7.50549066574406	0
12	8	0.025	-6.9031152802536235	0
12	9	0.025	-7.569988689678395	0
13	0	0.025	-5.503035656907409	7
13	1	0.025	-6.793023768182462	7
13	2	0.025	-3.867863868593409	7
13	3	0.025	-0.5668271063007115	7
13	4	0.025	-6.445868027560429	7
13	5	0.025	-0.6355604739454722	7
13	6	0.025	-6.84924301259849	7
13	8	0.025	-6.77705442067371	7
13	9	0.025	-1.1767027382240907	7
14	0	0.025	-7.570444705193529	9
14	1	0.025	-7.589606460879032	9
14	2	0.025	-7.4566549774639155	9
14	3	0.025	-7.634864980265166	9
14	4	0.025	-7.306575306892938	9
14	5	0.025	-7.440522599516908	9
14	6	0.025	-7.545497602073168	9
14	7	0.025	-6.088368937240333	9
14	8	0.025	-7.619783276935138	9
15	0	0.025	-6.591020286046804	8
15	1	0.025	-6.578859572928664	8
15	2	0.025	-6.389202035147735	8
15	3	0.025	-6.595174679516912	8
15	4	0.025	-6.414068082058998	8
15	5	0.025	-6.360690051289931	8
15	6	0.025	-6.54927180683652	8
15	7	0.025	-6.485510904585804	8
15	9	0.025	-4.869897934646169	8
16	0	0.025	-7.365844498338423	4
16	1	0.025	-7.418794958820743	4
16	2	0.025	-7.292310493507278	4
16	3	0.025	-7.45172435584799	4
16	5	0.025	-7.334175755520036	4
16	6	0.025	-7.326300139274604	4
16	7	0.025	-7.19080962591333	4
16	8	0.025	-7.3851287466430975	4
16	9	0.025	-7.265022418131991	4
17	0	0.025	-5.156192544104351	5
17	1	0.025	-7.137648030935085	5
17	2	0.025	-7.547683258956083	5
17	3	0.025	-7.736546614932831	5
17	4	0.025	-7.3539710238767935	5
17	6	0.025	-5.211846933350163	5
17	7	0.025	-6.7695058929896526	5
17	8	0.025	-7.888227516742699	5
17	9	0.025	-7.5605573793708185	5
18	0	0.025	2.4305609959786634	3
18	1	0.025	1.8742729456287934	3
18	2	0.025	-3.026442191748128	3
18	4	0.025	-3.212506590097146	3
18	5	0.025	-0.23543128600174604	3
18	6	0.025	-0.12604608171398435	3
18	7	0.025	-2.5290565392562234	3
18	8	0.025	-3.3755102771734578	3
18	9	0.025	0.78860715700276	3
19	0	0.025	-7.394406712478402	4
19	1	0.025	-6.034031625306182	4
19	2	0.025	-7.267755642158962	4
19	3	0.025	-7.312136642774047	4
19	5	0.025	-7.309369461927142	4
19	6	0.025	-7.353407014962429	4
19	7	0.025	-4.985581153843725	4
19	8	0.025	-4.982838471667397	4
19	9	0.025	-1.1826087158931862	4
20	1	0.025	0.03446902397838252	0
20	2	0.025	2.585614499445363	0
20	3	0.025	2.483793677274138	0
20	4	0.025	0.6206883723241682	0
20	5	0.025	7.466051117337592	0
20	6	0.025	1.832653642915231	0
20	7	0.025	2.813859798010585	0
20	8	0.025	6.829256186880188	0
20	9	0.025	4.781152996008497	0
21	0	0.025	-7.5092498390317415	6
21	1	0.025	-7.533430927151732	6
21	2	0.025	-7.392207830778104	6
21	3	0.025	-7.566945441205173	6
21	4	0.025	-2.559902787719011	6
21	5	0.025	-3.550529924281807	6
21	7	0.025	-7.450633162587975	6
21	8	0.025	-7.638748883717151	6
21	9	0.025	-2.398099407985918	6
22	0	0.025	-6.413652929894466	6
22	1	0.025	-5.73312867398759	6
22	2	0.025	-3.0945245355159834	6
22	3	0.025	-1.1456550007456847	6
22	4	0.025	-1.895405732969475	6
22	5	0.025	-0.3786093828642261	6
22	7	0.025	-3.862917656651676	6
22	8	0.025	-0.5560991413256797	6
22	9	0.025	0.4731178151960117	6
23	0	0.025	0.8796249434216457	3
23	1	0.025	3.9392894511431655	3
23	2	0.025	4.914284918375666	3
23	4	0.025	0.13790441312649007	3
23	5	0.025	7.3678983578966575	3
23	6	0.025	-0.016941123100674704	3
23	7	0.025	0.08531607218086197	3
23	8	0.025	-0.13026478918064327	3
23	9	0.025	5.598338387111311	3
24	1	0.025	-7.612542781101926	0
24	2	0.025	-6.424169108746023	0
24	3	0.025	-7.633873346667854	0
24	4	0.025	-7.442498840435773	0
24	5	0.025	-7.453300747327755	0
24	6	0.025	-6.513683232903395	0
24	7	0.025	-7.502987168990934	0
24	8	0.025	-7.926012341087724	0
24	9	0.025	-7.567619472911439	0
25	0	0.025	-7.327351068123376	2
25	1	0.025	-5.521004953451629	2
25	3	0.025	-7.510964449239663	2
25	4	0.025	-7.423133757917195	2
25	5	0.025	-7.495848760295898	2
25	6	0.025	-7.263874104813788	2
25	7	0.025	-7.514758821017324	2
25	8	0.025	-7.807459202956613	2
25	9	0.025	-7.574596777673091	2
26	0	0.025	-7.553346524185832	3
26	1	0.025	-7.516040160589038	3
26	2	0.025	-7.3561989122447375	3
26	4	0.025	-7.380540764063637	3
26	5	0.025	-7.369040054667285	3
26	6	0.025	-7.531948379116076	3
26	7	0.025	-7.476717375965128	3
26	8	0.025	-7.767954987961853	3
26	9	0.025	-7.52013087165801	3
27	0	0.025	-6.702851180347041	6
27	1	0.025	-1.6859778640649503	6
27	2	0.025	-2.2596543193977663	6
27	3	0.025	-6.190903611338893	6
27	4	0.025	-6.474831894333282	6
27	5	0.025	-5.496726913876603	6
27	7	0.025	-6.652076641771509	6
27	8	0.025	-3.9132509824539454	6
27	9	0.025	-6.692365365633506	6
28	0	0.025	-7.522436047572908	6
28	1	0.025	-7.543796175219776	6
28	2	0.025	-7.393466276960093	6
28	3	0.025	-7.58334539775359	6
28	4	0.025	-7.354484703230507	6
28	5	0.025	-7.255147474857713	6
28	7	0.025	-7.47806811442163	6
28	8	0.025	-7.856491321200912	6
28	9	0.025	-7.510166212141015	6
29	0	0.025	3.8628009067875246	7
29	1	0.025	0.3231257568523398	7
29	2	0.025	4.4712489552045	7
29	3	0.025	4.035497194553229	7
29	4	0.025	1.2755098660798343	7
29	5	0.025	-0.3283119520797768	7
29	6	0.025	3.019753976769953	7
29	8	0.025	3.373993688330527	7
29	9	0.025	5.8335552587907005	7
30	0	0.025	-7.381669739949608	4
30	1	0.025	-7.41913391697192	4
30	2	0.025	-7.297412250594944	4
30	3	0.025	-7.453796876737083	4
30	5	0.025	-7.337411097279372	4
30	6	0.025	-7.33847101550181	4
30	7	0.025	-7.068395392595728	4
30	8	0.025	-7.534774593361346	4
30	9	0.025	-7.268986744298551	4
32	0	0.025	-7.553023720017209	3
32	1	0.025	-7.515670120867772	3
32	2	0.025	-7.356693486693757	3
32	4	0.025	-7.38007511288723	3
32	5	0.025	-7.3687636585453316	3
32	6	0.025	-7.53168257843952	3
32	7	0.025	-7.473477243494268	3
32	8	0.025	-7.7582392865757415	3
32	9	0.025	-7.509078830755471	3
33	0	0.025	-6.875481003756505	8
33	1	0.025	-6.854614085066176	8
33	2	0.025	-5.083602057011689	8
33	3	0.025	-6.8899943105997385	8
33	4	0.025	-6.694073185111371	8
33	5	0.025	-6.640822853998577	8
33	6	0.025	-6.823388595989556	8
33	7	0.025	-6.763000261345033	8
33	9	0.025	-6.834914850425738	8
35	0	0.025	-7.71654094592634	5
35	1	0.025	-7.719072687275968	5
35	2	0.025	-7.58494865872251	5
35	3	0.025	-7.795258867519456	5
35	4	0.025	-7.543383048202869	5
35	6	0.025	-7.604958190182915	5
35	7	0.025	-7.614339795079698	5
35	8	0.025	-8.046312385798092	5
35	9	0.025	-7.727301053867293	5
36	0	0.025	-7.383536621308866	4
36	1	0.025	-7.409488838409491	4
36	2	0.025	-7.2563079728227535	4
36	3	0.025	-7.441404372400655	4
36	5	0.025	-7.2925467653013945	4
36	6	0.025	-7.156706983984516	4
36	7	0.025	-6.393807457295601	4
36	8	0.025	-1.4312099393664914	4
36	9	0.025	-5.854973831893005	4
37	0	0.025	1.234443577481768	2
37	1	0.025	-0.6176454508282058	2
37	3	0.025	6.682279538600603	2
37	4	0.025	-0.4588666306477461	2
37	5	0.025	-0.47258826268116755	2
37	6	0.025	-0.6064657701052243	2
37	7	0.025	-0.558794722389691	2
37	8	0.025	1.6138336300850653	2
37	9	0.025	-0.42893151248342126	2
38	0	0.025	-7.534384134387465	5
38	1	0.025	-7.716368523214639	5
38	2	0.025	-7.580444668432111	5
38	3	0.025	-7.79232293265874	5
38	4	0.025	-7.542587961736045	5
38	6	0.025	-7.689661663658226	5
38	7	0.025	-7.608465187431799	5
38	8	0.025	-7.875011029673468	5
38	9	0.025	-7.726197081811227	5
39	0	0.025	7.653167780298908	5
39	1	0.025	7.176553953333282	5
39	2	0.025	7.575877674387566	5
39	3	0.025	7.649418137093891	5
39	4	0.025	5.949306333513013	5
39	6	0.025	7.608113667832769	5
39	7	0.025	7.095036338906384	5
39	8	0.025	7.0697692202616516	5
39	9	0.025	7.641030484381422	5
40	0	0.025	-1.6323624549919988	8
40	1	0.025	-6.85177887683943	8
40	2	0.025	-5.349791649437619	8
40	3	0.025	-6.675632284901352	8
40	4	0.025	-6.691099038214384	8
40	5	0.025	-6.5652101462204895	8
40	6	0.025	-6.498228135772266	8
40	7	0.025	-6.758790001616601	8
40	9	0.025	-6.402593309896134	8
41	0	0.025	-7.71654094592634	5
41	1	0.025	-7.719072687275968	5
41	2	0.025	-7.58494865872251	5
41	3	0.025	-7.795312823848649	5
41	4	0.025	-7.5434188726624045	5
41	6	0.025	-7.690368341572816	5
41	7	0.025	-7.61444740593403	5
41	8	0.025	-8.047145950387446	5
41	9	0.025	-7.72782483511273	5
42	0	0.025	-4.983681244854942	2
42	1	0.025	-4.9527330758772825	2
42	3	0.025	1.1543489795312272	2
42	4	0.025	-4.809046121825135	2
42	5	0.025	-4.848373348521422	2
42	6	0.025	-3.7282750263559836	2
42	7	0.025	-1.745139423224227	2
42	8	0.025	-4.6917111087259755	2
42	9	0.025	-4.5196697860379444	2
43	0	0.025	4.736683197462205	9
43	1	0.025	3.491091001894581	9
43	2	0.025	5.275684970455601	9
43	3	0.025	5.633711150077588	9
43	4	0.025	7.373583162173787	9
43	5	0.025	5.96284040196731	9
43	6	0.025	6.253107465453013	9
43	7	0.025	5.040292511326608	9
43	8	0.025	6.181736239307687	9
44	0	0.025	5.381253096789205	2
44	1	0.025	-0.23798821143610582	2
44	3	0.025	3.9505473697662095	2
44	4	0.025	0.9953276114385844	2
44	5	0.025	-0.7684756670974973	2
44	6	0.025	6.383894120341502	2
44	7	0.025	5.181141692568069	2
44	8	0.025	-0.7028403362992076	2
44	9	0.025	2.889203918847254	2
45	0	0.025	-4.795476147117847	4
45	1	0.025	-4.825477597502233	4
45	2	0.025	-4.372866225094289	4
45	3	0.025	-4.856058352462674	4
45	5	0.025	-2.3790038813844148	4
45	6	0.025	-0.23414160673316756	4
45	7	0.025	-1.0416401645693854	4
45	8	0.025	0.004880392097162265	4
45	9	0.025	2.4580731704874723	4
46	0	0.025	-7.610697165250949	2
46	1	0.025	-7.579772984327979	2
46	3	0.025	-7.533420642469794	2
46	4	0.025	-7.432416630388909	2
46	5	0.025	-7.500322134454677	2
46	6	0.025	-7.553524706827184	2
46	7	0.025	-7.519053891783636	2
46	8	0.025	-7.857804213921981	2
46	9	0.025	-7.5850954560877435	2
47	0	0.025	-6.023621472862963	7
47	1	0.025	-3.990989573909984	7
47	2	0.025	-3.533552930393766	7
47	3	0.025	0.5808702987607883	7
47	4	0.025	-5.791711090167338	7
47	5	0.025	-5.906129934022938	7
47	6	0.025	-5.984436286705824	7
47	8	0.025	-5.788067969021405	7
47	9	0.025	-2.427954871417249	7
48	1	0.025	-7.612920266967051	0
48	2	0.025	-7.440090920653935	0
48	3	0.025	-7.638551196668319	0
48	4	0.025	-7.444355542161335	0
48	5	0.025	-7.455751907274411	0
48	6	0.025	-7.306775131457111	0
48	7	0.025	-7.504019806825149	0
48	8	0.025	-7.693105097613356	0
48	9	0.025	-6.201805242913394	0
49	0	0.025	-7.697315948706611	5
49	1	0.025	-7.706455579715815	5
49	2	0.025	-7.5579043442400184	5
49	3	0.025	-6.54962986603218	5
49	4	0.025	-7.45869528976079	5
49	6	0.025	-7.681357027620216	5
49	7	0.025	-7.5993063295401555	5
49	8	0.025	-7.3909958449608855	5
49	9	0.025	-7.196680529613019	5
50	0	0.025	-7.295470864703088	1
50	2	0.025	-3.3811822767664266	1
50	3	0.025	-3.5943889070198103	1
50	4	0.025	-6.652668256797534	1
50	5	0.025	-5.241054788431418	1
50	6	0.025	-1.49163725012584	1
50	7	0.025	-2.3871637431258814	1
50	8	0.025	-7.105430479547073	1
50	9	0.025	-3.3327316754339043	1
51	1	0.025	-7.615490497056088	0
51	2	0.025	-7.43988822920479	0
51	3	0.025	-7.641122325305152	0
51	4	0.025	-7.446497063255173	0
51	5	0.025	-7.458100786203431	0
51	6	0.025	-7.541433947177653	0
51	7	0.025	-7.505990133272311	0
51	8	0.025	-7.9458764283992105	0
51	9	0.025	-7.570641377953767	0
52	0	0.025	1.2594854851741495	7
52	1	0.025	-2.2214181643753883	7
52	2	0.025	0.807465586257768	7
52	3	0.025	4.852476707837251	7
52	4	0.025	-2.096069730360455	7
52	5	0.025	-1.6144887470813338	7
52	6	0.025	-2.2447937766611124	7
52	8	0.025	-2.149878336522932	7
52	9	0.025	2.4144902432138675	7
53	0	0.025	-7.365870971117434	9
53	1	0.025	-7.3803206615027905	9
53	2	0.025	-7.25250251573515	9
53	3	0.025	-7.429052677282148	9
53	4	0.025	-1.8264259236446116	9
53	5	0.025	-7.228043191602217	9
53	6	0.025	-6.836896560743007	9
53	7	0.025	-5.215162347894865	9
53	8	0.025	-7.333119974002084	9
54	0	0.025	3.3879396491325395	9
54	1	0.025	-0.9044013014940475	9
54	2	0.025	3.5208174996735173	9
54	3	0.025	-0.9185778765109753	9
54	4	0.025	6.209945926251216	9
54	5	0.025	-0.6403642936761716	9
54	6	0.025	-0.5125902926844312	9
54	7	0.025	4.423590113962292	9
54	8	0.025	3.1607648167091345	9
55	0	0.025	-4.7305929130737905	9
55	1	0.025	-7.105864909813818	9
55	2	0.025	-6.9038610787478785	9
55	3	0.025	-7.135411727806776	9
55	4	0.025	-2.3608279110360364	9
55	5	0.025	-6.934700720775622	9
55	6	0.025	-7.037076424345492	9
55	7	0.025	-1.716124492638873	9
55	8	0.025	-0.18103327420420562	9
56	0	0.025	-7.527268178146812	6
56	1	0.025	-7.544919832345021	6
56	2	0.025	-7.3955662078564615	6
56	3	0.025	-7.586228682959234	6
56	4	0.025	-7.354364098152286	6
56	5	0.025	-7.401761993087967	6
56	7	0.025	-7.478401187670462	6
56	8	0.025	-7.857320013111468	6
56	9	0.025	-7.272686593892333	6
57	0	0.025	-7.688043968796738	5
57	1	0.025	-7.6945557201262496	5
57	2	0.025	-7.562835191046244	5
57	3	0.025	-7.226342615489628	5
57	4	0.025	-7.210713307894142	5
57	6	0.025	-7.655861984000313	5
57	7	0.025	-7.5757794519393356	5
57	8	0.025	-7.340269513981727	5
57	9	0.025	-3.5860744564238916	5
58	0	0.025	-6.843824148439494	8
58	1	0.025	-6.850711685471064	8
58	2	0.025	-4.364861912548755	8
58	3	0.025	-6.460236891536009	8
58	4	0.025	-6.6900392464541705	8
58	5	0.025	-6.175123004087	8
58	6	0.025	-6.812548665439056	8
58	7	0.025	-6.753306782131547	8
58	9	0.025	-3.720365554877684	8
59	0	0.025	-6.772983395138253	8
59	1	0.025	-6.8514398632044236	8
59	2	0.025	-5.799364142248271	8
59	3	0.025	-6.884148826473483	8
59	4	0.025	-6.679935864293586	8
59	5	0.025	-6.639375676354896	8
59	6	0.025	-6.789823864006444	8
59	7	0.025	-6.754351791956145	8
59	9	0.025	-4.103016045535256	8
60	0	0.025	-7.521803575359538	6
60	1	0.025	-7.543989893231596	6
60	2	0.025	-7.39492954203131	6
60	3	0.025	-7.585332267767342	6
60	4	0.025	-7.355129702191661	6
60	5	0.025	-7.398636716807287	6
60	7	0.025	-7.478113091291643	6
60	8	0.025	-7.854535787282838	6
60	9	0.025	-7.5113758828680215	6
61	0	0.025	1.1180944966062158	9
61	1	0.025	-1.1588070949745841	9
61	2	0.025	3.672752625703901	9
61	3	0.025	4.025972969505986	9
61	4	0.025	2.230543866186151	9
61	5	0.025	5.970224983604316	9
61	6	0.025	3.230756745399893	9
61	7	0.025	4.362760442262578	9
61	8	0.025	3.956307606858593	9
62	0	0.025	5.186058171620764	9
62	1	0.025	-0.2203909751234754	9
62	2	0.025	1.386693893395585	9
62	3	0.025	-0.23986636735794226	9
62	4	0.025	6.1119630731761045	9
62	5	0.025	5.388213128748861	9
62	6	0.025	3.815265971627107	9
62	7	0.025	4.726964583891492	9
62	8	0.025	5.49468973455403	9
63	0	0.025	-7.690181689285261	5
63	1	0.025	-7.6917587648876875	5
63	2	0.025	-7.547467424805088	5
63	3	0.025	-4.174072784038904	5
63	4	0.025	-7.1049335263534035	5
63	6	0.025	-7.670561855437437	5
63	7	0.025	-6.776700660041017	5
63	8	0.025	-6.337885746080882	5
63	9	0.025	-5.230141977371801	5
64	0	0.025	-6.931408865057558	4
64	1	0.025	-0.5405233427156284	4
64	2	0.025	-6.795628158449391	4
64	3	0.025	-6.946032470970047	4
64	5	0.025	-6.8543483812228825	4
64	6	0.025	-6.127080813446164	4
64	7	0.025	-2.0244214952180117	4
64	8	0.025	-5.934769858227728	4
64	9	0.025	-1.4503457252823826	4
65	0	0.025	-2.917414402264167	2
65	1	0.025	-2.796535141358946	2
65	3	0.025	3.4794842293232078	2
65	4	0.025	-2.7364168410637575	2
65	5	0.025	-2.662116145140927	2
65	6	0.025	-2.2764478424043646	2
65	7	0.025	-0.5026031406402429	2
65	8	0.025	-3.0032011510212056	2
65	9	0.025	-0.9296605955948504	2
66	0	0.025	-7.526973491038984	6
66	1	0.025	-7.544572841813255	6
66	2	0.025	-7.3955662078564615	6
66	3	0.025	-7.585483251762334	6
66	4	0.025	-7.35259224742716	6
66	5	0.025	-7.39995814190222	6
66	7	0.025	-7.4780420459262285	6
66	8	0.025	-7.846132707086913	6
66	9	0.025	-6.5903763925314225	6
67	0	0.025	6.335504159701023	8
67	1	0.025	-0.027079483382236723	8
67	2	0.025	5.3622893946500705	8
67	3	0.025	4.67341307554929	8
67	4	0.025	0.25611353307487084	8
67	5	0.025	2.332163738271832	8
67	6	0.025	3.464329419921629	8
67	7	0.025	0.22683636815114344	8
67	9	0.025	5.135370524971942	8
68	0	0.025	-6.798907619186364	1
68	2	0.025	-6.586678418757581	1
68	3	0.025	-5.853861425017174	1
68	4	0.025	-6.6230898322930205	1
68	5	0.025	-6.409999927112687	1
68	6	0.025	-2.5839271626055393	1
68	7	0.025	-6.418062223138743	1
68	8	0.025	-4.223143671273492	1
68	9	0.025	-5.646627865323961	1
69	1	0.025	-1.7446576440108483	0
69	2	0.025	-1.5822501016745343	0
69	3	0.025	-1.7672479717427108	0
69	4	0.025	-1.520839839049535	0
69	5	0.025	-1.3049873646920964	0
69	6	0.025	2.2797687505821296	0
69	7	0.025	3.546305740018524	0
69	8	0.025	-1.4606699454343817	0
69	9	0.025	5.056072911371271	0
70	0	0.025	-6.309584789770666	6
70	1	0.025	-7.142683127742721	6
70	2	0.025	-1.0599227760532106	6
70	3	0.025	-6.376950657345313	6
70	4	0.025	-4.0603419257653925	6
70	5	0.025	-3.7656700110741883	6
70	7	0.025	-7.454044737037213	6
70	8	0.025	-7.241269630798263	6
70	9	0.025	-5.646992191001005	6
71	0	0.025	-4.686409105427766	9
71	1	0.025	-5.030787179039921	9
71	2	0.025	-4.885478701260092	9
71	3	0.025	-2.979674887375452	9
71	4	0.025	-1.9347543341102102	9
71	5	0.025	1.0026207575050345	9
71	6	0.025	-5.00157041605471	9
71	7	0.025	-4.481212305423578	9
71	8	0.025	-4.831698673181847	9
72	0	0.025	-6.618996790094832	5
72	1	0.025	-6.404368785918001	5
72	2	0.025	-6.893918913287884	5
72	3	0.025	-6.126880155086915	5
72	4	0.025	-6.86457376100402	5
72	6	0.025	-6.976855198938647	5
72	7	0.025	-3.278645800571144	5
72	8	0.025	-7.212437614271578	5
72	9	0.025	-6.853073285813789	5
73	0	0.025	-7.708899927888583	5
73	1	0.025	-7.7156579458316905	5
73	2	0.025	-7.582900302835739	5
73	3	0.025	-7.786745279607307	5
73	4	0.025	-7.523062102520703	5
73	6	0.025	-6.527870102368243	5
73	7	0.025	-7.611164047408387	5
73	8	0.025	-8.027572894040965	5
73	9	0.025	-7.719890559385069	5
74	0	0.025	-7.410994253802385	4
74	1	0.025	-7.420183957352517	4
74	2	0.025	-7.299776499226453	4
74	3	0.025	-7.457492399654427	4
74	5	0.025	-7.340334223586006	4
74	6	0.025	-7.363627117725952	4
74	7	0.025	-7.218063865428534	4
74	8	0.025	-7.54143512883382	4
74	9	0.025	-7.270780242004032	4
75	0	0.025	-2.4745312352716695	1
75	2	0.025	-2.288941225457493	1
75	3	0.025	-1.1353034819939947	1
75	4	0.025	-2.299882561622166	1
75	5	0.025	0.6494019862724486	1
75	6	0.025	2.910869391597516	1
75	7	0.025	-2.2786328786862238	1
75	8	0.025	3.2130510464054813	1
75	9	0.025	-1.3472286902067272	1
76	0	0.025	-6.006150802888526	6
76	1	0.025	-6.001337725722876	6
76	2	0.025	-1.0514964463415577	6
76	3	0.025	-5.560933415266148	6
76	4	0.025	-5.835285073950043	6
76	5	0.025	-5.843494803633732	6
76	7	0.025	-5.954999566876382	6
76	8	0.025	-5.550226595004012	6
76	9	0.025	-5.992629338571971	6
77	0	0.025	-0.7257357031712461	7
77	1	0.025	-1.3836084426831001	7
77	2	0.025	0.3435157109593908	7
77	3	0.025	5.771044582332914	7
77	4	0.025	-1.2349778379300305	7
77	5	0.025	-0.9635041292892234	7
77	6	0.025	-1.38655218192604	7
77	8	0.025	1.8556224622883957	7
77	9	0.025	0.8333786033615608	7
78	0	0.025	-7.295170379593038	5
78	1	0.025	-7.711439630625147	5
78	2	0.025	-7.568830189468201	5
78	3	0.025	-7.766023869373839	5
78	4	0.025	-7.4562953653656425	5
78	6	0.025	-7.672597343556738	5
78	7	0.025	-7.606716832825828	5
78	8	0.025	-7.603229586473188	5
78	9	0.025	-7.7180284563462855	5
79	0	0.025	-0.5975657206398564	2
79	1	0.025	3.676139083546678	2
79	3	0.025	4.9911450354373335	2
79	4	0.025	5.643377880869074	2
79	5	0.025	5.866416391368188	2
79	6	0.025	2.9269142399310013	2
79	7	0.025	6.354535051328964	2
79	8	0.025	2.6188402820027066	2
79	9	0.025	5.0752929072261495	2
80	0	0.025	-6.660802774861778	9
80	1	0.025	-5.060976444911836	9
80	2	0.025	-4.8239459447590525	9
80	3	0.025	-3.5217328373035435	9
80	4	0.025	-0.6595785064564244	9
80	5	0.025	-5.354832851883712	9
80	6	0.025	-7.324926013210268	9
80	7	0.025	-1.5058059215029047	9
80	8	0.025	-2.631607723703894	9
81	1	0.025	-5.301842666422552	0
81	2	0.025	-3.536582524165652	0
81	3	0.025	-5.316408959477352	0
81	4	0.025	-3.8180838823466607	0
81	5	0.025	-5.145576687495885	0
81	6	0.025	0.9325907319438917	0
81	7	0.025	-5.202060858033784	0
81	8	0.025	-5.479955641034817	0
81	9	0.025	-5.185729313015706	0
82	0	0.025	-4.645772160802612	6
82	1	0.025	-7.06265682896032	6
82	2	0.025	-5.858093432877801	6
82	3	0.025	-7.322072580592526	6
82	4	0.025	-4.785732473904316	6
82	5	0.025	-6.367371691270222	6
82	7	0.025	-6.985516574768975	6
82	8	0.025	-5.576974189191713	6
82	9	0.025	-4.518146382098733	6
83	0	0.025	-6.391202753020519	4
83	1	0.025	-6.424280141797484	4
83	2	0.025	-6.296333897314748	4
83	3	0.025	-6.458993698199517	4
83	5	0.025	-6.329747151495603	4
83	6	0.025	-5.543331810853166	4
83	7	0.025	-6.284822081454375	4
83	8	0.025	-6.504983753861692	4
83	9	0.025	-1.3880184938355329	4
84	0	0.025	-7.413632020045546	4
84	1	0.025	-7.419202601498519	4
84	2	0.025	-7.2993098268256595	4
84	3	0.025	-7.457419303763592	4
84	5	0.025	-7.337980103633496	4
84	6	0.025	-7.364485625340854	4
84	7	0.025	-7.196621987028123	4
84	8	0.025	-7.541066365005881	4
84	9	0.025	-7.26488504498146	4
85	0	0.025	3.823848185666738	2
85	1	0.025	-0.22847942999229098	2
85	3	0.025	0.25573756555143934	2
85	4	0.025	-0.0699200506642885	2
85	5	0.025	-0.10188275702006058	2
85	6	0.025	-0.21484651003543095	2
85	7	0.025	7.0968623464494405	2
85	8	0.025	0.7884304842899174	2
85	9	0.025	0.2274010709003998	2
86	0	0.025	2.803491399462765	8
86	1	0.025	7.043485127589716	8
86	2	0.025	5.6158916535910794	8
86	3	0.025	5.874028817884836	8
86	4	0.025	7.242549467494246	8
86	5	0.025	5.826278070592719	8
86	6	0.025	5.982950605596936	8
86	7	0.025	5.481146441176625	8
86	9	0.025	7.764837083206492	8
87	0	0.025	-0.08420863125893603	7
87	1	0.025	-2.749914769588209	7
87	2	0.025	2.101688112567714	7
87	3	0.025	2.8376628469735543	7
87	4	0.025	0.5561929734118939	7
87	5	0.025	1.6644498422337028	7
87	6	0.025	-0.8608482999630631	7
87	8	0.025	1.253757587389077	7
87	9	0.025	1.5577724278753027	7
88	0	0.025	-6.872932259043971	8
88	1	0.025	-6.852916247731803	8
88	2	0.025	-4.432051089533081	8
88	3	0.025	-6.889430834130361	8
88	4	0.025	-6.693369321658857	8
88	5	0.025	-6.641344024777367	8
88	6	0.025	-6.822668054694565	8
88	7	0.025	-6.76087579657584	8
88	9	0.025	-6.834427644436011	8
89	0	0.025	2.009610230907086	3
89	1	0.025	3.3062457378740415	3
89	2	0.025	1.5794781658536339	3
89	4	0.025	0.26419010853352776	3
89	5	0.025	5.8749890875783874	3
89	6	0.025	-0.2146954205838602	3
89	7	0.025	-0.12131841574843233	3
89	8	0.025	4.668903180649796	3
89	9	0.025	5.986258267260527	3
90	1	0.025	-7.59979632593693	0
90	2	0.025	-7.1650414244870255	0
90	3	0.025	-7.6144334543827235	0
90	4	0.025	-7.2273932776916245	0
90	5	0.025	-6.768445838393909	0
90	6	0.025	-4.6254283844858115	0
90	7	0.025	-6.970814015457917	0
90	8	0.025	-5.59369463315504	0
90	9	0.025	-5.263329979055969	0
91	0	0.025	-7.4743295473274936	9
91	1	0.025	-7.58560336129899	9
91	2	0.025	-7.457561211017097	9
91	3	0.025	-7.629515081098208	9
91	4	0.025	-6.282881776633599	9
91	5	0.025	-7.425753905393178	9
91	6	0.025	-7.533534734282516	9
91	7	0.025	-7.424894475422672	9
91	8	0.025	-7.560911943657135	9
92	1	0.025	-6.05405193875	0
92	2	0.025	-5.9839821140737754	0
92	3	0.025	-7.402369804334535	0
92	4	0.025	-6.435339153499212	0
92	5	0.025	-1.204191093411011	0
92	6	0.025	-3.673703642071913	0
92	7	0.025	-6.897709230843507	0
92	8	0.025	-6.308259245239145	0
92	9	0.025	-7.349228305665616	0
93	0	0.025	-7.489200615031913	1
93	2	0.025	-7.2824095063699215	1
93	3	0.025	-6.858863583223585	1
93	4	0.025	-7.301584000481129	1
93	5	0.025	-7.059352041699128	1
93	6	0.025	-3.6432279306213613	1
93	7	0.025	-7.410100100153848	1
93	8	0.025	-2.5846561012287927	1
93	9	0.025	-5.8434971608887345	1
94	0	0.025	-1.0692515315318063	1
94	2	0.025	-0.42906077204788706	1
94	3	0.025	4.411938108892149	1
94	4	0.025	-0.907298631298355	1
94	5	0.025	2.704614558675658	1
94	6	0.025	4.301502674875619	1
94	7	0.025	2.603018897418628	1
94	8	0.025	4.789132773620588	1
94	9	0.025	4.871188668989716	1
95	0	0.025	-4.376708446428747	9
95	1	0.025	-4.39299417040875	9
95	2	0.025	-4.26935387487676	9
95	3	0.025	-4.35651065392782	9
95	4	0.025	-3.330497474619344	9
95	5	0.025	1.7568296840307076	9
95	6	0.025	-4.3531976801564	9
95	7	0.025	-0.0959967900080359	9
95	8	0.025	-4.416299670998604	9
96	0	0.025	-7.409306901466786	4
96	1	0.025	-7.419696202338117	4
96	2	0.025	-7.299294156742738	4
96	3	0.025	-7.457065174975681	4
96	5	0.025	-7.341415314074321	4
96	6	0.025	-7.362108352126534	4
96	7	0.025	-7.298291056796633	4
96	8	0.025	-7.529285131842658	4
96	9	0.025	-6.753176975149905	4
97	0	0.025	4.757920734317516	5
97	1	0.025	4.78386978604104	5
97	2	0.025	2.2001207000509613	5
97	3	0.025	4.406497252247921	5
97	4	0.025	2.5053028403722863	5
97	6	0.025	6.010272976730876	5
97	7	0.025	4.468942603071962	5
97	8	0.025	4.45741903055885	5
97	9	0.025	2.5057342185136466	5
98	0	0.025	0.2867100725735402	9
98	1	0.025	-1.093131824061425	9
98	2	0.025	0.3220060465228609	9
98	3	0.025	-0.09414238026157172	9
98	4	0.025	5.034366452703338	9
98	5	0.025	4.955988290266192	9
98	6	0.025	4.906160869419814	9
98	7	0.025	4.074203532031138	9
98	8	0.025	2.6366096578579525	9
100	0	0.025	-6.542214092214986	6
100	1	0.025	-4.321364967750281	6
100	2	0.025	-6.190148254461671	6
100	3	0.025	-7.352732936076859	6
100	4	0.025	-6.936993971569807	6
100	5	0.025	-6.099129201245126	6
100	7	0.025	-7.448070134265194	6
100	8	0.025	-3.925401851805259	6
100	9	0.025	-3.27078937175902	6
101	0	0.025	-3.796542601388829	6
101	1	0.025	-5.975128858294477	6
101	2	0.025	-5.547984133259366	6
101	3	0.025	-6.00604675224014	6
101	4	0.025	-5.780907469214694	6
101	5	0.025	0.46397870422927845	6
101	7	0.025	-5.8827244242583925	6
101	8	0.025	-1.2631052281703719	6
101	9	0.025	-1.693461644682621	6
102	1	0.025	-7.615510847035493	0
102	2	0.025	-7.440439671463825	0
102	3	0.025	-7.6408032349570245	0
102	4	0.025	-7.446541298281915	0
102	5	0.025	-7.458160157632676	0
102	6	0.025	-7.351547851328857	0
102	7	0.025	-7.506006586052841	0
102	8	0.025	-7.944335908527542	0
102	9	0.025	-7.570554237890655	0
103	0	0.025	-7.585139398455264	7
103	1	0.025	-7.576468209596232	7
103	2	0.025	-6.6766207169023595	7
103	3	0.025	-6.767785273948109	7
103	4	0.025	-6.863266822608977	7
103	5	0.025	-0.35134873954055634	7
103	6	0.025	-7.401392150344238	7
103	8	0.025	-7.50961956975189	7
103	9	0.025	-5.303767164780414	7
104	0	0.025	-0.16968913627690618	7
104	1	0.025	-0.22510344594935136	7
104	2	0.025	-0.00406580536909017	7
104	3	0.025	-0.1972558321468236	7
104	4	0.025	0.14330265362657338	7
104	5	0.025	0.016350754938905677	7
104	6	0.025	-0.19146649161174198	7
104	8	0.025	5.854966134468961	7
104	9	0.025	7.184376317111089	7
105	0	0.025	0.9891907548597754	8
105	1	0.025	0.41316248589565463	8
105	2	0.025	7.25296540931343	8
105	3	0.025	7.781997965098585	8
105	4	0.025	1.0794230931220388	8
105	5	0.025	0.6084004863660036	8
105	6	0.025	0.44125231926641684	8
105	7	0.025	2.650768329661414	8
105	9	0.025	7.7060803953933075	8
106	0	0.025	5.939086831369336	4
106	1	0.025	4.509680856001112	4
106	2	0.025	7.293533961785459	4
106	3	0.025	0.12670607012342783	4
106	5	0.025	6.014861754775036	4
106	6	0.025	5.656212754464705	4
106	7	0.025	6.285368468887938	4
106	8	0.025	4.697635939948529	4
106	9	0.025	5.169785834482588	4
107	0	0.025	-6.278701172781507	8
107	1	0.025	-6.3855366036360905	8
107	2	0.025	-5.472474039664534	8
107	3	0.025	-3.0531192163088834	8
107	4	0.025	-6.232410788446525	8
107	5	0.025	-5.95659022260676	8
107	6	0.025	-6.37167275421081	8
107	7	0.025	-5.027675202783296	8
107	9	0.025	-6.368050310992045	8
109	0	0.025	-7.437532309878368	1
109	2	0.025	-7.2605080549164995	1
109	3	0.025	-7.2779996038740045	1
109	4	0.025	-7.252085367784595	1
109	5	0.025	-6.405786561672421	1
109	6	0.025	-1.3313705220994143	1
109	7	0.025	-7.325012625428194	1
109	8	0.025	-4.774145704340539	1
109	9	0.025	-6.996901492176252	1
110	0	0.025	2.641110652511582	8
110	1	0.025	2.171741122872353	8
110	2	0.025	6.885150066788156	8
110	3	0.025	5.835876126344336	8
110	4	0.025	4.72204419035854	8
110	5	0.025	8.061056284248297	8
110	6	0.025	6.090633834607541	8
110	7	0.025	2.9323064740735365	8
110	9	0.025	6.085261401805247	8
111	1	0.025	-6.747857636909036	0
111	2	0.025	-1.5924433874903687	0
111	3	0.025	-4.151325527673089	0
111	4	0.025	-6.274015250112045	0
111	5	0.025	0.23742021592941592	0
111	6	0.025	-3.345001231438638	0
111	7	0.025	-3.9982068620216893	0
111	8	0.025	-4.271921384218254	0
111	9	0.025	-4.78643868780959	0
112	0	0.025	-7.002408607114191	2
112	1	0.025	-6.987969587893966	2
112	3	0.025	-6.633809592423801	2
112	4	0.025	-6.832768608352321	2
112	5	0.025	-6.864547173183656	2
112	6	0.025	-6.954700119610985	2
112	7	0.025	-6.917160942707502	2
112	8	0.025	-5.273587011161765	2
112	9	0.025	-6.962601408560072	2
113	0	0.025	-4.158815439027954	9
113	1	0.025	-5.542653796271637	9
113	2	0.025	-7.230002965794109	9
113	3	0.025	-4.602015271117951	9
113	4	0.025	-3.8696484988706428	9
113	5	0.025	-4.193784006035493	9
113	6	0.025	-7.346709824374032	9
113	7	0.025	-0.06125436066022039	9
113	8	0.025	-0.8833361650600214	9
114	0	0.025	-4.743238040561568	1
114	2	0.025	-1.3085940036559884	1
114	3	0.025	-1.8784247715916926	1
114	4	0.025	-3.762096091050192	1
114	5	0.025	-0.4333693736879936	1
114	6	0.025	1.852550906004533	1
114	7	0.025	-3.9258712888721563	1
114	8	0.025	-2.9683567423573565	1
114	9	0.025	-2.917247436146738	1
115	1	0.025	-7.613231706715931	0
115	2	0.025	-7.441319226928606	0
115	3	0.025	-7.639875922747785	0
115	4	0.025	-7.441758063084229	0
115	5	0.025	-4.645859622871833	0
115	6	0.025	-6.916446227108016	0
115	7	0.025	-7.501856864000059	0
115	8	0.025	-7.926348273761257	0
115	9	0.025	-7.569259806882081	0
116	0	0.025	-7.490496337743419	3
116	1	0.025	-7.456902416977796	3
116	2	0.025	-6.454451727202308	3
116	4	0.025	-7.318529052088621	3
116	5	0.025	-7.1963578000905555	3
116	6	0.025	-7.470101415863065	3
116	7	0.025	-7.407977533607414	3
116	8	0.025	-6.792198232327448	3
116	9	0.025	-6.864265026936079	3
117	0	0.025	-7.577441517264795	9
117	1	0.025	-7.575504847345117	9
117	2	0.025	-7.44263270207971	9
117	3	0.025	-6.964537734419659	9
117	4	0.025	-6.443935683370409	9
117	5	0.025	-7.422220439846013	9
117	6	0.025	-7.532567295708192	9
117	7	0.025	-7.421022019095759	9
117	8	0.025	-6.945746344077787	9
118	0	0.025	-1.3547611101647652	7
118	1	0.025	-1.7968066557640345	7
118	2	0.025	-1.546370717244261	7
118	3	0.025	1.325408793210399	7
118	4	0.025	-1.856330286467763	7
118	5	0.025	1.6911133065287474	7
118	6	0.025	-0.8977500050828208	7
118	8	0.025	-2.2266266440596816	7
118	9	0.025	4.8502792661671235	7
119	1	0.025	-7.2612621029783115	0
119	2	0.025	-6.735227992217513	0
119	3	0.025	-7.281063361812184	0
119	4	0.025	-7.078178113066301	0
119	5	0.025	-6.385067992020253	0
119	6	0.025	-5.180758793192789	0
119	7	0.025	-7.117299285082335	0
119	8	0.025	-6.445347013767648	0
119	9	0.025	-4.012958115189453	0
120	0	0.025	-7.4103991300085665	4
120	1	0.025	-7.420169988443733	4
120	2	0.025	-7.299787629204509	4
120	3	0.025	-7.457299015087477	4
120	5	0.025	-7.341712034707415	4
120	6	0.025	-7.361773902923739	4
120	7	0.025	-7.299589180705551	4
120	8	0.025	-7.537556171641599	4
120	9	0.025	-7.126800939037345	4
121	0	0.025	-7.323800326287045	9
121	1	0.025	-7.575260038032964	9
121	2	0.025	-7.396484899253712	9
121	3	0.025	-6.9213351200976	9
121	4	0.025	-5.225901180867658	9
121	5	0.025	-7.425088601735152	9
121	6	0.025	-7.528420335154748	9
121	7	0.025	-7.134262914638892	9
121	8	0.025	-7.046791808674073	9
122	0	0.025	-6.799663421768253	6
122	1	0.025	-7.538866948370998	6
122	2	0.025	-7.385711731917548	6
122	3	0.025	-7.574327272605658	6
122	4	0.025	-7.3514762765535036	6
122	5	0.025	-7.378856004719262	6
122	7	0.025	-7.470452699567521	6
122	8	0.025	-7.774202954586256	6
122	9	0.025	-7.281561299523593	6
123	0	0.025	0.38785588994191755	8
123	1	0.025	0.3862634548807113	8
123	2	0.025	4.192301635298066	8
123	3	0.025	7.757113471340738	8
123	4	0.025	0.5472322519561025	8
123	5	0.025	5.028080093043036	8
123	6	0.025	0.7549620117287372	8
123	7	0.025	4.239395894499946	8
123	9	0.025	5.737975054087868	8
124	0	0.025	-3.527220255610452	9
124	1	0.025	-3.6138451839500285	9
124	2	0.025	-3.307686918740913	9
124	3	0.025	2.9225028874758867	9
124	4	0.025	-3.2200375106915473	9
124	5	0.025	-3.055783940181219	9
124	6	0.025	-3.5969540727804246	9
124	7	0.025	2.7358070008273088	9
124	8	0.025	2.3078344762010197	9
125	0	0.025	-7.51598611942881	3
125	1	0.025	-7.501573619818055	3
125	2	0.025	-7.34541392548216	3
125	4	0.025	-7.357739734368044	3
125	5	0.025	-6.163391133497726	3
125	6	0.025	-7.51082983936075	3
125	7	0.025	-5.646215616000055	3
125	8	0.025	-7.677872526284353	3
125	9	0.025	-7.293909671496496	3
127	0	0.025	1.7362084076949182	4
127	1	0.025	1.1292703515980729	4
127	2	0.025	2.991791370873508	4
127	3	0.025	-1.526044126783645	4
127	5	0.025	2.204220473218255	4
127	6	0.025	5.299422941057992	4
127	7	0.025	1.3857696269211743	4
127	8	0.025	-1.6878697016324782	4
127	9	0.025	3.4592811759765802	4
128	0	0.025	-7.5468514972809055	3
128	1	0.025	-7.51054892944877	3
128	2	0.025	-7.355732182465148	3
128	4	0.025	-7.373906218684363	3
128	5	0.025	-7.359771452626379	3
128	6	0.025	-7.525835897484049	3
128	7	0.025	-7.460694246896117	3
128	8	0.025	-7.715676141551252	3
128	9	0.025	-6.215222304393817	3
129	0	0.025	-7.559194311342048	2
129	1	0.025	-3.7310887900263703	2
129	3	0.025	-7.492195707908215	2
129	4	0.025	-7.40987592773834	2
129	5	0.025	-7.489654747877621	2
129	6	0.025	-5.965229852347009	2
129	7	0.025	-7.509252033504116	2
129	8	0.025	-7.66488229091702	2
129	9	0.025	-7.55685969490266	2
130	0	0.025	-2.6156475503913272	2
130	1	0.025	-2.6886852185155448	2
130	3	0.025	2.2353724619102624	2
130	4	0.025	-3.0366990286238256	2
130	5	0.025	-2.347695241395741	2
130	6	0.025	-3.1287436999342386	2
130	7	0.025	-2.946483078757189	2
130	8	0.025	3.0244598266494895	2
130	9	0.025	-2.3581968472440495	2
131	0	0.025	-7.4143222339185035	4
131	1	0.025	-7.4202767367201234	4
131	2	0.025	-7.299983061101617	4
131	3	0.025	-7.458081515203206	4
131	5	0.025	-7.341876631269605	4
131	6	0.025	-7.364876914312015	4
131	7	0.025	-7.297353771366151	4
131	8	0.025	-7.526544277664393	4
131	9	0.025	-7.249179761629901	4
132	1	0.025	-7.611195805694178	0
132	2	0.025	-7.4346155018019795	0
132	3	0.025	-7.635060517794993	0
132	4	0.025	-7.435697173314467	0
132	5	0.025	-7.185203484420633	0
132	6	0.025	-7.341083320054066	0
132	7	0.025	-7.4982677701060005	0
132	8	0.025	-7.631871536915604	0
132	9	0.025	-7.527366161722064	0
133	0	0.025	-7.537772395783287	3
133	1	0.025	-6.9312683967097675	3
133	2	0.025	-5.871414284106589	3
133	4	0.025	-7.3767919163024125	3
133	5	0.025	-7.278050143589918	3
133	6	0.025	-7.525455238495531	3
133	7	0.025	-7.468011129860038	3
133	8	0.025	-7.741033345193414	3
133	9	0.025	-7.514893429243551	3
134	0	0.025	4.360595911690423	2
134	1	0.025	-2.506687944551559	2
134	3	0.025	-2.050320022077915	2
134	4	0.025	-2.3208371471702907	2
134	5	0.025	-2.3971131869962576	2
134	6	0.025	-0.8890314807800641	2
134	7	0.025	-2.386692966627151	2
134	8	0.025	-2.7624547936647925	2
134	9	0.025	-2.051326138729908	2
135	0	0.025	-7.53154828277694	3
135	1	0.025	-7.498621343032354	3
135	2	0.025	-7.335813649829772	3
135	4	0.025	-7.349797715894533	3
135	5	0.025	-7.095386771571441	3
135	6	0.025	-7.506935357159321	3
135	7	0.025	-7.451874643315554	3
135	8	0.025	-4.418018460367919	3
135	9	0.025	-6.946364405662025	3
136	0	0.025	5.014536231997457	5
136	1	0.025	6.665199243423285	5
136	2	0.025	6.3971859745474156	5
136	3	0.025	7.342439211948655	5
136	4	0.025	3.4146219044611823	5
136	6	0.025	6.099816259384909	5
136	7	0.025	7.152703852134745	5
136	8	0.025	6.0641401891325755	5
136	9	0.025	5.901505814596866	5
137	0	0.025	-4.175274199739998	1
137	2	0.025	-2.9712965972051477	1
137	3	0.025	-3.891112288861501	1
137	4	0.025	-4.016334093874863	1
137	5	0.025	-1.5678630762569836	1
137	6	0.025	2.54386357086414	1
137	7	0.025	-4.104576380523383	1
137	8	0.025	-0.22558223421226314	1
137	9	0.025	-4.147606771593927	1
138	0	0.025	-0.14926605231980333	1
138	2	0.025	4.291024820610165	1
138	3	0.025	5.638213648915263	1
138	4	0.025	4.395572186006722	1
138	5	0.025	1.4796430946452679	1
138	6	0.025	2.9202847514623738	1
138	7	0.025	5.514389338989352	1
138	8	0.025	5.26051948911004	1
138	9	0.025	6.573195104131127	1
139	0	0.025	-2.80104061937172	2
139	1	0.025	2.8323792169094326	2
139	3	0.025	-1.2203897712083336	2
139	4	0.025	-3.25645780569443	2
139	5	0.025	-2.6151415629181574	2
139	6	0.025	-0.8239858878058562	2
139	7	0.025	-0.7233442745563501	2
139	8	0.025	-1.8937807139444147	2
139	9	0.025	-2.7130822819639406	2
140	0	0.025	-7.3962255610207235	4
140	1	0.025	-7.4140788223103575	4
140	2	0.025	-7.297650027805628	4
140	3	0.025	-7.43830192526623	4
140	5	0.025	-5.455945288671077	4
140	6	0.025	-7.3551449227633565	4
140	7	0.025	-5.944548497635738	4
140	8	0.025	-7.4931535226022605	4
140	9	0.025	-7.260016785991967	4
141	0	0.025	6.295662318983624	8
141	1	0.025	0.4131023041724612	8
141	2	0.025	4.956432256934741	8
141	3	0.025	5.80011264493861	8
141	4	0.025	0.5795796509616246	8
141	5	0.025	0.6844518563163071	8
141	6	0.025	7.141410559119317	8
141	7	0.025	0.5059630566130507	8
141	9	0.025	6.128336701130237	8
142	0	0.025	-1.940983685829183	2
142	1	0.025	-1.0026595760718757	2
142	3	0.025	-5.3622665043100435	2
142	4	0.025	-5.401134083271589	2
142	5	0.025	-5.521131539050179	2
142	6	0.025	-1.2530509602491877	2
142	7	0.025	-5.3522043797206065	2
142	8	0.025	-4.869162951692264	2
142	9	0.025	-4.399716808563311	2
143	0	0.025	-6.801227385630253	2
143	1	0.025	-6.773386969268525	2
143	3	0.025	-3.159330939407068	2
143	4	0.025	-6.6297633675354435	2
143	5	0.025	-6.6857643531066895	2
143	6	0.025	-6.75502455881035	2
143	7	0.025	-6.716304078081224	2
143	8	0.025	-7.0023457816479855	2
143	9	0.025	-6.779741833069946	2
144	0	0.025	-7.519750570959355	6
144	1	0.025	-7.53380432499373	6
144	2	0.025	-7.3877010469875755	6
144	3	0.025	-7.577185886749484	6
144	4	0.025	-6.113607048917904	6
144	5	0.025	-7.395680220730103	6
144	7	0.025	-6.954539859076445	6
144	8	0.025	-7.738120476132009	6
144	9	0.025	-5.951023615414292	6
145	0	0.025	-6.864870992646693	8
145	1	0.025	-6.8388606058201145	8
145	2	0.025	-1.626074768015095	8
145	3	0.025	-6.300882816750409	8
145	4	0.025	-6.6849551666318225	8
145	5	0.025	-6.635321933219083	8
145	6	0.025	-6.816117759491825	8
145	7	0.025	-6.75099228244318	8
145	9	0.025	-6.5907837690161974	8
146	0	0.025	-1.8551145137168954	6
146	1	0.025	-7.5194910025225	6
146	2	0.025	-7.3681603540989205	6
146	3	0.025	-7.5471746324985665	6
146	4	0.025	-7.337374099551052	6
146	5	0.025	-6.784101643190617	6
146	7	0.025	-7.432316239848433	6
146	8	0.025	-7.1264968152486	6
146	9	0.025	-7.486652120267538	6
147	0	0.025	0.20855577456018046	1
147	2	0.025	4.385509275461004	1
147	3	0.025	2.9822644505761553	1
147	4	0.025	2.9751745696206937	1
147	5	0.025	2.7495518255338016	1
147	6	0.025	4.245852851685432	1
147	7	0.025	4.485008925996267	1
147	8	0.025	1.878945666667084	1
147	9	0.025	3.9918793838375852	1
148	0	0.025	-0.2748564221979814	7
149	1	0.025	-7.61582057117954	0
149	2	0.025	-7.440872781884568	0
149	3	0.025	-7.640747298599638	0
149	4	0.025	-7.447113253603711	0
149	5	0.025	-7.459063849048448	0
149	6	0.025	-7.253151940375662	0
149	7	0.025	-7.506256995083504	0
149	8	0.025	-7.943636090096626	0
149	9	0.025	-7.570764238151974	0
150	0	0.025	3.785200236501855	6
150	1	0.025	0.20446891428440897	6
150	2	0.025	7.328366702888823	6
150	3	0.025	3.1021544707532	6
150	4	0.025	5.590275874168031	6
150	5	0.025	4.52098215064531	6
150	7	0.025	0.8695989085958562	6
150	8	0.025	-0.08400758689894855	6
150	9	0.025	2.4723642817873803	6
1	0	0.075	7.642617845643301	2
1	1	0.075	7.617609585127496	2
1	3	0.075	7.619156622788169	2
1	4	0.075	7.461410037891593	2
1	5	0.075	7.679674676344508	2
1	6	0.075	7.599734278431744	2
1	7	0.075	7.593677344407936	2
1	8	0.075	7.843930492128932	2
1	9	0.075	7.644007474408432	2
2	1	0.075	-5.784823270814937	0
2	2	0.075	-4.714170766052264	0
2	3	0.075	-5.802113628919806	0
2	4	0.075	-4.0156650762788075	0
2	5	0.075	-0.37641082101138845	0
2	6	0.075	-1.835156509390096	0
2	7	0.075	-4.989014260317136	0
2	8	0.075	-2.9011712471413795	0
2	9	0.075	-4.089517049787592	0
3	0	0.075	6.209438789592853	4
3	1	0.075	5.8939878411938595	4
3	2	0.075	5.723241850720027	4
3	3	0.075	7.092177786437672	4
3	5	0.075	6.501436914795079	4
3	6	0.075	7.312876370634791	4
3	7	0.075	7.421373534341729	4
3	8	0.075	6.4866505863061334	4
3	9	0.075	7.42532191062279	4
4	0	0.075	7.973997859410087	8
4	1	0.075	7.859344087209604	8
4	2	0.075	7.887579048816353	8
4	3	0.075	7.843581194335731	8
4	4	0.075	7.664634369675021	8
4	5	0.075	8.079943237060679	8
4	6	0.075	7.908270991886206	8
4	7	0.075	7.841118393376475	8
4	9	0.075	7.791064357484328	8
5	0	0.075	7.650166255280302	7
5	1	0.075	7.645745368469358	7
5	2	0.075	7.5934221299853375	7
5	3	0.075	7.707231613995489	7
5	4	0.075	7.453479636209418	7
5	5	0.075	7.716856324704323	7
5	6	0.075	7.619336441712678	7
5	8	0.075	7.773799228943254	7
5	9	0.075	7.634182100611855	7
6	0	0.075	7.586199901071278	6
6	1	0.075	7.6007989247413015	6
6	2	0.075	7.602105374952469	6
6	3	0.075	7.621034356114623	6
6	4	0.075	7.409912215949913	6
6	5	0.075	7.719559878866903	6
6	7	0.075	7.62657383762493	6
6	8	0.075	7.75300166487899	6
6	9	0.075	7.608305832504248	6
7	1	0.075	3.50093585501114	0
7	2	0.075	3.844502133199259	0
7	3	0.075	4.310500679178699	0
7	4	0.075	3.6232991565494497	0
7	5	0.075	6.224971163554966	0
7	6	0.075	4.325142863553806	0
7	7	0.075	5.906902598130157	0
7	8	0.075	4.911275725791102	0
7	9	0.075	5.344979155698538	0
8	0	0.075	7.588126576672629	6
8	1	0.075	7.595157486986377	6
8	2	0.075	7.601649547853928	6
8	3	0.075	7.622241750807126	6
8	4	0.075	7.40214464620716	6
8	5	0.075	7.717618517660433	6
8	7	0.075	7.386819073900546	6
8	8	0.075	7.692064653943842	6
8	9	0.075	7.586895561662823	6
9	0	0.075	7.677368146825544	3
9	1	0.075	7.655499943038991	3
9	2	0.075	7.62064319534487	3
9	4	0.075	7.323415947390692	3
9	5	0.075	7.821069808044441	3
10	0	0.075	7.65995365199539	1
10	2	0.075	7.623469745719218	1
10	3	0.075	7.6520368531861935	1
10	4	0.075	7.450165441446418	1
10	5	0.075	7.75080998307546	1
10	6	0.075	7.605206937136122	1
10	7	0.075	7.646453755163604	1
10	8	0.075	7.705221902221407	1
10	9	0.075	7.646102488092796	1
11	0	0.075	7.973913827672735	8
11	1	0.075	7.859067767995088	8
11	2	0.075	7.88790476206872	8
11	3	0.075	7.843678705158969	8
12	1	0.075	5.742519277162825	0
12	2	0.075	7.149926934070448	0
12	3	0.075	6.505966751319294	0
12	4	0.075	5.715435675359141	0
12	5	0.075	6.094382953408493	0
12	6	0.075	6.6859551340528025	0
12	7	0.075	5.5546209936024	0
12	8	0.075	6.219726174793968	0
12	9	0.075	6.679054553605108	0
13	0	0.075	7.642395552239665	7
13	1	0.075	7.634171860670019	7
13	2	0.075	7.589151977395245	7
13	3	0.075	7.693295262504183	7
13	4	0.075	7.433754212246596	7
13	5	0.075	7.711306212040164	7
13	6	0.075	7.606552364947639	7
13	8	0.075	7.7217883307178825	7
13	9	0.075	7.623685507467151	7
14	0	0.075	7.434243300339561	9
14	1	0.075	5.604525718120335	9
14	2	0.075	7.336184698935388	9
14	3	0.075	7.60334133119818	9
14	4	0.075	7.28029348965676	9
14	5	0.075	7.302597017707141	9
14	6	0.075	5.9066435288348496	9
14	7	0.075	7.614420765667911	9
14	8	0.075	7.545024613368696	9
15	0	0.075	7.810524039952936	8
15	1	0.075	5.9281074532237	8
15	2	0.075	7.858525510278544	8
15	3	0.075	7.659720816233361	8
15	4	0.075	6.577247716744505	8
15	5	0.075	8.075725437436471	8
15	6	0.075	7.840803146155421	8
15	7	0.075	7.428144571497728	8
15	9	0.075	7.775318187369115	8
16	0	0.075	7.397405188838529	4
16	1	0.075	4.94590840014422	4
16	2	0.075	7.406431030884617	4
16	3	0.075	6.130243134874937	4
16	5	0.075	7.213905116480744	4
16	6	0.075	7.333087608888165	4
16	7	0.075	6.8758695056288754	4
16	8	0.075	7.3803839752291935	4
16	9	0.075	7.183343214669817	4
17	0	0.075	7.732297231016399	5
17	1	0.075	7.717329900134648	5
17	2	0.075	7.65566718750142	5
17	3	0.075	7.753582808792676	5
17	4	0.075	7.548185141731907	5
17	6	0.075	7.686222973023061	5
17	7	0.075	7.6987088737213805	5
17	8	0.075	7.883701698453127	5
17	9	0.075	7.717929477592569	5
18	0	0.075	7.7081376057885524	3
18	1	0.075	7.66887146600555	3
18	2	0.075	7.627937692221079	3
18	4	0.075	7.508581190324498	3
18	5	0.075	7.8233058792946695	3
18	6	0.075	7.6436703873027465	3
18	7	0.075	7.72120777109827	3
18	8	0.075	7.783792659586709	3
18	9	0.075	7.700969357183406	3
19	0	0.075	7.360810467426692	4
19	1	0.075	7.451921204344211	4
19	2	0.075	7.451818192234572	4
19	3	0.075	7.4805124695676914	4
19	5	0.075	7.5758956652226015	4
19	6	0.075	7.366592379958899	4
19	7	0.075	7.461794542138305	4
19	8	0.075	7.530524895215109	4
19	9	0.075	7.437607382887194	4
20	1	0.075	7.5543201822274195	0
20	2	0.075	7.64657759261087	0
20	3	0.075	7.6759187087703635	0
20	4	0.075	7.454176660062493	0
20	5	0.075	7.7577278092222794	0
20	6	0.075	7.580880857154394	0
20	7	0.075	7.653275470572011	0
20	8	0.075	7.814510288491752	0
20	9	0.075	7.650967532412856	0
21	0	0.075	7.590538928989906	6
21	1	0.075	7.6049474414170755	6
21	2	0.075	7.605993881413427	6
21	3	0.075	7.6298335214841435	6
21	4	0.075	7.413696838796243	6
21	5	0.075	7.720479142833603	6
21	7	0.075	7.630184847372818	6
21	8	0.075	7.8240674405129145	6
21	9	0.075	7.6134382839998125	6
22	0	0.075	7.595028820641098	6
22	1	0.075	7.611870311926152	6
22	2	0.075	7.6082441442693085	6
22	3	0.075	7.643509189476108	6
22	4	0.075	7.416606881826613	6
22	5	0.075	7.72255731044122	6
22	7	0.075	7.633247868579493	6
22	8	0.075	7.888749168163499	6
22	9	0.075	7.618009083722443	6
23	0	0.075	7.705629206002767	3
23	1	0.075	7.665734900060791	3
23	2	0.075	7.627804438375681	3
23	4	0.075	7.505197707616409	3
23	5	0.075	7.822856611461389	3
23	6	0.075	7.640658994895324	3
23	7	0.075	7.718731904766909	3
23	8	0.075	7.7427282490406215	3
23	9	0.075	7.696915572927295	3
24	1	0.075	5.628765130972683	0
24	2	0.075	7.255940698152049	0
24	3	0.075	4.23233013537063	0
24	4	0.075	5.830961790227944	0
24	5	0.075	7.523052750103805	0
24	6	0.075	6.424351049011779	0
24	7	0.075	5.593635492101661	0
24	8	0.075	6.159118614583473	0
24	9	0.075	6.866696150392906	0
25	0	0.075	6.494215504185467	2
25	1	0.075	7.055457172959503	2
25	3	0.075	7.511797087496659	2
25	4	0.075	2.8750902859883483	2
25	5	0.075	6.293711668412515	2
25	6	0.075	6.0207125362863785	2
25	7	0.075	5.3705933007914926	2
25	8	0.075	6.85601421014904	2
25	9	0.075	6.501943025806091	2
26	0	0.075	6.227945448225959	3
26	1	0.075	5.22855536533349	3
26	2	0.075	6.524079123764398	3
26	4	0.075	5.056388277129835	3
26	5	0.075	6.290555269799757	3
26	6	0.075	4.312933326173101	3
26	7	0.075	5.158463076960364	3
26	8	0.075	6.725931528597242	3
26	9	0.075	7.095718611779272	3
27	0	0.075	7.593749270705043	6
27	1	0.075	7.610208907595737	6
27	2	0.075	7.607493473963132	6
27	3	0.075	7.639513012722037	6
27	4	0.075	7.414383299215487	6
27	5	0.075	7.721760542997709	6
27	7	0.075	7.630848126486675	6
27	8	0.075	7.829569340978801	6
27	9	0.075	7.613593963121667	6
28	0	0.075	7.5764981583073965	6
28	1	0.075	7.597544949226296	6
28	2	0.075	7.603756797032477	6
28	3	0.075	7.621037187928346	6
28	4	0.075	7.400778607440711	6
28	5	0.075	7.715853805581704	6
28	7	0.075	7.369580375608292	6
28	8	0.075	7.687894965631314	6
28	9	0.075	7.58162410553946	6
29	0	0.075	7.641143265856397	7
29	1	0.075	7.639656636074104	7
29	2	0.075	7.590680888732662	7
29	3	0.075	7.697538590035623	7
29	4	0.075	7.446586376630526	7
29	5	0.075	7.711471853991218	7
29	6	0.075	7.614777135775314	7
29	8	0.075	7.751604147839442	7
29	9	0.075	7.62942707727578	7
30	0	0.075	7.473409264055075	4
30	1	0.075	7.452949282650068	4
30	2	0.075	7.465218964027005	4
30	3	0.075	7.489334875729713	4
30	5	0.075	7.579795377841529	4
30	6	0.075	7.4113942236454164	4
30	7	0.075	7.465336043444987	4
30	8	0.075	7.583178898069193	4
30	9	0.075	7.443589254535315	4
32	0	0.075	-0.6083522478469463	3
32	1	0.075	1.2855891846286371	3
32	2	0.075	0.23032043763899676	3
32	4	0.075	-1.9614850800127208	3
32	5	0.075	2.307948688723838	3
32	6	0.075	-2.501512968499158	3
32	7	0.075	1.2551710675508203	3
32	8	0.075	1.9669920289807115	3
32	9	0.075	3.64663925064543	3
33	0	0.075	7.970165369019856	8
33	1	0.075	7.381029268105518	8
33	2	0.075	7.886244707011813	8
33	3	0.075	7.837453452919275	8
33	4	0.075	7.191366757790092	8
33	5	0.075	8.076015494102176	8
33	6	0.075	7.903925446494848	8
33	7	0.075	7.440734308765362	8
33	9	0.075	7.781801778582532	8
35	0	0.075	5.155753444130446	5
35	1	0.075	4.329930908724619	5
35	2	0.075	5.6737619421674585	5
35	3	0.075	5.680758804566063	5
35	4	0.075	4.722493930065372	5
35	6	0.075	7.3825162781714635	5
35	7	0.075	4.898975224435051	5
35	8	0.075	6.192007101585765	5
35	9	0.075	6.464986487397242	5
36	0	0.075	7.401659415928805	4
36	1	0.075	6.845224162739393	4
36	2	0.075	7.453298182175885	4
36	3	0.075	7.319451634893691	4
36	5	0.075	7.5714215643959495	4
36	6	0.075	7.400884534186523	4
36	7	0.075	7.457650171345381	4
36	8	0.075	7.502272184836065	4
36	9	0.075	7.433729123154974	4
37	0	0.075	7.603027196925429	2
37	1	0.075	7.578519779686711	2
37	3	0.075	7.587365672402641	2
37	4	0.075	7.424046111182891	2
37	5	0.075	7.660500189490819	2
37	6	0.075	7.564263809299649	2
37	7	0.075	7.5673828538703445	2
37	8	0.075	7.679748638775446	2
37	9	0.075	7.604492437564958	2
38	0	0.075	7.684443567014829	5
38	1	0.075	7.648343543235555	5
38	2	0.075	7.630750917050785	5
38	3	0.075	7.662068961575754	5
38	4	0.075	7.440421705929553	5
38	6	0.075	7.65273230450664	5
38	7	0.075	7.663416755714178	5
38	8	0.075	7.780553336416346	5
38	9	0.075	7.600099716745987	5
39	0	0.075	7.762910266714269	5
39	1	0.075	7.753848587743455	5
39	2	0.075	7.68152343740527	5
39	3	0.075	7.823878390818024	5
39	4	0.075	7.583850141378127	5
39	6	0.075	7.722596682092068	5
39	7	0.075	7.723959289770796	5
39	8	0.075	8.078691906902325	5
39	9	0.075	7.765556609956921	5
40	0	0.075	7.9736529167151735	8
40	1	0.075	7.859206020290048	8
40	2	0.075	7.887604106771186	8
40	3	0.075	7.843442457622447	8
40	4	0.075	7.667042320708235	8
40	5	0.075	8.079740423595153	8
40	6	0.075	7.908071816226829	8
40	7	0.075	7.839663953102577	8
40	9	0.075	7.7895888928831365	8
41	0	0.075	5.473630692931515	5
41	1	0.075	1.8549796949132447	5
41	2	0.075	4.930253600409606	5
41	3	0.075	5.873203634674163	5
41	4	0.075	3.881913042025858	5
41	6	0.075	5.685834131877755	5
41	7	0.075	4.000559843211667	5
41	8	0.075	4.9958159034081655	5
41	9	0.075	5.896537374048886	5
42	0	0.075	7.600884877881046	2
42	1	0.075	7.584418879456096	2
42	3	0.075	7.577899227989493	2
42	4	0.075	7.316834314491802	2
42	5	0.075	7.663806944185532	2
42	6	0.075	7.556968402465148	2
42	7	0.075	7.578350077181794	2
42	8	0.075	7.703409057802834	2
42	9	0.075	7.613412079024612	2
43	0	0.075	7.663321932822413	9
43	1	0.075	7.657298790183027	9
43	2	0.075	7.650139811505643	9
43	3	0.075	7.698574453511807	9
43	4	0.075	7.447312049020789	9
43	5	0.075	7.765103202391237	9
43	6	0.075	7.617831596322203	9
43	7	0.075	7.646140004133611	9
43	8	0.075	7.777834870022144	9
44	0	0.075	7.629390734378247	2
44	1	0.075	7.598287783531734	2
44	3	0.075	7.602018591813288	2
44	4	0.075	7.44571881649394	2
44	5	0.075	7.661656365949833	2
44	6	0.075	7.586669131782091	2
44	7	0.075	7.58312416051713	2
44	8	0.075	7.77443073200492	2
44	9	0.075	7.629485495322973	2
45	0	0.075	7.461557744426702	4
45	1	0.075	7.318708390606582	4
45	2	0.075	7.456236352018157	4
45	3	0.075	7.442338081789005	4
45	5	0.075	7.572312738732486	4
45	6	0.075	7.403412318525855	4
45	7	0.075	7.462272319316952	4
45	8	0.075	7.542979212072163	4
45	9	0.075	7.438342343207039	4
46	0	0.075	-1.73973478991987	2
46	1	0.075	1.60223873498537	2
46	3	0.075	3.728126523614408	2
46	4	0.075	-1.7671321326824183	2
46	5	0.075	0.8144564191554818	2
46	6	0.075	1.296050561147398	2
46	7	0.075	-1.981932290248673	2
46	8	0.075	2.7627220251343143	2
46	9	0.075	-1.2598393031635589	2
47	0	0.075	7.611866664626001	7
47	1	0.075	7.638470260603731	7
47	2	0.075	7.589742309761121	7
47	3	0.075	7.688537890901092	7
47	4	0.075	7.420609931733534	7
47	5	0.075	7.712764829882906	7
47	6	0.075	7.608261623310027	7
47	8	0.075	7.7164038883488235	7
47	9	0.075	7.623419427666765	7
48	1	0.075	5.314625594869882	0
48	2	0.075	6.352362755077936	0
48	3	0.075	5.71510547335804	0
48	4	0.075	5.8169403994296776	0
48	5	0.075	6.93273452156257	0
48	6	0.075	7.240637488372151	0
48	7	0.075	6.850246934410679	0
48	8	0.075	6.041822012327322	0
48	9	0.075	7.141342442611365	0
49	0	0.075	7.69937678084861	5
49	1	0.075	7.600708250353053	5
49	2	0.075	7.623241753476724	5
49	3	0.075	7.72553046810155	5
49	4	0.075	7.514776728672265	5
49	6	0.075	7.608210311526508	5
49	7	0.075	7.68358901403359	5
49	8	0.075	7.771126677964419	5
49	9	0.075	7.6961698851407165	5
50	0	0.075	7.663173110919616	1
50	2	0.075	7.624622623701782	1
50	3	0.075	7.659856045731318	1
50	4	0.075	7.461223131095021	1
50	5	0.075	7.751981483150363	1
50	6	0.075	7.6087932083137195	1
50	7	0.075	7.651325320285932	1
50	8	0.075	7.764257316547281	1
50	9	0.075	7.653324281709737	1
51	1	0.075	5.249493937717255	0
51	2	0.075	6.835295591175082	0
51	3	0.075	5.608291433170648	0
51	4	0.075	5.642261167781298	0
51	5	0.075	7.107902093945664	0
51	6	0.075	5.252338142629184	0
51	7	0.075	5.713117587321053	0
51	8	0.075	6.3059438233716545	0
51	9	0.075	5.802950790479441	0
52	0	0.075	7.643047542712536	7
52	1	0.075	7.6413635985769295	7
52	2	0.075	7.589984668191924	7
52	3	0.075	7.697961357730679	7
52	4	0.075	7.445297134321773	7
52	5	0.075	7.716092998313592	7
52	6	0.075	7.61169786518225	7
52	8	0.075	7.74018341447383	7
52	9	0.075	7.628587370623071	7
53	0	0.075	7.662755885379244	9
53	1	0.075	7.6571425840253635	9
53	2	0.075	7.650058672556593	9
53	3	0.075	7.696795158177291	9
53	4	0.075	7.447340834153257	9
53	5	0.075	7.765145629546401	9
53	6	0.075	7.617437076436032	9
53	7	0.075	7.646367018081019	9
53	8	0.075	7.773603363510679	9
54	0	0.075	7.661262716998238	9
54	1	0.075	7.650104179018395	9
54	2	0.075	7.6489913091250905	9
54	3	0.075	7.688929764244674	9
54	4	0.075	7.445734931364828	9
54	5	0.075	7.7637551138894025	9
54	6	0.075	7.615496589290489	9
54	7	0.075	7.6450173413051985	9
54	8	0.075	7.750671979948111	9
55	0	0.075	7.650468997267709	9
55	1	0.075	7.405583551081512	9
55	2	0.075	7.636252143013866	9
55	3	0.075	7.65526687525858	9
55	4	0.075	7.433880938722144	9
55	5	0.075	7.76032644457669	9
55	6	0.075	7.600280705994492	9
55	7	0.075	7.637462997947666	9
55	8	0.075	7.648456371850745	9
56	0	0.075	6.602185586572372	6
56	1	0.075	6.758393853583599	6
56	2	0.075	7.441710692370435	6
56	3	0.075	6.806819414661752	6
56	4	0.075	7.124510512962946	6
56	5	0.075	7.067997904603128	6
56	7	0.075	6.433259172902364	6
56	8	0.075	7.309737742103954	6
56	9	0.075	7.583403820077781	6
57	0	0.075	7.707481440496607	5
57	1	0.075	7.658337128072489	5
57	2	0.075	7.637047563902848	5
57	3	0.075	7.745621911427467	5
57	4	0.075	7.532555199460563	5
57	6	0.075	7.649650079987514	5
57	7	0.075	7.6902798666003545	5
57	8	0.075	7.874074218744649	5
57	9	0.075	7.715518474416914	5
58	0	0.075	7.972115126909166	8
58	1	0.075	7.427412628553047	8
58	2	0.075	7.886414809268383	8
58	3	0.075	7.84035257095126	8
58	4	0.075	7.633767070378375	8
58	5	0.075	8.0785405943354	8
58	6	0.075	7.906428774892071	8
58	7	0.075	7.7677647379008965	8
58	9	0.075	7.787941368441592	8
59	0	0.075	7.506698769533783	8
59	1	0.075	3.4975952898366818	8
59	2	0.075	7.385684511826833	8
59	3	0.075	6.324755138032543	8
59	4	0.075	6.6603922284508785	8
59	5	0.075	6.144884487117548	8
59	6	0.075	6.8073751998441905	8
59	7	0.075	4.720495915081319	8
59	9	0.075	7.588169577342563	8
60	0	0.075	7.576577395478438	6
60	1	0.075	7.588949546941595	6
60	2	0.075	7.602172661569578	6
60	3	0.075	7.616225718476583	6
60	4	0.075	7.403808853727614	6
60	5	0.075	7.710776290328345	6
60	7	0.075	7.434698591507204	6
60	8	0.075	7.69712950595307	6
60	9	0.075	7.5992566632448115	6
61	0	0.075	7.660803534602139	9
61	1	0.075	7.654932238261122	9
61	2	0.075	7.64944670625747	9
61	3	0.075	7.690806582526325	9
61	4	0.075	7.444798164052926	9
61	5	0.075	7.764863982638814	9
61	6	0.075	7.615557537140534	9
61	7	0.075	7.645840946070061	9
61	8	0.075	7.743153859356586	9
62	0	0.075	7.654062926324842	9
62	1	0.075	7.611425640723425	9
62	2	0.075	7.635713986144662	9
62	3	0.075	7.5962170431359715	9
62	4	0.075	7.436878096915718	9
62	5	0.075	7.757276833628655	9
62	6	0.075	7.60338856823987	9
62	7	0.075	7.635464145606924	9
62	8	0.075	7.652819589646965	9
63	0	0.075	7.732321112880121	5
63	1	0.075	7.722456815179681	5
63	2	0.075	7.6551713036916444	5
63	3	0.075	7.763886265305978	5
63	4	0.075	7.553531833241606	5
63	6	0.075	7.67965362846645	5
63	7	0.075	7.705812477737046	5
63	8	0.075	7.958808008447097	5
63	9	0.075	7.732226859690951	5
64	0	0.075	7.413575650602354	4
64	1	0.075	7.455760396329649	4
64	2	0.075	7.461282456705778	4
64	3	0.075	7.486208411308337	4
64	5	0.075	7.5680709268587085	4
64	6	0.075	7.4064943193276624	4
64	7	0.075	7.463268681619807	4
64	8	0.075	7.5858622588656335	4
64	9	0.075	7.440139830065665	4
65	0	0.075	7.44353217833102	2
65	1	0.075	7.570245611065334	2
65	3	0.075	7.5681046647802805	2
65	4	0.075	7.393291601118974	2
65	5	0.075	7.64449137076436	2
65	6	0.075	7.538038109489274	2
65	7	0.075	7.571336151321001	2
65	8	0.075	7.485197893881723	2
65	9	0.075	7.595588467231595	2
66	0	0.075	7.138004002550145	6
66	1	0.075	6.751778756210157	6
66	2	0.075	7.018313767531055	6
66	3	0.075	6.469583967373297	6
66	4	0.075	7.330577547265621	6
66	5	0.075	7.5381171060194525	6
66	7	0.075	6.499940414119311	6
66	8	0.075	6.466349947230813	6
66	9	0.075	7.584486916066054	6
67	0	0.075	7.972674450437481	8
67	1	0.075	7.6600407588165424	8
67	2	0.075	7.886510955936822	8
67	3	0.075	7.840984673549276	8
67	4	0.075	7.61448445755768	8
67	5	0.075	8.077875537542639	8
67	6	0.075	7.9061433273300805	8
67	7	0.075	7.835122965914167	8
67	9	0.075	7.787453294049987	8
68	0	0.075	7.661154209832816	1
68	2	0.075	7.624629934985097	1
68	3	0.075	7.658955214863463	1
68	4	0.075	7.459295204186517	1
68	5	0.075	7.751930716695604	1
68	6	0.075	7.607124018663346	1
68	7	0.075	7.651730965319795	1
68	8	0.075	7.7791762072677795	1
68	9	0.075	7.651210556097936	1
69	1	0.075	7.527995955686076	0
69	2	0.075	7.614400328090798	0
69	3	0.075	7.016243001182594	0
69	4	0.075	7.44612140119456	0
69	5	0.075	7.72016069641761	0
69	6	0.075	7.5782104718965275	0
69	7	0.075	7.6455279150874595	0
69	8	0.075	7.603756446065599	0
69	9	0.075	7.636417961315538	0
70	0	0.075	7.5835256237334105	6
70	1	0.075	7.598293701273122	6
70	2	0.075	7.602885144496507	6
70	3	0.075	7.6252986394316045	6
70	4	0.075	7.409108582805754	6
70	5	0.075	7.717305423929364	6
70	7	0.075	7.6137251998323245	6
70	8	0.075	7.710344912926876	6
70	9	0.075	7.600423129578677	6
71	0	0.075	7.661439768247935	9
71	1	0.075	7.655111380412721	9
71	2	0.075	7.649492536038937	9
71	3	0.075	7.692096859489559	9
71	4	0.075	7.445581477642883	9
71	5	0.075	7.76446299971824	9
71	6	0.075	7.614535254325592	9
71	7	0.075	7.6455981855632595	9
71	8	0.075	7.753694773859796	9
72	0	0.075	7.740424106875621	5
72	1	0.075	7.7350562175880135	5
72	2	0.075	7.665108277202802	5
72	3	0.075	7.790346478731229	5
72	4	0.075	7.561699797710357	5
72	6	0.075	7.693613015609855	5
72	7	0.075	7.712656363999337	5
72	8	0.075	7.975128033884868	5
72	9	0.075	7.7442039429764264	5
73	0	0.075	7.380550806065984	5
73	1	0.075	3.436021641849102	5
73	2	0.075	6.338500231288247	5
73	3	0.075	6.261604669524842	5
73	4	0.075	5.342078962650222	5
73	6	0.075	7.563722946794894	5
73	7	0.075	4.5434533787378495	5
73	8	0.075	6.548928360718621	5
73	9	0.075	6.618567185618132	5
74	0	0.075	6.929672795445436	4
74	1	0.075	5.583882936963137	4
74	2	0.075	5.925638586947738	4
74	3	0.075	7.096517378022225	4
74	5	0.075	7.489219822317484	4
74	6	0.075	7.349868086576374	4
74	7	0.075	7.446318527740754	4
74	8	0.075	6.687991384114338	4
74	9	0.075	7.425061108225179	4
75	0	0.075	7.660839140071728	1
75	2	0.075	7.624160882965851	1
75	3	0.075	7.656496722314425	1
75	4	0.075	7.459805871027845	1
75	5	0.075	7.751767160528755	1
75	6	0.075	7.607205121586155	1
75	7	0.075	7.651567759312266	1
75	8	0.075	7.769074769519176	1
75	9	0.075	7.651649374937616	1
76	0	0.075	7.325735428578022	6
76	1	0.075	7.571463443897269	6
76	2	0.075	7.602285533504535	6
76	3	0.075	7.616341861581343	6
76	4	0.075	7.355077668138091	6
76	5	0.075	7.71226245422194	6
76	7	0.075	7.19510545811052	6
76	8	0.075	7.64003960357321	6
76	9	0.075	7.566368911444897	6
77	0	0.075	7.626483654715385	7
77	1	0.075	7.632233037704898	7
77	2	0.075	7.587309572132435	7
77	3	0.075	7.684245608726404	7
77	4	0.075	7.420689814948529	7
77	5	0.075	7.711066044605855	7
77	6	0.075	7.597130737205747	7
77	8	0.075	7.673328578595696	7
77	9	0.075	7.616471906852502	7
78	0	0.075	7.718146107133583	5
78	1	0.075	7.61683161596322	5
78	2	0.075	7.641098965865411	5
78	3	0.075	7.732052064639496	5
78	4	0.075	7.525619319839075	5
78	6	0.075	7.657122126728938	5
78	7	0.075	7.668312443551122	5
78	8	0.075	7.824095494115577	5
78	9	0.075	7.696868158900566	5
79	0	0.075	7.6379457495557705	2
79	1	0.075	7.61573234762886	2
79	3	0.075	7.6141364610807205	2
79	4	0.075	7.458756681373685	2
79	5	0.075	7.677420540403911	2
79	6	0.075	7.596746897561783	2
79	7	0.075	7.593223990214511	2
79	8	0.075	7.830905066810989	2
79	9	0.075	7.640546870306172	2
80	0	0.075	7.660843019991187	9
80	1	0.075	7.6555616430907305	9
80	2	0.075	7.649196417086991	9
80	3	0.075	7.6921438317584485	9
80	4	0.075	7.445323602101414	9
80	5	0.075	7.764106907852113	9
80	6	0.075	7.61496594464975	9
80	7	0.075	7.645106497005176	9
80	8	0.075	7.754444372821645	9
81	1	0.075	7.520626828228395	0
81	2	0.075	7.637678693843287	0
81	3	0.075	7.224568560129825	0
81	4	0.075	7.44704171008417	0
81	5	0.075	7.743261030887325	0
81	6	0.075	7.580023112686733	0
81	7	0.075	7.5811701765692545	0
81	8	0.075	7.4634634124956	0
81	9	0.075	7.586770533132484	0
82	0	0.075	7.586377432417624	6
82	1	0.075	7.591315169502402	6
82	2	0.075	7.602896675865799	6
82	3	0.075	7.621345544769473	6
82	4	0.075	7.40723251303273	6
82	5	0.075	7.707713121669686	6
82	7	0.075	7.615430508708731	6
82	8	0.075	7.7761298954153375	6
82	9	0.075	7.607085372490311	6
83	0	0.075	7.330000633021241	4
83	1	0.075	6.258790824785233	4
83	2	0.075	7.451701328168001	4
83	3	0.075	7.451613708711707	4
83	5	0.075	7.56345919139247	4
83	6	0.075	7.398140367706516	4
83	7	0.075	7.4451443606365535	4
83	8	0.075	7.425147216054631	4
83	9	0.075	7.429747524327741	4
84	0	0.075	6.762481344147613	4
84	1	0.075	6.950818608980533	4
84	2	0.075	7.303153842983032	4
84	3	0.075	7.248494015119092	4
84	5	0.075	7.53955436423037	4
84	6	0.075	7.380681471888821	4
84	7	0.075	7.458084143392061	4
84	8	0.075	7.471976767817013	4
84	9	0.075	7.4326678358731275	4
85	0	0.075	7.6268149536643	2
85	1	0.075	7.59735283954829	2
85	3	0.075	7.594329167561819	2
85	4	0.075	7.436929687003906	2
85	5	0.075	7.6715824532747225	2
85	6	0.075	7.575447249544028	2
85	7	0.075	7.585960009437517	2
85	8	0.075	7.77376150511993	2
85	9	0.075	7.626846947576889	2
86	0	0.075	7.974138857581121	8
86	1	0.075	7.859871921976128	8
86	2	0.075	7.887874805934761	8
86	3	0.075	7.8443181531442585	8
86	4	0.075	7.667783504128809	8
86	5	0.075	8.080085859661542	8
86	6	0.075	7.908571904841354	8
86	7	0.075	7.8421048587185185	8
86	9	0.075	7.793036152464041	8
87	0	0.075	7.645180543124845	7
87	1	0.075	7.644239802539087	7
87	2	0.075	7.592790635791944	7
87	3	0.075	7.7048945099798765	7
87	4	0.075	7.454660204208845	7
87	5	0.075	7.71709932857297	7
87	6	0.075	7.618279921711314	7
87	8	0.075	7.781564681256366	7
87	9	0.075	7.633792804667631	7
88	0	0.075	7.9651781137557185	8
88	1	0.075	7.831195453401429	8
88	2	0.075	7.885978772151494	8
88	3	0.075	7.839504136436084	8
88	4	0.075	6.980599112703336	8
88	5	0.075	8.061893746031418	8
88	6	0.075	7.901912264844297	8
88	7	0.075	7.775742624108376	8
88	9	0.075	7.781334313623705	8
89	0	0.075	7.705671219339313	3
89	1	0.075	7.666636918950853	3
89	2	0.075	7.624021197188923	3
89	4	0.075	7.506290393380343	3
89	5	0.075	7.822757171458391	3
89	6	0.075	7.640384385600761	3
89	7	0.075	7.715904452658351	3
89	8	0.075	7.746832755054719	3
89	9	0.075	7.697909346839995	3
90	1	0.075	7.237552254024017	0
90	2	0.075	7.5442557592768775	0
90	3	0.075	7.016627179219944	0
90	4	0.075	7.261709947747021	0
90	5	0.075	7.6786301995715	0
90	6	0.075	7.48532664220969	0
90	7	0.075	7.488402121484455	0
90	8	0.075	7.305817722742102	0
90	9	0.075	7.628999016978558	0
91	0	0.075	7.635455245303727	9
91	1	0.075	7.198904295348221	9
91	2	0.075	7.614317963965798	9
91	3	0.075	7.643145700427926	9
91	4	0.075	7.428964763698319	9
91	5	0.075	7.758669413839591	9
91	6	0.075	7.59237583114292	9
91	7	0.075	7.632859516375532	9
91	8	0.075	7.622548322345079	9
92	1	0.075	7.661145221734	0
92	2	0.075	7.650244158351435	0
92	3	0.075	7.698411581462805	0
92	4	0.075	7.466993978021472	0
92	5	0.075	7.760624385565268	0
92	6	0.075	7.591051061943871	0
92	7	0.075	7.655688986228783	0
92	8	0.075	7.9004736017568575	0
92	9	0.075	7.652695498695836	0
93	0	0.075	7.6592319561598075	1
93	2	0.075	7.624855794686074	1
93	3	0.075	7.660189541125063	1
93	4	0.075	7.461028771664265	1
93	5	0.075	7.752267107464377	1
93	6	0.075	7.608347538059736	1
93	7	0.075	7.6527188458889475	1
93	8	0.075	7.801571261396128	1
93	9	0.075	7.652649294252366	1
94	0	0.075	7.6636565515337765	1
94	2	0.075	7.625477004422404	1
94	3	0.075	7.663642395613684	1
94	4	0.075	7.462099771910409	1
94	5	0.075	7.752993244104953	1
94	6	0.075	7.6098415255785925	1
94	7	0.075	7.653903392655204	1
94	8	0.075	7.813284445782582	1
94	9	0.075	7.654606829819884	1
95	0	0.075	7.650722788784963	9
95	1	0.075	7.615721133131135	9
95	2	0.075	7.633973717629872	9
95	3	0.075	7.667785638377189	9
95	4	0.075	7.431997162855604	9
95	5	0.075	7.761812223218913	9
95	6	0.075	7.591784776349187	9
95	7	0.075	7.639044375389048	9
95	8	0.075	7.661916080563501	9
96	0	0.075	7.455102346535851	4
96	1	0.075	7.439186371183831	4
96	2	0.075	7.453477998033659	4
96	3	0.075	7.464023813838018	4
96	5	0.075	7.570800056398922	4
96	6	0.075	7.403785758156806	4
96	7	0.075	7.462352661942088	4
96	8	0.075	7.548115096228952	4
96	9	0.075	7.438992350997739	4
97	0	0.075	7.757977087504414	5
97	1	0.075	7.7487925460781995	5
97	2	0.075	7.6774322343358685	5
97	3	0.075	7.814536672900771	5
97	4	0.075	7.577844275491401	5
97	6	0.075	7.716063675906534	5
97	7	0.075	7.718930740479767	5
97	8	0.075	8.034253445979497	5
97	9	0.075	7.757544308864844	5
98	0	0.075	7.663143323959903	9
98	1	0.075	7.656574536688955	9
98	2	0.075	7.649997723396284	9
98	3	0.075	7.695849777122289	9
98	4	0.075	7.447029162313592	9
98	5	0.075	7.76494470762558	9
98	6	0.075	7.617432775999142	9
98	7	0.075	7.646469003766873	9
98	8	0.075	7.769471252402199	9
100	0	0.075	7.588706511607687	6
100	1	0.075	7.604906819521711	6
100	2	0.075	7.6056216382070945	6
100	3	0.075	7.630330271707585	6
100	4	0.075	7.41167698941628	6
100	5	0.075	7.719841831736612	6
100	7	0.075	7.627527490717245	6
100	8	0.075	7.793956023526824	6
100	9	0.075	7.610728954421675	6
101	0	0.075	7.592258097129322	6
101	1	0.075	7.605984692838496	6
101	2	0.075	7.605626041513139	6
101	3	0.075	7.63346639085684	6
101	4	0.075	7.413013332423649	6
101	5	0.075	7.720973880035264	6
101	7	0.075	7.627424193770672	6
101	8	0.075	7.787408207183754	6
101	9	0.075	7.610851855194654	6
102	1	0.075	0.33193193287460016	0
102	2	0.075	0.6491704602039768	0
102	3	0.075	-3.149562975844535	0
102	4	0.075	-0.07055654850019502	0
102	5	0.075	0.5337909298267146	0
102	6	0.075	1.9267454557194095	0
102	7	0.075	0.0023077353809601497	0
102	8	0.075	-1.2647536499479204	0
102	9	0.075	2.347815378171395	0
103	0	0.075	7.625381746361677	7
103	1	0.075	7.591551382534765	7
103	2	0.075	7.579703619056635	7
103	3	0.075	7.674818090241691	7
103	4	0.075	7.430892515336207	7
103	5	0.075	7.706335071674154	7
103	6	0.075	7.595613227045373	7
103	8	0.075	7.702656635943367	7
103	9	0.075	7.616004064904408	7
104	0	0.075	7.627401011894368	7
104	1	0.075	7.61426986723558	7
104	2	0.075	7.576564244087531	7
104	3	0.075	7.666582424935674	7
104	4	0.075	7.437608349594365	7
104	5	0.075	7.706836288463379	7
104	6	0.075	7.5801905794626085	7
104	8	0.075	7.697578334085745	7
104	9	0.075	7.617706217658208	7
105	0	0.075	7.97305144629034	8
105	1	0.075	7.8579754883024595	8
105	2	0.075	7.887722624990116	8
105	3	0.075	7.8432068807362345	8
105	4	0.075	7.6650797591771225	8
105	5	0.075	8.079171647663985	8
105	6	0.075	7.9072315842291925	8
105	7	0.075	7.841097522719226	8
105	9	0.075	7.791790503963802	8
106	0	0.075	7.475367936535767	4
106	1	0.075	7.462446273455649	4
106	2	0.075	7.468148760460218	4
106	3	0.075	7.503572006456555	4
106	5	0.075	7.582148418010432	4
106	6	0.075	7.415456088758619	4
106	7	0.075	7.4663842556013105	4
106	8	0.075	7.624274597729987	4
106	9	0.075	7.446184672162092	4
107	0	0.075	7.923174444225036	8
107	1	0.075	6.579906987647005	8
107	2	0.075	7.88273103330149	8
107	3	0.075	7.83557664007639	8
107	4	0.075	5.614463133739355	8
107	5	0.075	8.070957980536537	8
107	6	0.075	7.527755822981591	8
107	7	0.075	7.8310114568074365	8
107	9	0.075	7.761098061333138	8
108	0	0.075	7.974205754268607	8
108	1	0.075	7.859893052833877	8
108	2	0.075	7.888004257264669	8
108	3	0.075	7.8444187356158	8
108	4	0.075	7.667191741525471	8
109	0	0.075	7.665156882356347	1
109	2	0.075	7.626220582299224	1
109	3	0.075	7.667281150557143	1
109	4	0.075	7.463565758178672	1
109	5	0.075	7.753727566957608	1
109	6	0.075	7.611336069103033	1
109	7	0.075	7.654904239153593	1
109	8	0.075	7.834993486726868	1
109	9	0.075	7.656307424383877	1
110	0	0.075	7.973971025282363	8
110	1	0.075	7.859107527369285	8
110	2	0.075	7.887636531146181	8
110	3	0.075	7.843363225843235	8
110	4	0.075	7.6675993942661	8
110	5	0.075	8.07979393313507	8
110	6	0.075	7.90814448202697	8
110	7	0.075	7.841592520867272	8
110	9	0.075	7.791335275498482	8
111	1	0.075	7.625919371986518	0
111	2	0.075	7.643764019928707	0
111	3	0.075	7.667869031049102	0
111	4	0.075	7.4493226407870905	0
111	5	0.075	7.755799264225452	0
111	6	0.075	7.579353669631947	0
111	7	0.075	7.646350927057375	0
111	8	0.075	7.771887133740818	0
111	9	0.075	7.644285870786754	0
112	0	0.075	7.582025870539644	2
112	1	0.075	6.588435456268281	2
112	3	0.075	7.533904995001898	2
112	4	0.075	6.380234317505005	2
112	5	0.075	7.146768097962871	2
112	6	0.075	7.514441238615316	2
112	7	0.075	6.204080460898906	2
112	8	0.075	7.541495268653491	2
112	9	0.075	7.545760962295104	2
113	0	0.075	7.655179919177002	9
113	1	0.075	7.652727548821601	9
113	2	0.075	7.646647646527638	9
113	3	0.075	7.684601935951845	9
113	4	0.075	7.43715036323807	9
113	5	0.075	7.763584484490423	9
113	6	0.075	7.607921656809167	9
113	7	0.075	7.644225823472111	9
113	8	0.075	7.725990680460051	9
114	0	0.075	7.663428087838639	1
114	2	0.075	7.624848346205421	1
114	3	0.075	7.660873068404376	1
114	4	0.075	7.461118240165528	1
114	5	0.075	7.752343873346238	1
114	6	0.075	7.609117379010805	1
114	7	0.075	7.651686309422798	1
114	8	0.075	7.774922107251851	1
114	9	0.075	7.653423903097951	1
115	1	0.075	5.238894142290873	0
115	2	0.075	6.3690521213064555	0
115	3	0.075	5.857743943385902	0
115	4	0.075	4.566392227479586	0
115	5	0.075	7.216196770219513	0
115	6	0.075	6.139571596277874	0
115	7	0.075	6.058699956753841	0
115	8	0.075	3.771553541144	0
115	9	0.075	6.556882193995735	0
116	0	0.075	7.678064759360444	3
116	1	0.075	7.642260462630569	3
116	2	0.075	7.616857453619083	3
116	4	0.075	7.498292039156443	3
116	5	0.075	7.821844267452543	3
116	6	0.075	7.4964700200783145	3
116	7	0.075	7.704678090079005	3
116	8	0.075	7.692922667680642	3
116	9	0.075	7.691732720905975	3
117	0	0.075	7.628631371329785	9
117	1	0.075	7.6383297464128965	9
117	2	0.075	7.646009878284678	9
117	3	0.075	7.675370348244968	9
117	4	0.075	7.362436574674907	9
117	5	0.075	7.761971175746735	9
117	6	0.075	7.604333402664413	9
117	7	0.075	7.63990791637039	9
117	8	0.075	7.65342704624142	9
118	0	0.075	7.636162441707744	7
118	1	0.075	7.617362384738256	7
118	2	0.075	7.584686193921304	7
118	3	0.075	7.683734681009389	7
118	4	0.075	7.436473605619796	7
118	5	0.075	7.709992215238054	7
118	6	0.075	7.600138738904091	7
118	8	0.075	7.716119384071296	7
118	9	0.075	7.622154190691747	7
119	1	0.075	7.157656048305163	0
119	2	0.075	7.60811061486492	0
119	3	0.075	7.496752765431467	0
119	4	0.075	7.247956974428513	0
119	5	0.075	7.723343950831526	0
119	6	0.075	7.473055061818229	0
119	7	0.075	7.482166648907065	0
119	8	0.075	7.345896478168254	0
119	9	0.075	7.630249353873162	0
120	0	0.075	6.030448409958604	4
120	1	0.075	3.4976010302561336	4
120	2	0.075	5.239408427824629	4
120	3	0.075	5.283538578466618	4
120	5	0.075	6.655852154304286	4
120	6	0.075	6.461451256720259	4
120	7	0.075	7.373817109356055	4
120	8	0.075	5.96522295388538	4
120	9	0.075	7.349802128510507	4
121	0	0.075	7.660814920992549	9
121	1	0.075	7.650684926483351	9
121	2	0.075	7.648471708086379	9
121	3	0.075	7.68769699805072	9
121	4	0.075	7.445434453085965	9
121	5	0.075	7.763827154615067	9
121	6	0.075	7.614269069945106	9
121	7	0.075	7.645414472991186	9
121	8	0.075	7.750446996992278	9
122	0	0.075	6.4302706510462775	6
122	1	0.075	4.654967549124419	6
122	2	0.075	6.371530624256129	6
122	3	0.075	6.0490993732059275	6
122	4	0.075	3.5712477408187118	6
122	5	0.075	5.733729385516005	6
122	7	0.075	3.3983160822494827	6
122	8	0.075	6.345137276158986	6
122	9	0.075	6.04164812531041	6
123	0	0.075	7.970952554665018	8
123	1	0.075	7.759906691050824	8
123	2	0.075	7.886144866855952	8
123	3	0.075	7.83975613102271	8
123	4	0.075	7.6281373396896965	8
123	5	0.075	8.077425461394487	8
123	6	0.075	7.902629537384947	8
123	7	0.075	7.839935009570733	8
123	9	0.075	7.788375945400623	8
124	0	0.075	7.660028970378529	9
124	1	0.075	7.656377824173486	9
124	2	0.075	7.649774383712552	9
124	3	0.075	7.692944760712597	9
124	4	0.075	7.446030036741097	9
124	5	0.075	7.764702486251273	9
124	6	0.075	7.615358646706507	9
124	7	0.075	7.645873148787236	9
124	8	0.075	7.757825809310087	9
125	0	0.075	7.4684483538793875	3
125	1	0.075	5.846005466416318	3
125	2	0.075	6.296671134048204	3
125	4	0.075	5.390874284084725	3
125	5	0.075	7.764189093117443	3
125	6	0.075	3.955807623425375	3
125	7	0.075	7.598989986634778	3
125	8	0.075	7.455124099624213	3
125	9	0.075	7.667975875948562	3
127	0	0.075	7.475017450151598	4
127	1	0.075	7.462277962686233	4
127	2	0.075	7.467706620597933	4
127	3	0.075	7.50316093176071	4
127	5	0.075	7.581655679119459	4
127	6	0.075	7.415123174690315	4
127	7	0.075	7.466132937056921	4
127	8	0.075	7.628344116167671	4
127	9	0.075	7.446070054065879	4
128	0	0.075	6.992953094437737	3
128	1	0.075	6.775390949389683	3
128	2	0.075	6.920586198877166	3
128	4	0.075	5.640805463661449	3
128	5	0.075	7.773314189572047	3
128	6	0.075	4.678585891445018	3
128	7	0.075	6.822019004612426	3
128	8	0.075	7.32164014546348	3
128	9	0.075	7.670532034740326	3
129	0	0.075	7.590836284768365	2
129	1	0.075	7.5769240117775745	2
129	3	0.075	7.574263634375945	2
129	4	0.075	6.924068572704839	2
129	5	0.075	7.624985244234765	2
129	6	0.075	7.555568265060959	2
129	7	0.075	7.097384667362347	2
129	8	0.075	7.599334418739213	2
129	9	0.075	7.563843024258958	2
130	0	0.075	7.609370670244018	2
130	1	0.075	7.577487900949422	2
130	3	0.075	7.5792169300252885	2
130	4	0.075	7.281581604582978	2
130	5	0.075	7.664414496377396	2
130	6	0.075	7.55554072183395	2
130	7	0.075	7.540344744455316	2
130	8	0.075	7.690505467663775	2
130	9	0.075	7.601632065737404	2
131	0	0.075	-2.1693204704229565	4
131	1	0.075	-2.5625513357188767	4
131	2	0.075	-2.429480080610364	4
131	3	0.075	0.25902075674694935	4
131	5	0.075	1.4530540025497023	4
131	6	0.075	0.5025441230547796	4
131	7	0.075	4.12847235642274	4
131	8	0.075	-2.381767581152734	4
131	9	0.075	2.804698589599645	4
132	1	0.075	7.460257352011248	0
132	2	0.075	7.643484781635902	0
132	3	0.075	7.672190584207518	0
132	4	0.075	7.4603263900710015	0
132	5	0.075	7.753963919879044	0
132	6	0.075	7.584188198101255	0
132	7	0.075	7.64573231045805	0
132	8	0.075	7.731791635678009	0
132	9	0.075	7.647212870683057	0
133	0	0.075	7.704914338726833	3
133	1	0.075	7.665490737874071	3
133	2	0.075	7.62627805889232	3
133	4	0.075	7.5045667703578545	3
133	5	0.075	7.822367295148614	3
133	6	0.075	7.639065080604839	3
133	7	0.075	7.711479938452996	3
133	8	0.075	7.704226449985582	3
133	9	0.075	7.6934308462071685	3
134	0	0.075	7.606880926549567	2
134	1	0.075	7.559404768125026	2
134	3	0.075	7.572771720201157	2
134	4	0.075	7.416214787946881	2
134	5	0.075	7.611480930959227	2
134	6	0.075	7.562739090576294	2
134	7	0.075	7.545915480666409	2
134	8	0.075	7.389211750749791	2
134	9	0.075	7.578045127032833	2
135	0	0.075	7.511600300767039	3
135	1	0.075	7.350473261676705	3
135	2	0.075	7.609523338285199	3
135	4	0.075	7.47894897539519	3
135	5	0.075	7.8188683311534355	3
135	6	0.075	6.596241674354761	3
135	7	0.075	7.552252812437963	3
135	8	0.075	7.651875212373393	3
135	9	0.075	7.68668284039749	3
136	0	0.075	7.757254307637945	5
136	1	0.075	7.7496120727036	5
136	2	0.075	7.678012689564187	5
136	3	0.075	7.815658763066258	5
136	4	0.075	7.578613508064741	5
136	6	0.075	7.7168744759244525	5
136	7	0.075	7.720437961277718	5
136	8	0.075	8.047734827456596	5
136	9	0.075	7.760102923885992	5
137	0	0.075	7.6613153394634175	1
137	2	0.075	7.62405918642162	1
137	3	0.075	7.656209570370832	1
137	4	0.075	7.458308971044869	1
137	5	0.075	7.751523666152871	1
137	6	0.075	7.607270067586285	1
137	7	0.075	7.648861145002193	1
137	8	0.075	7.740688562818278	1
137	9	0.075	7.649342905291529	1
138	0	0.075	7.654086096474554	1
138	2	0.075	7.624737102390661	1
138	3	0.075	7.6595386099497	1
138	4	0.075	7.460779886488339	1
138	5	0.075	7.75177543708207	1
138	6	0.075	7.607237882623788	1
138	7	0.075	7.652867222462932	1
138	8	0.075	7.80592607200288	1
138	9	0.075	7.652473163096209	1
139	0	0.075	7.573689664466478	2
139	1	0.075	7.591539373537108	2
139	3	0.075	7.581757598715522	2
139	4	0.075	7.265231946251297	2
139	5	0.075	7.66086759819231	2
139	6	0.075	7.562139002343521	2
139	7	0.075	7.563889968141526	2
139	8	0.075	7.651251074520128	2
139	9	0.075	7.598870881088036	2
140	0	0.075	6.280245372467503	4
140	1	0.075	3.9320074344169513	4
140	2	0.075	6.452660756777332	4
140	3	0.075	7.107859732112361	4
140	5	0.075	7.499036228286752	4
140	6	0.075	7.055470753091543	4
140	7	0.075	7.386572914810141	4
140	8	0.075	7.2743374634926266	4
140	9	0.075	7.385294048944377	4
141	0	0.075	7.973906634065895	8
141	1	0.075	7.859119112334653	8
141	2	0.075	7.887765769321615	8
141	3	0.075	7.844099528515216	8
141	4	0.075	7.667272995790682	8
141	5	0.075	8.079946965434736	8
141	6	0.075	7.908328725611631	8
141	7	0.075	7.841794320835417	8
141	9	0.075	7.792403389292927	8
142	0	0.075	7.633780089460528	2
142	1	0.075	7.607731234709201	2
142	3	0.075	7.608056755371445	2
142	4	0.075	7.447173362426212	2
142	5	0.075	7.674818832483074	2
142	6	0.075	7.588601653196114	2
142	7	0.075	7.583260302005984	2
142	8	0.075	7.7844574128274076	2
142	9	0.075	7.633791497817802	2
143	0	0.075	7.587099275063974	2
143	1	0.075	7.568383447166097	2
143	3	0.075	7.575216695298571	2
143	4	0.075	7.336748261953025	2
143	5	0.075	7.637688533349734	2
143	6	0.075	7.548872114191169	2
143	7	0.075	7.555616939218714	2
143	8	0.075	7.597955563873305	2
143	9	0.075	7.574459739403772	2
144	0	0.075	7.577763396740209	6
144	1	0.075	7.165671710564536	6
144	2	0.075	7.583166174987684	6
144	3	0.075	7.389518025685314	6
144	4	0.075	7.401392630446303	6
144	5	0.075	7.332100591562955	6
144	7	0.075	7.6115945781197105	6
144	8	0.075	6.906769921531401	6
144	9	0.075	7.5967086390588205	6
145	0	0.075	7.9731775035251236	8
145	1	0.075	7.858428790963496	8
145	2	0.075	7.887538271747912	8
145	3	0.075	7.842516329130653	8
145	4	0.075	7.6595918152312015	8
145	5	0.075	8.079616550862147	8
145	6	0.075	7.907691203676188	8
145	7	0.075	7.83727222668083	8
145	9	0.075	7.789744483408364	8
146	0	0.075	7.592781271735879	6
146	1	0.075	7.605997522028158	6
146	2	0.075	7.604339175810404	6
146	3	0.075	7.631961928799254	6
146	4	0.075	7.408454137554693	6
146	5	0.075	7.720202816773933	6
146	7	0.075	7.619860294863094	6
146	8	0.075	7.747817550067058	6
146	9	0.075	7.599644180351335	6
147	0	0.075	7.665713990608036	1
147	2	0.075	7.626187649898239	1
147	3	0.075	7.6681012766486125	1
147	4	0.075	7.464011492748942	1
147	5	0.075	7.753860399637291	1
147	6	0.075	7.6118494790788755	1
147	7	0.075	7.654852579738442	1
147	8	0.075	7.831177849989364	1
147	9	0.075	7.656971304404244	1
148	0	0.075	7.62615769834726	7
148	1	0.075	7.644548440342378	7
149	1	0.075	1.68985022182648	0
149	2	0.075	2.9515239172102015	0
149	3	0.075	-1.4889833015430978	0
149	4	0.075	-0.22831280653003266	0
149	5	0.075	3.8049553085613916	0
149	6	0.075	2.3848332240726555	0
149	7	0.075	1.38030712807285	0
149	8	0.075	0.998875481039743	0
149	9	0.075	2.3372720022607925	0
150	0	0.075	7.590216761873266	6
150	1	0.075	7.602070248937549	6
150	2	0.075	7.603314202328969	6
150	3	0.075	7.630187403027549	6
150	4	0.075	7.410364307757331	6
150	5	0.075	7.718778987376939	6
150	7	0.075	7.622923869848165	6
150	8	0.075	7.706769880253702	6
150	9	0.075	7.604450962592703	6
