Img	Target_Label	Epsilon	Objective_Value	Label
1	0	0.025	-7.890553919991082	2
1	1	0.025	-7.7919752373538635	2
1	3	0.025	-7.72764524982575	2
1	4	0.025	-7.8646667951020035	2
1	5	0.025	-7.925679165752097	2
1	6	0.025	-5.146935735539469	2
1	7	0.025	-7.805590092675103	2
1	8	0.025	-7.889110006256344	2
1	9	0.025	-7.794436921526787	2
2	1	0.025	-7.68319389355512	0
2	2	0.025	-7.613042370730942	0
2	3	0.025	-7.5567193886940265	0
2	4	0.025	-7.7644173673478925	0
2	5	0.025	-7.744712122263257	0
2	6	0.025	-7.604854302982128	0
2	7	0.025	-7.616228708539204	0
2	8	0.025	-7.594427930431745	0
2	9	0.025	-7.616602720565855	0
3	0	0.025	-7.785932749566109	4
3	1	0.025	-7.734192887809391	4
3	2	0.025	-7.703854158675825	4
3	3	0.025	-7.687504907357514	4
3	5	0.025	-7.848817615258917	4
3	6	0.025	-7.739521241977329	4
3	7	0.025	-7.662521635739059	4
3	8	0.025	-7.774823178953741	4
3	9	0.025	-3.181423186881304	4
4	0	0.025	-7.769970501989018	8
4	1	0.025	-7.646725692861758	8
4	2	0.025	-7.635084823040253	8
4	3	0.025	-3.2424061412825544	8
4	4	0.025	-7.72286883471592	8
4	5	0.025	-0.4457978911182291	8
4	6	0.025	-2.776017388300242	8
4	7	0.025	-7.635293574509298	8
4	9	0.025	-6.521535202906584	8
5	0	0.025	-7.720862859876813	7
5	1	0.025	-7.647149474732043	7
5	2	0.025	-7.629982936907866	7
5	3	0.025	-7.418475568317851	7
5	4	0.025	-7.663850647994403	7
5	5	0.025	-7.710262145055137	7
5	6	0.025	-7.723994681693608	7
5	8	0.025	-7.733993661484959	7
5	9	0.025	-7.438572142921642	7
6	0	0.025	-7.962940267717063	6
6	1	0.025	-7.8692040890253825	6
6	2	0.025	-7.786672624772568	6
6	3	0.025	-7.8791324266332925	6
6	4	0.025	-7.911265761658289	6
6	5	0.025	-5.982755861162548	6
6	7	0.025	-7.845281592409684	6
6	8	0.025	-7.40496371483796	6
6	9	0.025	-7.829294855933545	6
7	1	0.025	-7.685593570856937	0
7	2	0.025	-7.615011738439901	0
7	3	0.025	-7.55999493962558	0
7	4	0.025	-7.769863052737517	0
7	5	0.025	-7.74776169199033	0
7	6	0.025	-7.648180282529342	0
7	7	0.025	-7.617255296879769	0
7	8	0.025	-7.808498596246367	0
7	9	0.025	-7.613545253158961	0
8	0	0.025	-4.349662724524042	6
8	1	0.025	-4.235455840528911	6
8	2	0.025	-4.187681711659015	6
8	3	0.025	-4.174664092545671	6
8	4	0.025	-4.306072503333475	6
8	5	0.025	-1.0104700465778285	6
8	7	0.025	-4.237134127557541	6
8	8	0.025	-0.6130892315384925	6
8	9	0.025	-4.255997311507317	6
9	0	0.025	-7.793507995310552	3
9	1	0.025	-7.67203486881901	3
9	2	0.025	-7.595343273921982	3
9	4	0.025	-7.690444609330905	3
9	5	0.025	-5.151305357674081	3
9	6	0.025	-7.727815495315008	3
9	7	0.025	-7.6924613058307205	3
9	8	0.025	-6.651649229310161	3
9	9	0.025	-7.7365772167614235	3
10	0	0.025	-7.777671785366437	1
10	2	0.025	-7.565655566382857	1
10	3	0.025	-7.603794933211938	1
10	4	0.025	-7.747525093130071	1
10	5	0.025	-7.5845291715293905	1
10	6	0.025	-7.707023346338164	1
10	7	0.025	-7.666869511813255	1
10	8	0.025	-7.785628044351455	1
10	9	0.025	-7.6695969513579145	1
11	0	0.025	-7.082169748878196	8
11	1	0.025	-6.97902971923515	8
11	2	0.025	-6.927440439538652	8
11	3	0.025	-6.957557154034272	8
11	4	0.025	-7.0293869845459644	8
11	5	0.025	-0.3171851864235543	8
11	6	0.025	-0.15320988394834534	8
11	7	0.025	-6.9721493084946475	8
11	9	0.025	-7.009091794344229	8
12	1	0.025	-7.677925699829393	0
12	2	0.025	-7.5838800820712295	0
12	3	0.025	-7.542412380829935	0
12	4	0.025	-7.7617484096027605	0
12	5	0.025	-7.741848074609435	0
12	6	0.025	-7.632999941368726	0
12	7	0.025	-7.616778691870436	0
12	8	0.025	-7.737428687317407	0
12	9	0.025	-7.617886079118966	0
13	0	0.025	-7.684528414889219	7
13	1	0.025	-7.611693633982144	7
13	2	0.025	-6.800656223725283	7
13	3	0.025	-6.9155993978863055	7
13	4	0.025	-7.636011601114061	7
13	5	0.025	-7.451858109908125	7
13	6	0.025	-7.684958333123136	7
13	8	0.025	-7.692655519429156	7
13	9	0.025	-7.173345567837789	7
14	0	0.025	-7.866525259361338	9
14	1	0.025	-7.791401486959377	9
14	2	0.025	-7.814921957352006	9
14	3	0.025	-5.762611824297323	9
14	4	0.025	-7.76329400642603	9
14	5	0.025	-7.792184888816673	9
14	6	0.025	-7.8556382068641	9
14	7	0.025	-7.720008580550205	9
14	8	0.025	-5.580880653286969	9
15	0	0.025	-7.81799211613751	8
15	1	0.025	-7.687752205158497	8
15	2	0.025	-7.671724510781869	8
15	3	0.025	-7.626299996970997	8
15	4	0.025	-7.766426848602464	8
15	5	0.025	-7.737078423729921	8
15	6	0.025	-7.719301398284266	8
15	7	0.025	-7.700888471146275	8
15	9	0.025	-7.447348242085744	8
16	0	0.025	-7.767078957768258	4
16	1	0.025	-7.7210071561853315	4
16	2	0.025	-7.6639398585847855	4
16	3	0.025	-7.725586854466924	4
16	5	0.025	-7.856129086888728	4
16	6	0.025	-7.508233145893319	4
16	7	0.025	-7.657865325834638	4
16	8	0.025	-7.76586030539175	4
16	9	0.025	-7.045127735784265	4
17	0	0.025	-6.298326416982445	5
17	1	0.025	-7.9301158578780555	5
17	2	0.025	-7.890414931850463	5
17	3	0.025	-7.1139492105206745	5
17	4	0.025	-8.0070945244947	5
17	6	0.025	-7.878925745878192	5
17	7	0.025	-7.893082388465087	5
17	8	0.025	-8.037021601181431	5
17	9	0.025	-7.9360901210532795	5
18	0	0.025	-7.813883010809987	3
18	1	0.025	-7.711177746138982	3
18	2	0.025	-7.641853147443635	3
18	4	0.025	-7.809640487120573	3
18	5	0.025	-4.7499172979108115	3
18	6	0.025	-7.75193676841754	3
18	7	0.025	-7.708265104113125	3
18	8	0.025	-7.799220890400021	3
18	9	0.025	-7.7456317025342605	3
19	0	0.025	-6.138980750321038	4
19	1	0.025	-5.377122254086132	4
19	2	0.025	-6.0811060263539165	4
19	3	0.025	-2.3523064695272646	4
19	5	0.025	-6.074430348579185	4
19	6	0.025	-6.1121384307089	4
19	7	0.025	-6.0053041351142795	4
19	8	0.025	-6.100063039600295	4
19	9	0.025	-0.10382138200305883	4
20	1	0.025	-7.665276379795225	0
20	2	0.025	-7.117101146124512	0
20	3	0.025	-7.515410043877819	0
20	4	0.025	-7.739876648042507	0
20	5	0.025	-7.2295556427113965	0
20	6	0.025	-7.6345191900407965	0
20	7	0.025	-7.250498860920062	0
20	8	0.025	-1.048458420749184	0
20	9	0.025	-6.7603234753610995	0
21	0	0.025	-7.9143764414741185	6
21	1	0.025	-7.833906665553915	6
21	2	0.025	-3.771317054209011	6
21	3	0.025	-7.838218299900353	6
21	4	0.025	-6.607927849082682	6
21	5	0.025	-7.990114609811228	6
21	7	0.025	-7.800314606902103	6
21	8	0.025	-7.937408339205139	6
21	9	0.025	-7.772347963356961	6
22	0	0.025	-7.921875086217167	6
22	1	0.025	-6.160279788150919	6
22	2	0.025	-7.772972484377455	6
22	3	0.025	-7.854750301568695	6
22	4	0.025	-2.844274432575417	6
22	5	0.025	-7.246447124881225	6
22	7	0.025	-7.808005240642091	6
22	8	0.025	-6.804592869164943	6
22	9	0.025	-7.779340562149464	6
23	0	0.025	-7.754775550778556	3
23	1	0.025	-7.644156665295736	3
23	2	0.025	-6.179787556790467	3
23	4	0.025	-7.751321680637212	3
23	5	0.025	-2.4223751492716254	3
23	6	0.025	-7.709270055050409	3
23	7	0.025	-7.6425240706319775	3
23	8	0.025	-7.7509078814533865	3
23	9	0.025	-7.6925701021905635	3
24	1	0.025	-7.68257164743841	0
24	2	0.025	-5.589698952536017	0
24	3	0.025	-7.564672313607549	0
24	4	0.025	-7.759603535193269	0
24	5	0.025	-7.750922688545513	0
24	6	0.025	-6.979271710787292	0
24	7	0.025	-7.614231449659199	0
24	8	0.025	-7.798210736819603	0
24	9	0.025	-7.405244797109294	0
25	0	0.025	-7.895603641665485	2
25	1	0.025	-7.427885210563079	2
25	3	0.025	-7.68293404796497	2
25	4	0.025	-7.883630306777721	2
25	5	0.025	-7.94769361092104	2
25	6	0.025	-7.8531623743090035	2
25	7	0.025	-7.8221703948241394	2
25	8	0.025	-7.906410199485854	2
25	9	0.025	-7.80670933213248	2
26	0	0.025	-7.881038922434285	3
26	1	0.025	-7.754925691451	3
26	2	0.025	-7.6638940217928475	3
26	4	0.025	-7.867821224553949	3
26	5	0.025	-7.681719381189389	3
26	6	0.025	-7.852378504178887	3
26	7	0.025	-7.770618892590831	3
26	8	0.025	-7.840110723394155	3
26	9	0.025	-7.806109797800682	3
27	0	0.025	-5.257975387367276	6
27	1	0.025	-4.062642603114699	6
27	2	0.025	-4.375677750914758	6
27	3	0.025	-2.212760039155365	6
27	4	0.025	-2.1603631063541844	6
27	5	0.025	1.9277738457424796	6
27	7	0.025	-5.156180682778137	6
27	8	0.025	-5.228853203191173	6
27	9	0.025	-5.168139908631838	6
28	0	0.025	-7.957948824488943	6
28	1	0.025	-7.8699728111374	6
28	2	0.025	-7.786194312235497	6
28	3	0.025	-7.89522756329138	6
28	4	0.025	-7.9034336636674425	6
28	5	0.025	-7.81808669573761	6
28	7	0.025	-7.841892738994386	6
28	8	0.025	-7.968492925164498	6
28	9	0.025	-7.816495660248761	6
29	0	0.025	-7.715523346527447	7
29	1	0.025	-7.644872648654198	7
29	2	0.025	-7.626354504879582	7
29	3	0.025	-7.413009994717304	7
29	4	0.025	-7.658091507369549	7
29	5	0.025	-7.453643534348643	7
29	6	0.025	-7.656115583529571	7
29	8	0.025	-7.62347640556955	7
29	9	0.025	-7.433827997188441	7
30	0	0.025	-7.781617225100599	4
30	1	0.025	-7.729989166310383	4
30	2	0.025	-7.6874507462928365	4
30	3	0.025	-7.689239013602083	4
30	5	0.025	-7.8492901840635625	4
30	6	0.025	-7.7223815731799075	4
30	7	0.025	-6.684666661167812	4
30	8	0.025	-7.778119539332205	4
30	9	0.025	-6.965429412356368	4
32	0	0.025	-7.892753734037662	3
32	1	0.025	-7.77148991068547	3
32	2	0.025	-7.70867404156641	3
32	4	0.025	-7.860790663096533	3
32	5	0.025	-7.764711913547377	3
32	6	0.025	-7.875027042582764	3
32	7	0.025	-7.778383992094242	3
32	8	0.025	-7.854529006318482	3
32	9	0.025	-7.812482046018657	3
33	0	0.025	-7.8125335638322	8
33	1	0.025	-7.683484958512181	8
33	2	0.025	-6.569388097837772	8
33	3	0.025	-6.497942623404296	8
33	4	0.025	-7.763205134308065	8
33	5	0.025	-7.739754561872743	8
33	6	0.025	-7.545016463443645	8
33	7	0.025	-7.712372529437529	8
33	9	0.025	-7.263746188912977	8
34	0	0.025	-0.06500811421670773	7
35	0	0.025	-8.048618811961203	5
35	1	0.025	-7.932988593066915	5
35	2	0.025	-7.883788286444075	5
35	3	0.025	-7.364351629446712	5
35	4	0.025	-8.005278736380342	5
35	6	0.025	-7.739174507445372	5
35	7	0.025	-7.908649542614249	5
35	8	0.025	-8.035259615975711	5
35	9	0.025	-7.948940286582463	5
36	0	0.025	-7.789378109625317	4
36	1	0.025	-7.743263536300141	4
36	2	0.025	-7.694621999185045	4
36	3	0.025	-7.7493221160526256	4
36	5	0.025	-7.876635985599358	4
36	6	0.025	-7.726042219887889	4
36	7	0.025	-7.681067154516718	4
36	8	0.025	-7.771146111480894	4
36	9	0.025	-6.485267426214236	4
37	0	0.025	-7.858627476740752	2
37	1	0.025	-7.74869102976536	2
37	3	0.025	-1.5836916063339979	2
37	4	0.025	-7.839214596714982	2
37	5	0.025	-7.817389649338838	2
37	6	0.025	-7.811884446992189	2
37	7	0.025	-7.768124658704206	2
37	8	0.025	-7.3335632051496065	2
37	9	0.025	-7.782715725456082	2
38	0	0.025	-8.038355018363443	5
38	1	0.025	-7.932908494094841	5
38	2	0.025	-7.88170879800053	5
38	3	0.025	-7.500040656597689	5
38	4	0.025	-8.016605260100485	5
38	6	0.025	-7.890576042360519	5
38	7	0.025	-7.8963962441305275	5
38	8	0.025	-8.03351666411659	5
38	9	0.025	-7.9380992797733345	5
39	0	0.025	-7.954882866402491	5
39	1	0.025	-7.907162635239347	5
39	2	0.025	-7.842629930674303	5
39	3	0.025	-5.9541097082322985	5
39	4	0.025	-7.972428914400177	5
39	6	0.025	-5.225395654346109	5
39	7	0.025	-7.868428601865128	5
39	8	0.025	-8.009948051194392	5
39	9	0.025	-6.057467533176373	5
40	0	0.025	-2.731730548089925	8
40	1	0.025	-2.067318821135581	8
40	2	0.025	-2.5648806740564014	8
40	3	0.025	-0.18982261475148263	8
40	4	0.025	-2.56548786996295	8
40	5	0.025	1.3163842619348824	8
40	6	0.025	-2.597459056311823	8
40	7	0.025	-2.613513719411215	8
40	9	0.025	-2.6426857749972847	8
41	0	0.025	-8.054028033440288	5
41	1	0.025	-7.943877648886345	5
41	2	0.025	-7.905113779900554	5
41	3	0.025	-7.233373566619021	5
41	4	0.025	-8.019056498461692	5
41	6	0.025	-7.898367158193161	5
41	7	0.025	-7.9012914324122585	5
41	8	0.025	-8.055410521396938	5
41	9	0.025	-7.580235882764922	5
42	0	0.025	-7.879402235588169	2
42	1	0.025	-7.768328754955743	2
42	3	0.025	-7.126796868940036	2
42	4	0.025	-7.860890949667432	2
42	5	0.025	-7.861543431725307	2
42	6	0.025	-7.822699277300548	2
42	7	0.025	-7.7905219699832	2
42	8	0.025	-6.47341480830077	2
42	9	0.025	-7.779205260331747	2
43	0	0.025	-6.7784238915660655	9
43	1	0.025	-6.700315778000949	9
43	2	0.025	-6.678346127930743	9
43	3	0.025	-6.646630502581724	9
43	4	0.025	-0.6981447562771297	9
43	5	0.025	-6.766610916826923	9
43	6	0.025	-6.728299001279635	9
43	7	0.025	-6.651563242053971	9
43	8	0.025	-6.166538924428711	9
44	0	0.025	-7.574295877941697	2
44	1	0.025	-7.4993563639993575	2
44	3	0.025	-7.481480089084771	2
44	4	0.025	-7.552696633442578	2
44	5	0.025	-7.672768865653292	2
44	6	0.025	-0.3514253720489229	2
44	7	0.025	-5.437251720634008	2
44	8	0.025	-7.60904254389255	2
44	9	0.025	-7.466032461966537	2
45	0	0.025	-7.784419548231843	4
45	1	0.025	-7.734230454880829	4
45	2	0.025	-7.699246871343661	4
45	3	0.025	-7.677291456343885	4
45	5	0.025	-6.65571699266201	4
45	6	0.025	-7.715890862239894	4
45	7	0.025	-7.653286075965248	4
45	8	0.025	-7.238951725856981	4
45	9	0.025	-3.4953141804862753	4
46	0	0.025	-7.900735493479939	2
46	1	0.025	-7.803037494822728	2
46	3	0.025	-7.6899198632283525	2
46	4	0.025	-7.8854710860021715	2
46	5	0.025	-7.957028008699955	2
46	6	0.025	-7.657372092297171	2
46	7	0.025	-7.8260823651107	2
46	8	0.025	-7.908808561309883	2
46	9	0.025	-7.80930997902412	2
47	0	0.025	-7.114085557925412	7
47	1	0.025	-7.029759972363848	7
47	2	0.025	-6.995922208672766	7
47	3	0.025	-2.4311814889823196	7
47	4	0.025	-7.04859591459177	7
47	5	0.025	-7.107042812640645	7
47	6	0.025	-7.148365121184702	7
47	8	0.025	-7.100326640186028	7
47	9	0.025	-4.85901271996981	7
48	1	0.025	-7.685821859631358	0
48	2	0.025	-7.617522831806029	0
48	3	0.025	-7.561129430129715	0
48	4	0.025	-7.769415522972705	0
48	5	0.025	-7.7469552409301725	0
48	6	0.025	-7.471185064526726	0
48	7	0.025	-7.616569659192504	0
48	8	0.025	-7.808051985550234	0
48	9	0.025	-7.617025910722229	0
49	0	0.025	-8.057623027795609	5
49	1	0.025	-7.946059481059415	5
49	2	0.025	-7.904481388612894	5
49	3	0.025	-5.580555408072304	5
49	4	0.025	-8.025031982443524	5
49	6	0.025	-7.905118883148904	5
49	7	0.025	-7.902839328771115	5
49	8	0.025	-7.99903098448889	5
49	9	0.025	-7.946278712782067	5
50	0	0.025	-7.7828768867998095	1
50	2	0.025	-7.638060767689734	1
50	3	0.025	-7.5971958472034435	1
50	4	0.025	-7.748335911316653	1
50	5	0.025	-7.79213971582395	1
50	6	0.025	-7.746151232628184	1
50	7	0.025	-7.6692652662049055	1
50	8	0.025	-7.78435219730068	1
50	9	0.025	-7.671639351039131	1
51	1	0.025	-7.684911393127608	0
51	2	0.025	-6.235086143385327	0
51	3	0.025	-7.562455082986116	0
51	4	0.025	-7.765845850160507	0
51	5	0.025	-7.7512018611184725	0
51	6	0.025	-7.643556605707074	0
51	7	0.025	-7.615990091423988	0
51	8	0.025	-7.805332842575466	0
51	9	0.025	-7.6126377366785	0
52	0	0.025	-7.721396258901126	7
52	1	0.025	-7.645750018541412	7
52	2	0.025	-7.628125740110431	7
52	3	0.025	-7.410314738672944	7
52	4	0.025	-7.663943794415875	7
52	5	0.025	-7.706118396257921	7
52	6	0.025	-7.72579742169184	7
52	8	0.025	-7.732481404028348	7
52	9	0.025	-7.445873346582683	7
53	0	0.025	-7.872606248770502	9
53	1	0.025	-7.8030704041198415	9
53	2	0.025	-7.806497658621812	9
53	3	0.025	-7.004737636201615	9
53	4	0.025	-4.7723249827923615	9
53	5	0.025	-7.79908677015347	9
53	6	0.025	-7.828545085926734	9
53	7	0.025	-7.7270603436241165	9
53	8	0.025	-7.833249402358914	9
54	0	0.025	-7.778199343187376	9
54	1	0.025	-7.735527829479325	9
54	2	0.025	-5.555240663541575	9
54	3	0.025	-7.703028735536972	9
54	4	0.025	-5.235160840815555	9
54	5	0.025	-7.769323372330088	9
54	6	0.025	-7.540891415568025	9
54	7	0.025	-7.669152499824236	9
54	8	0.025	-7.778630553710794	9
55	0	0.025	-7.87545482176496	9
55	1	0.025	-7.80724207514856	9
55	2	0.025	-7.805440562683334	9
55	3	0.025	-7.681757098078539	9
55	4	0.025	-7.761452672180339	9
55	5	0.025	-7.728851811218459	9
55	6	0.025	-7.821057283135635	9
55	7	0.025	-7.094941280927759	9
55	8	0.025	-6.260998995123352	9
56	0	0.025	-7.959213710751181	6
56	1	0.025	-7.871947370241062	6
56	2	0.025	-7.789751591303644	6
56	3	0.025	-7.899387793287115	6
56	4	0.025	-7.903046191490359	6
56	5	0.025	-8.014279645338888	6
56	7	0.025	-7.84185034598906	6
56	8	0.025	-7.970307402118043	6
56	9	0.025	-7.8143502786197665	6
57	0	0.025	-8.047322027325873	5
57	1	0.025	-7.9408093311708905	5
57	2	0.025	-7.905372128272772	5
57	3	0.025	-7.447330716917338	5
57	4	0.025	-8.004218208736619	5
57	6	0.025	-7.8921188118134715	5
57	7	0.025	-7.898367055565821	5
57	8	0.025	-8.049340039953204	5
57	9	0.025	-7.601769385040351	5
58	0	0.025	-7.821958444513272	8
58	1	0.025	-7.684707777185615	8
58	2	0.025	-7.677041939076216	8
58	3	0.025	-6.817001716911219	8
58	4	0.025	-7.3758850671076095	8
58	5	0.025	-7.571085449496382	8
58	6	0.025	-7.72579697203287	8
58	7	0.025	-7.71122879003382	8
58	9	0.025	-7.159342447196862	8
59	0	0.025	-7.804316752389746	8
59	1	0.025	-7.683338355894838	8
59	2	0.025	-7.645198787814057	8
59	3	0.025	-7.6261282562054635	8
59	4	0.025	-6.080828288294086	8
59	5	0.025	-7.735068640878183	8
59	6	0.025	-7.695733109945832	8
59	7	0.025	-7.701526382863525	8
59	9	0.025	-7.703685973446329	8
60	0	0.025	-7.939088384616815	6
60	1	0.025	-7.849264127840142	6
60	2	0.025	-4.562331803642469	6
60	3	0.025	-7.85368583567456	6
60	4	0.025	-7.89066625954306	6
60	5	0.025	-7.9881754637989735	6
60	7	0.025	-7.836430750713965	6
60	8	0.025	-7.595461912587348	6
60	9	0.025	-7.811353918040185	6
61	0	0.025	-7.8632969490473155	9
61	1	0.025	-7.797104373704229	9
61	2	0.025	-7.786815366171739	9
61	3	0.025	-3.302256956231879	9
61	4	0.025	-7.7639881672695426	9
61	5	0.025	-7.798639597969817	9
61	6	0.025	-7.858269562520257	9
61	7	0.025	-7.718375758884341	9
61	8	0.025	-7.828025811683354	9
62	0	0.025	-6.073675427206001	9
62	1	0.025	-6.0313983708307	9
62	2	0.025	-5.972279456337536	9
62	3	0.025	-5.977656349143927	9
62	4	0.025	1.0759671903232557	9
62	5	0.025	-6.105524674642758	9
62	6	0.025	-6.004645995297535	9
62	7	0.025	-5.959987460207231	9
62	8	0.025	-5.945058173245161	9
63	0	0.025	-8.037954804952381	5
63	1	0.025	-7.738839718488877	5
63	2	0.025	-7.894281062612881	5
63	3	0.025	-7.022979636304923	5
63	4	0.025	-8.00852147567908	5
63	6	0.025	-7.897868435165188	5
63	7	0.025	-7.8868086487781515	5
63	8	0.025	-8.025618868815652	5
63	9	0.025	-7.9183537754155084	5
64	0	0.025	-7.782411785761167	4
64	1	0.025	-7.7253549817917495	4
64	2	0.025	-7.705710001763583	4
64	3	0.025	-7.691901612819377	4
64	5	0.025	-7.851115548282839	4
64	6	0.025	-5.457546471870989	4
64	7	0.025	-5.6453871520687855	4
64	8	0.025	-7.774768128162766	4
64	9	0.025	-6.964974787976288	4
65	0	0.025	-7.879797997818636	2
65	1	0.025	-7.781107382259233	2
65	3	0.025	-4.304105059079127	2
65	4	0.025	-7.865834086213792	2
65	5	0.025	-7.900194450909165	2
65	6	0.025	-7.845844559115419	2
65	7	0.025	-7.024758520221441	2
65	8	0.025	-7.875684968093541	2
65	9	0.025	-7.787373490009864	2
66	0	0.025	-7.954645181571171	6
66	1	0.025	-7.871993744225798	6
66	2	0.025	-7.786402593180209	6
66	3	0.025	-7.902284216047685	6
66	4	0.025	-7.901897524087749	6
66	5	0.025	-7.955895257080237	6
66	7	0.025	-7.8417831604022625	6
66	8	0.025	-7.96864627110768	6
66	9	0.025	-7.815061564614521	6
67	0	0.025	-0.5115742994598139	8
67	1	0.025	-7.672546488381793	8
67	2	0.025	-7.651730248637664	8
67	3	0.025	-2.4404819369939856	8
67	4	0.025	-7.763857671463325	8
67	5	0.025	-7.728659584006477	8
67	6	0.025	-7.7157149729305825	8
67	7	0.025	-7.669707350933797	8
67	9	0.025	-7.717718484832207	8
68	0	0.025	-7.770598594849713	1
68	2	0.025	-7.599685691460952	1
68	3	0.025	-2.5922194456953687	1
68	4	0.025	-7.754946770640128	1
68	5	0.025	-7.759644285454036	1
68	6	0.025	-7.625157557907381	1
68	7	0.025	-7.662270200680041	1
68	8	0.025	-6.078900471263746	1
68	9	0.025	-7.677186731247343	1
69	1	0.025	-7.684073227737244	0
69	2	0.025	-7.6162101207570165	0
69	3	0.025	-7.556444275897846	0
69	4	0.025	-7.752250330354359	0
69	5	0.025	-7.747203556091488	0
69	6	0.025	-7.613388426633867	0
69	7	0.025	-7.462493255484669	0
69	8	0.025	-7.803806000482198	0
69	9	0.025	-7.598287178954702	0
70	0	0.025	-7.961354590210996	6
70	1	0.025	-7.871360057588814	6
70	2	0.025	-7.791810510657691	6
70	3	0.025	-7.899391386723491	6
70	4	0.025	-7.88844410580281	6
70	5	0.025	-7.082028295681458	6
70	7	0.025	-7.840783168266917	6
70	8	0.025	-7.96819073315812	6
70	9	0.025	-7.814673284652586	6
71	0	0.025	-7.751997295499562	9
71	1	0.025	-7.675208439146022	9
71	2	0.025	-7.6781851381454205	9
71	3	0.025	-5.582345817225588	9
71	4	0.025	-7.657589645309589	9
71	5	0.025	0.09468469200068509	9
71	6	0.025	-7.695119674153989	9
71	7	0.025	-7.598692984845494	9
71	8	0.025	-7.733008319886798	9
72	0	0.025	-7.113902262797486	5
72	1	0.025	-7.940471495205237	5
72	2	0.025	-7.906278364540258	5
72	3	0.025	-7.239549219063271	5
72	4	0.025	-8.02429650427906	5
72	6	0.025	-7.903684087623911	5
72	7	0.025	-7.8954316998901986	5
72	8	0.025	-6.30882798334375	5
72	9	0.025	-7.809603172854131	5
73	0	0.025	-8.042525399490994	5
73	1	0.025	-7.925521727436229	5
73	2	0.025	-7.886235507013574	5
73	3	0.025	-7.257093522604862	5
73	4	0.025	-8.002343305974954	5
73	6	0.025	-4.90522472090203	5
73	7	0.025	-7.896905398466947	5
73	8	0.025	-8.037005005074827	5
73	9	0.025	-7.947995025210421	5
74	0	0.025	-7.797270280906549	4
74	1	0.025	-7.742404497140679	4
74	2	0.025	-7.705887453215422	4
74	3	0.025	-7.718586428552528	4
74	5	0.025	-7.8620273774040035	4
74	6	0.025	-7.7268070263329145	4
74	7	0.025	-7.678514012633136	4
74	8	0.025	-7.784358395575074	4
74	9	0.025	-6.777679621278893	4
75	0	0.025	-7.785252523144705	1
75	2	0.025	-7.629177760245996	1
75	3	0.025	-7.601405281526837	1
75	4	0.025	-7.757695514267017	1
75	5	0.025	-7.79265903093713	1
75	6	0.025	-7.743589169359189	1
75	7	0.025	-7.672040620345234	1
75	8	0.025	-7.788418640467805	1
75	9	0.025	-7.678060987795368	1
76	0	0.025	-7.927132384433881	6
76	1	0.025	-7.827138183463907	6
76	2	0.025	-7.416154325978827	6
76	3	0.025	-7.7115188405641035	6
76	4	0.025	-7.87044921895476	6
76	5	0.025	-7.987194573662076	6
76	7	0.025	-7.827197251928917	6
76	8	0.025	-7.906049426379598	6
76	9	0.025	-7.815515009092796	6
77	0	0.025	-6.703154317312254	7
77	1	0.025	-6.61012490623606	7
77	2	0.025	-2.681525500987099	7
77	3	0.025	-2.8242599830016455	7
77	4	0.025	-6.65299587087349	7
77	5	0.025	-6.67208248337611	7
77	6	0.025	-6.7143721689231155	7
77	8	0.025	-6.690219674161484	7
77	9	0.025	-6.511742838150984	7
78	0	0.025	-8.02544373713397	5
78	1	0.025	-7.928584160500971	5
78	2	0.025	-7.8849240164800785	5
78	3	0.025	-7.113021106421668	5
78	4	0.025	-8.005096723014873	5
78	6	0.025	-7.344618629959308	5
78	7	0.025	-7.89297913111809	5
78	8	0.025	-8.040201201863344	5
78	9	0.025	-7.92700286103297	5
79	0	0.025	-2.5191039071654324	2
79	1	0.025	-2.436376373487963	2
79	3	0.025	-0.10753389243687103	2
79	4	0.025	2.166776888535687	2
79	5	0.025	1.2121599580339828	2
79	6	0.025	-2.414095622419575	2
79	7	0.025	-2.421426722974257	2
79	8	0.025	-2.524272132239079	2
79	9	0.025	-2.397022865693048	2
80	0	0.025	-7.865108643952295	9
80	1	0.025	-7.786690325393687	9
80	2	0.025	-7.817850150360804	9
80	3	0.025	-7.663203377638333	9
80	4	0.025	-3.306981154243937	9
80	5	0.025	-7.76054280499916	9
80	6	0.025	-7.84224496061362	9
80	7	0.025	-7.72763769280757	9
80	8	0.025	-7.830577978021222	9
81	1	0.025	-7.480351116499706	0
81	2	0.025	-6.806014058724181	0
81	3	0.025	-7.3886434860447405	0
81	4	0.025	-7.210029273540812	0
81	5	0.025	-7.559759902584078	0
81	6	0.025	-6.002491221296731	0
81	7	0.025	-7.419405701198205	0
81	8	0.025	-7.58334794258486	0
81	9	0.025	-7.4230104866934346	0
82	0	0.025	-7.95673716342628	6
82	1	0.025	-7.872345690752823	6
82	2	0.025	-7.787354993407429	6
82	3	0.025	-7.901059047750076	6
82	4	0.025	-7.903667156236705	6
82	5	0.025	-8.015496893162709	6
82	7	0.025	-7.8418966099384795	6
82	8	0.025	-7.969159541331177	6
82	9	0.025	-7.815162930947562	6
83	0	0.025	-7.793242597912049	4
83	1	0.025	-7.745158714224789	4
83	2	0.025	-7.6995415603785125	4
83	3	0.025	-7.737320625062153	4
83	5	0.025	-7.865505810302376	4
83	6	0.025	-7.723416236969344	4
83	7	0.025	-7.683361023952551	4
83	8	0.025	-7.789160796678119	4
83	9	0.025	-6.985278073556035	4
84	0	0.025	-7.794365763790889	4
84	1	0.025	-7.73263300120865	4
84	2	0.025	-7.700811428204587	4
84	3	0.025	-7.7179808271243635	4
84	5	0.025	-7.851596705862841	4
84	6	0.025	-7.72423121092209	4
84	7	0.025	-7.672101911434713	4
84	8	0.025	-6.415964590294365	4
84	9	0.025	-6.694870969858919	4
85	0	0.025	-6.234447066217506	2
85	1	0.025	-6.156577985291805	2
85	3	0.025	-5.930888605706737	2
85	4	0.025	-6.206811825786187	2
85	5	0.025	-6.239711204704695	2
85	6	0.025	-6.237124522534581	2
85	7	0.025	0.5647342109246947	2
85	8	0.025	-5.747490722798189	2
85	9	0.025	-6.03911493045	2
86	0	0.025	-7.323990733742248	8
86	1	0.025	-7.188285853261764	8
86	2	0.025	-7.167606124200139	8
86	3	0.025	-4.227626229266817	8
86	4	0.025	-6.988867918684006	8
86	5	0.025	-6.678614508690365	8
86	6	0.025	-7.218690632359914	8
86	7	0.025	-7.21207433135879	8
86	9	0.025	-5.722125783715331	8
87	0	0.025	-7.712009700077426	7
87	1	0.025	-7.640755809786943	7
87	2	0.025	-7.61228342481978	7
87	3	0.025	-4.929447063640007	7
87	4	0.025	-7.355387797355956	7
87	5	0.025	-7.702234903179677	7
87	6	0.025	-7.717058302487012	7
87	8	0.025	-7.719131249335389	7
87	9	0.025	-7.464422488013377	7
88	0	0.025	-7.814872125276925	8
88	1	0.025	-7.68231879953722	8
88	2	0.025	-7.372663178613389	8
88	3	0.025	-7.625680100323758	8
88	4	0.025	-7.771704588731626	8
88	5	0.025	-7.738469966641242	8
88	6	0.025	-7.644005009558814	8
88	7	0.025	-7.71450992533795	8
88	9	0.025	-7.7328109722396405	8
89	0	0.025	-7.589587433075592	3
89	1	0.025	-7.477696156441909	3
89	2	0.025	-7.400718740491344	3
89	4	0.025	-7.566721653134113	3
89	5	0.025	-2.5321425690900345	3
89	6	0.025	-7.512294138549748	3
89	7	0.025	-7.464946994621028	3
89	8	0.025	-7.566881153568185	3
89	9	0.025	-7.499174498670287	3
90	1	0.025	-7.685928800668568	0
90	2	0.025	-7.616802223548702	0
90	3	0.025	-7.560275513588846	0
90	4	0.025	-7.767840893376548	0
90	5	0.025	-7.6849990564541555	0
90	6	0.025	-7.647357290616203	0
90	7	0.025	-7.616665663224311	0
90	8	0.025	-7.807668026032678	0
90	9	0.025	-6.792829363793858	0
91	0	0.025	-7.891218683409996	9
91	1	0.025	-7.818427941138667	9
91	2	0.025	-7.827550809551293	9
91	3	0.025	-7.6940826621585545	9
91	4	0.025	-7.783777181691776	9
91	5	0.025	-7.823971757752203	9
91	6	0.025	-7.859691874266326	9
91	7	0.025	-7.740503726324847	9
91	8	0.025	-7.856655958278616	9
92	1	0.025	-7.680842421262933	0
92	2	0.025	-5.480198883441517	0
92	3	0.025	-7.552334302421552	0
92	4	0.025	-7.763221677416518	0
92	5	0.025	-6.683502838906773	0
92	6	0.025	-7.412969808990679	0
92	7	0.025	-7.614261026109159	0
92	8	0.025	-7.74873782444937	0
92	9	0.025	-7.616028630733289	0
93	0	0.025	-7.775957643986542	1
93	2	0.025	-7.6126167088055405	1
93	3	0.025	-4.800920472382383	1
93	4	0.025	-7.735807458954806	1
93	5	0.025	-7.764747019161592	1
93	6	0.025	-7.738019290185771	1
93	7	0.025	-7.6576270359046985	1
93	8	0.025	-5.935979608428824	1
93	9	0.025	-7.663887969731703	1
94	0	0.025	-7.777500374172816	1
94	2	0.025	-7.624541495252278	1
94	3	0.025	-7.035743310134781	1
94	4	0.025	-7.704643924245196	1
94	5	0.025	-7.79305745683863	1
94	6	0.025	-7.1195385657786305	1
94	7	0.025	-7.6621286594381335	1
94	8	0.025	-7.33665997428633	1
94	9	0.025	-7.66207873449396	1
95	0	0.025	-7.849591278907602	9
95	1	0.025	-7.780967429915591	9
95	2	0.025	-7.775944253217799	9
95	3	0.025	-7.593109095988578	9
95	4	0.025	-7.7512048213918625	9
95	5	0.025	-5.425287733689118	9
95	6	0.025	-7.816041380522818	9
95	7	0.025	-4.76119775589195	9
95	8	0.025	-7.836455153144629	9
96	0	0.025	-7.790913545457256	4
96	1	0.025	-7.735621538433697	4
96	2	0.025	-7.710541378812714	4
96	3	0.025	-7.708862005208932	4
96	5	0.025	-7.855738426054329	4
96	6	0.025	-7.739694704211096	4
96	7	0.025	-7.670796123213769	4
96	8	0.025	-7.778008567333786	4
96	9	0.025	-4.7516198525157565	4
97	0	0.025	-8.030793290393895	5
97	1	0.025	-7.920322486300486	5
97	2	0.025	-7.864309359515607	5
97	3	0.025	-4.481818826888057	5
97	4	0.025	-7.87841629252579	5
97	6	0.025	-7.874625983477223	5
97	7	0.025	-7.891034061918183	5
97	8	0.025	-8.026208424246779	5
97	9	0.025	-7.929915570051118	5
98	0	0.025	-7.823299436483544	9
98	1	0.025	-7.762990505948649	9
98	2	0.025	-7.719199975640792	9
98	3	0.025	-7.62571162090581	9
98	4	0.025	-7.663578716132566	9
98	5	0.025	-5.027241603213915	9
98	6	0.025	-7.742965236160541	9
98	7	0.025	-7.677207207452141	9
98	8	0.025	-7.811257916996824	9
99	0	0.025	-0.09542059697592205	7
100	0	0.025	-7.950296512398512	6
100	1	0.025	-7.859544345407471	6
100	2	0.025	-7.7735269531541995	6
100	3	0.025	-7.8645995059079254	6
100	4	0.025	-7.898958815132524	6
100	5	0.025	-6.7621820721424175	6
100	7	0.025	-7.838873493419762	6
100	8	0.025	-7.737126351029174	6
100	9	0.025	-7.813987669907534	6
101	0	0.025	-7.95269549560585	6
101	1	0.025	-7.846288081437065	6
101	2	0.025	-7.788958754863077	6
101	3	0.025	-7.522398892205747	6
101	4	0.025	-7.901304680738929	6
101	5	0.025	-0.9652397193233634	6
101	7	0.025	-7.830986341466966	6
101	8	0.025	-7.799725397267028	6
101	9	0.025	-7.828735788767817	6
102	1	0.025	-7.684286695449018	0
102	2	0.025	-7.366866177019384	0
102	3	0.025	-7.560716169772493	0
102	4	0.025	-7.768898639655842	0
102	5	0.025	-7.751096003266968	0
102	6	0.025	-7.1223957425216256	0
102	7	0.025	-7.616581445312568	0
102	8	0.025	-7.80966712922184	0
102	9	0.025	-7.61184580154678	0
103	0	0.025	-7.710752734002749	7
103	1	0.025	-7.647420239531942	7
103	2	0.025	-7.629883894396717	7
103	3	0.025	-7.4245046843333435	7
103	4	0.025	-7.654334084768369	7
103	5	0.025	-6.075505216735334	7
103	6	0.025	-7.6979130473143815	7
103	8	0.025	-7.71298777178187	7
103	9	0.025	-2.133906893641589	7
104	0	0.025	-1.194819855021192	7
104	1	0.025	-1.1034584631165116	7
104	2	0.025	-1.1035041054605879	7
105	0	0.025	-6.992206566586079	8
105	1	0.025	-6.869216429407578	8
105	2	0.025	-6.8379273650490395	8
105	3	0.025	-0.6193199149960059	8
105	4	0.025	-6.915701402930013	8
105	5	0.025	-6.911574332712095	8
105	6	0.025	-6.96906557963878	8
105	7	0.025	-6.857009298499	8
105	9	0.025	-6.008076913831865	8
106	0	0.025	-7.648067095550211	4
106	1	0.025	-7.5835413722684555	4
106	2	0.025	-6.570434700533996	4
106	3	0.025	-7.5765366805253365	4
106	5	0.025	-7.7039107344892965	4
106	6	0.025	-7.520238399033197	4
106	7	0.025	-7.54050838220651	4
106	8	0.025	-6.845342731125178	4
106	9	0.025	-6.388795108673957	4
107	0	0.025	-7.7892329153966795	8
107	1	0.025	-7.659991169514863	8
107	2	0.025	-7.6313820582261975	8
107	3	0.025	-3.815605655822172	8
107	4	0.025	-7.754040298658067	8
107	5	0.025	-7.678331558557954	8
107	6	0.025	-7.727182413752249	8
107	7	0.025	-7.608407385060411	8
107	9	0.025	-7.683285031740568	8
109	0	0.025	-7.171552486357036	1
109	2	0.025	-7.009843447475469	1
109	3	0.025	-5.178258463756124	1
109	4	0.025	-7.1427301180852565	1
109	5	0.025	-7.163760782953947	1
109	6	0.025	-7.114079923000691	1
109	7	0.025	-7.059791797673604	1
109	8	0.025	-4.534585333691136	1
109	9	0.025	-7.073381458329457	1
110	0	0.025	-4.455335545144942	8
110	1	0.025	-4.346376717153112	8
110	2	0.025	-0.24058017028645223	8
110	3	0.025	-4.22695084249075	8
110	4	0.025	-4.4106803162345205	8
110	5	0.025	1.2932917187729933	8
110	6	0.025	-4.328460566668835	8
110	7	0.025	-4.32299016122896	8
110	9	0.025	-4.092875272545293	8
111	1	0.025	-7.673845866398521	0
111	2	0.025	-7.612422068437904	0
111	3	0.025	-7.5370421222762785	0
111	4	0.025	-7.758703699074651	0
111	5	0.025	-3.8528572155710816	0
111	6	0.025	-7.628461336136945	0
111	7	0.025	-7.610660148921696	0
111	8	0.025	-7.681829479108087	0
111	9	0.025	-7.613006721666287	0
112	0	0.025	-7.857838137987372	2
112	1	0.025	-7.756921202176175	2
112	3	0.025	-6.985825888929994	2
112	4	0.025	-7.835071833358392	2
112	5	0.025	-7.881764788840949	2
112	6	0.025	-7.822200858700955	2
112	7	0.025	-7.785346639961482	2
112	8	0.025	-0.2922865295080087	2
112	9	0.025	-7.788886035375473	2
113	0	0.025	-0.7760343560293416	9
113	1	0.025	-0.6829747777066131	9
113	2	0.025	-0.6980254397000152	9
113	3	0.025	-0.5266553397076439	9
113	4	0.025	-0.13538645452272377	9
113	5	0.025	-0.7348995177835969	9
113	6	0.025	-0.7589188901316261	9
114	0	0.025	-7.780118807455158	1
114	2	0.025	-7.621715871403124	1
114	3	0.025	-7.60620165268035	1
114	4	0.025	-7.750517541754107	1
114	5	0.025	-7.794468759151561	1
114	6	0.025	-7.692344565220325	1
114	7	0.025	-7.670219547455092	1
114	8	0.025	-7.767362035278044	1
114	9	0.025	-7.673567562650658	1
115	1	0.025	-7.680249163165167	0
115	2	0.025	-6.8443819228648435	0
115	3	0.025	-7.547521501003442	0
115	4	0.025	-7.761911304533672	0
115	5	0.025	-4.275994137452703	0
115	6	0.025	-7.63345991205085	0
115	7	0.025	-7.613481415211816	0
115	8	0.025	-7.79351087245299	0
115	9	0.025	-6.702741380139709	0
116	0	0.025	-7.751405586465186	3
116	1	0.025	-7.628500782712222	3
116	2	0.025	-6.546403194777026	3
116	4	0.025	-7.737876278977101	3
116	5	0.025	-6.850231810023894	3
116	6	0.025	-7.713673396069326	3
116	7	0.025	-7.642397415235155	3
116	8	0.025	-7.717777473511321	3
116	9	0.025	-7.679281371019404	3
117	0	0.025	-7.879897982733907	9
117	1	0.025	-7.807845515571171	9
117	2	0.025	-7.796099776774618	9
117	3	0.025	-6.3574035878562585	9
117	4	0.025	-7.775847402497874	9
117	5	0.025	-7.827429171787468	9
117	6	0.025	-7.866999041843546	9
117	7	0.025	-7.731553117809077	9
117	8	0.025	-7.845329905033471	9
118	0	0.025	-7.719018600712405	7
118	1	0.025	-7.648191176970071	7
118	2	0.025	-7.629560594284033	7
118	3	0.025	-7.309118687677563	7
118	4	0.025	-7.661977883430542	7
118	5	0.025	-7.698977377525011	7
118	6	0.025	-7.717619087527256	7
118	8	0.025	-7.729964279029497	7
118	9	0.025	-7.36213199286635	7
119	1	0.025	-7.685900024793177	0
119	2	0.025	-7.616544377650998	0
119	3	0.025	-7.560924036884181	0
119	4	0.025	-7.770179315875682	0
119	5	0.025	-7.749024459975782	0
119	6	0.025	-7.648456450209858	0
119	7	0.025	-7.61738413536164	0
119	8	0.025	-7.809913353378051	0
119	9	0.025	-7.615653290898187	0
120	0	0.025	-7.78713057332182	4
120	1	0.025	-7.7459045357160825	4
120	2	0.025	-7.694591320018957	4
120	3	0.025	-7.74182150974741	4
120	5	0.025	-7.878525480358284	4
120	6	0.025	-7.664397346489567	4
120	7	0.025	-7.567729594036212	4
120	8	0.025	-7.785767452806745	4
120	9	0.025	-6.400024603079488	4
121	0	0.025	-7.806557669783714	9
121	1	0.025	-7.739230629674983	9
121	2	0.025	-7.715061016409266	9
121	3	0.025	-7.651023877692252	9
121	4	0.025	-7.687771150760679	9
121	5	0.025	-7.779241535589658	9
121	6	0.025	-7.750150248864527	9
121	7	0.025	-7.662718897729392	9
121	8	0.025	-7.782226416924073	9
122	0	0.025	-7.941622504870957	6
122	1	0.025	-7.848420635738157	6
122	2	0.025	-6.42327437887132	6
122	3	0.025	-7.848425771376256	6
122	4	0.025	-7.897442409794233	6
122	5	0.025	-7.997601349884039	6
122	7	0.025	-7.842598447113067	6
122	8	0.025	-5.585757122125285	6
122	9	0.025	-7.834349739287067	6
123	0	0.025	-7.550539045652356	8
123	1	0.025	-7.424717753993097	8
123	2	0.025	-7.404706392941144	8
123	3	0.025	-7.32616683115106	8
123	4	0.025	-7.4661072759851175	8
123	5	0.025	-7.479328947982984	8
123	6	0.025	-3.055562449502886	8
123	7	0.025	-6.893507934620384	8
123	9	0.025	-5.974922946241073	8
124	0	0.025	-7.8149445800608115	9
124	1	0.025	-7.733261245951312	9
124	2	0.025	-7.739407910026481	9
124	3	0.025	-4.060707347737998	9
124	4	0.025	-7.707115893800895	9
124	5	0.025	-7.73674854493294	9
124	6	0.025	-7.809944317630527	9
124	7	0.025	-7.67641033293857	9
124	8	0.025	-5.715136204863652	9
125	0	0.025	-7.7942028888484085	3
125	1	0.025	-7.685925682858391	3
125	2	0.025	-7.647240763419182	3
125	4	0.025	-7.751955327842707	3
125	5	0.025	-4.893282228540287	3
125	6	0.025	-7.784492184422095	3
125	7	0.025	-7.5658493755893454	3
125	8	0.025	-7.766699624177324	3
125	9	0.025	-6.815108376701097	3
126	0	0.025	-6.602692378874	5
126	1	0.025	-6.495684969617257	5
126	2	0.025	-6.432234652271976	5
126	3	0.025	-4.722437908168799	5
126	4	0.025	-6.550466028481727	5
126	6	0.025	-6.355229310280504	5
126	7	0.025	-6.471668615616309	5
126	8	0.025	-6.590142151791051	5
126	9	0.025	-6.44833757673912	5
127	0	0.025	-7.271857653010547	4
127	1	0.025	-7.219024511988616	4
127	2	0.025	-7.168085678784428	4
127	3	0.025	-7.193123976945258	4
127	5	0.025	-7.355659217542052	4
127	6	0.025	-0.04349014339866219	4
127	7	0.025	-7.15739636203595	4
127	8	0.025	-7.275592078557238	4
127	9	0.025	-4.745733542347662	4
128	0	0.025	-7.885958905736611	3
128	1	0.025	-7.761919346589363	3
128	2	0.025	-7.701086109522571	3
128	4	0.025	-7.845426937862634	3
128	5	0.025	-7.755507388637855	3
128	6	0.025	-7.864960753062777	3
128	7	0.025	-7.773074488738543	3
128	8	0.025	-7.845567666622879	3
128	9	0.025	-7.642353870230429	3
129	0	0.025	-7.736031788096802	2
129	1	0.025	-5.046098632584351	2
129	3	0.025	-5.218524627812777	2
129	4	0.025	-7.72851228206658	2
129	5	0.025	-7.779524018592296	2
129	6	0.025	-7.092290747114617	2
129	7	0.025	-7.664888804384385	2
129	8	0.025	-7.740444760088403	2
129	9	0.025	-7.663861819871932	2
130	0	0.025	-7.73106168781669	2
130	1	0.025	-7.621705899200677	2
130	3	0.025	-7.517859474980927	2
130	4	0.025	-7.714778908617704	2
130	5	0.025	-7.632328770653954	2
130	6	0.025	-7.686237105094903	2
130	7	0.025	-7.655670511068671	2
130	8	0.025	0.03090850525261639	2
130	9	0.025	-7.675152129390092	2
131	0	0.025	-7.796177936758267	4
131	1	0.025	-7.73929800364699	4
131	2	0.025	-7.714208215053935	4
131	3	0.025	-7.67774471411845	4
131	5	0.025	-7.728618208043942	4
131	6	0.025	-7.726468567438691	4
131	7	0.025	-7.66514598880541	4
131	8	0.025	-7.781383848269015	4
131	9	0.025	-6.588418937957731	4
132	1	0.025	-7.684544383782474	0
132	2	0.025	-6.939471125496019	0
132	3	0.025	-7.562867556842537	0
132	4	0.025	-7.760917969700002	0
132	5	0.025	-7.747599702111066	0
132	6	0.025	-7.502874321533345	0
132	7	0.025	-7.613336874910818	0
132	8	0.025	-7.7999552257823295	0
132	9	0.025	-7.61113686927577	0
133	0	0.025	-7.861095034223336	3
133	1	0.025	-7.741024988807487	3
133	2	0.025	-7.659536619603648	3
133	4	0.025	-7.8392803277415	3
133	5	0.025	-7.0136188732367675	3
133	6	0.025	-7.805929302202421	3
133	7	0.025	-7.750201693762615	3
133	8	0.025	-7.827106041014601	3
133	9	0.025	-7.789533817657775	3
134	0	0.025	-5.546824718286549	2
134	1	0.025	-6.962680290306928	2
134	3	0.025	-5.670192627484227	2
134	4	0.025	-7.037563380407273	2
134	5	0.025	-7.10484411592059	2
134	6	0.025	-3.430150544590756	2
134	7	0.025	-6.965615405268531	2
134	8	0.025	-7.064871539188639	2
134	9	0.025	-6.976294416805488	2
135	0	0.025	-7.880401161881045	3
135	1	0.025	-7.752986323632653	3
135	2	0.025	-7.6889249498289525	3
135	4	0.025	-7.864636550073544	3
135	5	0.025	-7.7457811196183695	3
135	6	0.025	-7.849649945601418	3
135	7	0.025	-7.771395929535985	3
135	8	0.025	-7.840966134956339	3
135	9	0.025	-7.807068701082844	3
136	0	0.025	-7.990614736388014	5
136	1	0.025	-7.874060403440618	5
136	2	0.025	-7.824942432660596	5
136	3	0.025	-0.9908637222175124	5
136	4	0.025	-7.94141469495544	5
136	6	0.025	-7.8797916919890225	5
136	7	0.025	-7.824648616594916	5
136	8	0.025	-0.41791333512035495	5
136	9	0.025	-7.889143753680945	5
137	0	0.025	-7.76046544577492	1
137	2	0.025	-7.5995959423962995	1
137	3	0.025	-7.579279309092449	1
137	4	0.025	-7.736797958117068	1
137	5	0.025	-7.766721463048379	1
137	6	0.025	-7.65156116313941	1
137	7	0.025	-7.648230491805264	1
137	8	0.025	-7.593103222079025	1
137	9	0.025	-7.655022353442644	1
138	0	0.025	-7.752493463457939	1
138	2	0.025	-7.633023613847147	1
138	3	0.025	-4.787676075046154	1
138	4	0.025	-7.3571361292010105	1
138	5	0.025	-7.7380973782226805	1
138	6	0.025	-7.614466701330497	1
138	7	0.025	-7.498492491225966	1
138	8	0.025	-7.744623020237948	1
138	9	0.025	-6.4713328600104125	1
139	0	0.025	-7.878662699753447	2
139	1	0.025	-5.7353846297772	2
139	3	0.025	-5.9780078659561084	2
139	4	0.025	-7.873228961943297	2
139	5	0.025	-7.912935716448057	2
139	6	0.025	-7.850439214126896	2
139	7	0.025	-7.7952301551286896	2
139	8	0.025	-7.173953282013107	2
139	9	0.025	-7.800458875174248	2
140	0	0.025	-7.798302631783793	4
140	1	0.025	-7.744232740720961	4
140	2	0.025	-7.709110650318795	4
140	3	0.025	-7.716185275237484	4
140	5	0.025	-7.862994297356605	4
140	6	0.025	-7.725352163627985	4
140	7	0.025	-6.163378806345065	4
140	8	0.025	-7.788405905381484	4
140	9	0.025	-6.975682220680791	4
141	0	0.025	-7.811073657452289	8
141	1	0.025	-7.678055665153655	8
141	2	0.025	-7.625324048360574	8
141	3	0.025	-7.63103032390918	8
141	4	0.025	-7.760633944587737	8
141	5	0.025	-7.738103122886581	8
141	6	0.025	-3.646462020415473	8
141	7	0.025	-7.698508529493431	8
141	9	0.025	-6.387116423215773	8
142	0	0.025	-7.893308612687499	2
142	1	0.025	-7.79420873464555	2
142	3	0.025	-7.2935679441321035	2
142	4	0.025	-7.878336003392729	2
142	5	0.025	-7.941031316877343	2
142	6	0.025	-6.859576366038383	2
142	7	0.025	-7.813916509965477	2
142	8	0.025	-6.861112969627403	2
142	9	0.025	-7.800681179848574	2
143	0	0.025	-7.893497935555818	2
143	1	0.025	-7.798241175867413	2
143	3	0.025	-5.069584769876003	2
143	4	0.025	-7.8730343362587725	2
143	5	0.025	-7.938091256753632	2
143	6	0.025	-7.841778909061305	2
143	7	0.025	-7.812025875942297	2
143	8	0.025	-7.88972273932637	2
143	9	0.025	-7.803084500480771	2
144	0	0.025	-7.950310632581725	6
144	1	0.025	-7.868493864198302	6
144	2	0.025	-7.786818957784845	6
144	3	0.025	-7.893533130290182	6
144	4	0.025	-7.829923520022642	6
144	5	0.025	-8.01332408396437	6
144	7	0.025	-7.834932883248831	6
144	8	0.025	-7.961663903707453	6
144	9	0.025	-7.8061559022959495	6
145	0	0.025	-7.760410969817726	8
145	1	0.025	-7.6352844101003425	8
145	2	0.025	-3.8970244389529336	8
145	3	0.025	-7.599158347352542	8
145	4	0.025	-7.723239861350145	8
145	5	0.025	-7.712844094329047	8
145	6	0.025	-5.513297679425964	8
145	7	0.025	-7.669290838473701	8
145	9	0.025	-7.689634443844685	8
146	0	0.025	-7.945719389529523	6
146	1	0.025	-7.279702837511923	6
146	2	0.025	-7.791297679497384	6
146	3	0.025	-7.799224641218892	6
146	4	0.025	-7.895470056660925	6
146	5	0.025	-2.1569704638966516	6
146	7	0.025	-7.818129249152188	6
146	8	0.025	-7.38741775524181	6
146	9	0.025	-7.8155855953080104	6
147	0	0.025	-7.762366756469125	1
147	2	0.025	-7.520822082212026	1
147	3	0.025	-7.592186076961516	1
147	4	0.025	-5.038432029238767	1
147	5	0.025	-7.606218660869703	1
147	6	0.025	-7.074162551054865	1
147	7	0.025	-6.777090072013869	1
147	8	0.025	-6.852454712239586	1
147	9	0.025	-7.658307582008871	1
148	0	0.025	-0.4828415593925348	7
149	1	0.025	-7.685443817404234	0
149	2	0.025	-7.616508619547741	0
149	3	0.025	-7.559558321608296	0
149	4	0.025	-7.769535682149859	0
149	5	0.025	-7.746974072040258	0
149	6	0.025	-7.647576873663694	0
149	7	0.025	-7.616933723927923	0
149	8	0.025	-7.80813359633751	0
149	9	0.025	-7.616547748996542	0
150	0	0.025	-6.260589380576419	6
150	1	0.025	-6.260865187611077	6
150	2	0.025	-5.54448382232898	6
150	3	0.025	-6.232580690677002	6
150	4	0.025	-1.8408451616161163	6
150	5	0.025	-3.3173615902178244	6
150	7	0.025	-6.213358953721064	6
150	8	0.025	-6.352937431453643	6
150	9	0.025	-6.175620334698545	6
1	0	0.075	-1.1311634771197943	2
1	1	0.075	-0.44187109422213333	2
1	3	0.075	4.3446975112163475	2
1	4	0.075	-1.0252343613977182	2
1	5	0.075	4.0321375695064745	2
1	6	0.075	5.500689704496505	2
1	7	0.075	0.1187509438294765	2
1	8	0.075	2.088611069248687	2
1	9	0.075	-0.9406790867640485	2
2	1	0.075	-7.664176644295298	0
2	2	0.075	-5.332569651394275	0
2	3	0.075	-7.540129049362806	0
2	4	0.075	-7.681364981077363	0
2	5	0.075	-2.2808182278249203	0
2	6	0.075	-5.946346617790976	0
2	7	0.075	-7.603135781487243	0
2	8	0.075	-2.840352007174702	0
2	9	0.075	-6.8418151526079045	0
3	0	0.075	-2.2322704101376383	4
3	1	0.075	0.3456192120767731	4
3	2	0.075	-0.8354286415012935	4
3	3	0.075	-0.11646024926019144	4
3	5	0.075	-2.1613962932657333	4
3	6	0.075	2.8306883136960033	4
3	7	0.075	1.51492472490563	4
3	8	0.075	-0.5380852927500082	4
3	9	0.075	5.007275713096473	4
4	0	0.075	7.164383026005597	8
4	1	0.075	6.737194177022086	8
4	2	0.075	6.142000081598456	8
4	3	0.075	7.905559061562844	8
4	4	0.075	6.708055591767405	8
4	5	0.075	8.103914844115883	8
4	6	0.075	7.938147075834223	8
4	7	0.075	3.091429096369778	8
4	9	0.075	7.421705727403278	8
5	0	0.075	-4.230340145752431	7
5	1	0.075	-3.4986649355547548	7
5	2	0.075	-3.086638329248085	7
5	3	0.075	1.056263891529702	7
5	4	0.075	-0.608412078075225	7
5	5	0.075	-0.16447777100556374	7
5	6	0.075	-5.307653774300048	7
5	8	0.075	-1.2594023792779314	7
5	9	0.075	1.07403638928372	7
6	0	0.075	-1.810059524948445	6
6	1	0.075	-2.013961575726671	6
6	2	0.075	3.7740117734878353	6
6	3	0.075	-0.4206686533441445	6
6	4	0.075	1.204227070492443	6
6	5	0.075	4.396674540704964	6
6	7	0.075	-1.9806642328220188	6
6	8	0.075	4.813115957459758	6
6	9	0.075	1.3684898514756596	6
7	1	0.075	-7.669274673906598	0
7	2	0.075	-1.717043695979257	0
7	3	0.075	-1.3814912580672882	0
7	4	0.075	-7.742929600824489	0
7	5	0.075	-2.1922542249396435	0
7	6	0.075	-7.633743221008287	0
7	7	0.075	-6.636186902363387	0
7	8	0.075	-7.765746641896233	0
7	9	0.075	-4.847599139488288	0
8	0	0.075	6.068300991190589	6
8	1	0.075	5.683664034714019	6
8	2	0.075	6.643763477824251	6
8	3	0.075	7.552125709048671	6
8	4	0.075	6.735729304802448	6
9	0	0.075	-0.15617934553669888	3
9	1	0.075	4.199866679639748	3
9	2	0.075	6.2931189332804465	3
9	4	0.075	4.22498190649361	3
9	5	0.075	7.407190182894496	3
9	6	0.075	-0.06445754814431921	3
9	7	0.075	-0.07076902079224713	3
9	8	0.075	7.065594064755448	3
9	9	0.075	0.30299414537906305	3
10	0	0.075	4.542848080022602	1
10	2	0.075	7.345286448526381	1
10	3	0.075	6.053154980975555	1
10	4	0.075	6.0736456195351884	1
10	5	0.075	6.893016774189904	1
10	6	0.075	5.722381576827041	1
10	7	0.075	4.921096724110409	1
10	8	0.075	6.87033482782323	1
10	9	0.075	4.702524442798004	1
11	0	0.075	6.574688528626021	8
11	1	0.075	0.9717215239756951	8
11	2	0.075	7.547198531817979	8
11	3	0.075	7.70584195027323	8
12	1	0.075	-7.6522348863661085	0
12	2	0.075	-1.4596230331109128	0
12	3	0.075	-4.3353338335490825	0
12	4	0.075	-6.382177272171511	0
12	5	0.075	-7.710372581375656	0
12	6	0.075	-5.659862785969132	0
12	7	0.075	-7.600331122908545	0
12	8	0.075	-3.0230124019155054	0
12	9	0.075	-3.1859535139192787	0
13	0	0.075	4.434995391453306	7
13	1	0.075	0.04891695931559426	7
13	2	0.075	5.515974959332225	7
13	3	0.075	5.4491248064553	7
13	4	0.075	-0.3332624262749911	7
13	5	0.075	6.30476765030052	7
13	6	0.075	-0.099932425182139	7
13	8	0.075	-0.3729572184465818	7
13	9	0.075	5.682164601008795	7
14	0	0.075	4.525231774795765	9
14	1	0.075	0.38902867793867313	9
14	2	0.075	0.0493860438077508	9
14	3	0.075	6.302886544910203	9
14	4	0.075	7.109617105448293	9
14	5	0.075	4.737602797171423	9
14	6	0.075	1.0746955689694513	9
14	7	0.075	6.281484072606487	9
14	8	0.075	7.742496815852469	9
15	0	0.075	-1.3187077840216763	8
15	1	0.075	-7.295397211181024	8
15	2	0.075	-3.583181092802111	8
15	3	0.075	-1.2061520675076816	8
15	4	0.075	-7.019759202382184	8
15	5	0.075	-0.0011333154414022517	8
15	6	0.075	-2.064758387431719	8
15	7	0.075	-5.6254154140192085	8
15	9	0.075	-0.5515332811163701	8
16	0	0.075	0.32240035586832755	4
16	1	0.075	-3.040035265971159	4
16	2	0.075	-2.691674170574622	4
16	3	0.075	-3.0259563125734674	4
16	5	0.075	-2.6801867749438957	4
16	6	0.075	3.822948237207979	4
16	7	0.075	-2.9870234201746486	4
16	8	0.075	2.850240714766066	4
16	9	0.075	-0.9046808642339647	4
17	0	0.075	-0.37042133595132	5
17	1	0.075	-7.864045521588179	5
17	2	0.075	-7.812495149880621	5
17	3	0.075	-2.5130844755266946	5
17	4	0.075	-3.866176068100404	5
17	6	0.075	-7.2771658646076345	5
17	7	0.075	-7.794450035482636	5
17	8	0.075	-6.670902894217648	5
17	9	0.075	-7.8334597395736125	5
18	0	0.075	6.6487100718787735	3
18	1	0.075	3.6611575025347833	3
18	2	0.075	0.7504217523488799	3
18	4	0.075	0.7992578961766218	3
18	5	0.075	7.153449173785438	3
18	6	0.075	4.660638261251927	3
18	7	0.075	0.03875347618432856	3
18	8	0.075	1.9875233440397668	3
18	9	0.075	5.936165036616225	3
19	0	0.075	0.4845759589308503	4
19	1	0.075	6.891742030732282	4
19	2	0.075	0.16159342406801228	4
20	1	0.075	-0.4353984258354863	0
20	2	0.075	3.6818885976424767	0
20	3	0.075	4.317916111131511	0
20	4	0.075	0.8931145370132211	0
20	5	0.075	6.558177046181349	0
20	6	0.075	1.0007403309483482	0
20	7	0.075	4.982813758689565	0
20	8	0.075	6.829111923777623	0
20	9	0.075	5.551156879244308	0
21	0	0.075	5.8859355971127565	6
21	1	0.075	1.9794965120915755	6
21	2	0.075	7.367031166357968	6
21	3	0.075	4.115065932280951	6
21	4	0.075	7.067570947820531	6
21	5	0.075	5.19093111614849	6
21	7	0.075	5.950998365599575	6
21	8	0.075	6.232856033158657	6
21	9	0.075	5.9688144327433825	6
22	0	0.075	0.8696314548402175	6
22	1	0.075	6.832426840839567	6
22	2	0.075	6.809171561140445	6
22	3	0.075	6.054541988713222	6
22	4	0.075	7.4687343542413105	6
22	5	0.075	7.123355068926	6
22	7	0.075	5.042671220115226	6
22	8	0.075	6.849841788430117	6
22	9	0.075	5.99248449126785	6
23	0	0.075	-0.6451659057543263	3
23	1	0.075	5.269218892739387	3
23	2	0.075	5.2830295475957865	3
23	4	0.075	-0.6479417285528337	3
23	5	0.075	7.12765668821698	3
23	6	0.075	-0.3727560619862944	3
23	7	0.075	3.556731473051822	3
23	8	0.075	-0.6773589746440384	3
23	9	0.075	-0.4871520914429382	3
24	1	0.075	-1.7786195284148703	0
24	2	0.075	4.597551742330908	0
24	3	0.075	1.6139151445601518	0
24	4	0.075	-1.843673498002553	0
24	5	0.075	2.303307170441818	0
24	6	0.075	5.115003904550806	0
24	7	0.075	-1.7311226130089414	0
24	8	0.075	-1.3459169188745363	0
24	9	0.075	3.2759324921404653	0
25	0	0.075	-2.4219942532365066	2
25	1	0.075	-2.6724248769535204	2
25	3	0.075	1.6244272653052585	2
25	4	0.075	-5.941842966640784	2
25	5	0.075	-5.943273654185466	2
25	6	0.075	-5.33437441874786	2
25	7	0.075	-5.8703925861135975	2
25	8	0.075	-5.154828520623046	2
25	9	0.075	-5.900458345748114	2
26	0	0.075	-7.605182191029707	3
26	1	0.075	-7.485340559989806	3
26	2	0.075	-6.487633735481819	3
26	4	0.075	-7.580541856528586	3
26	5	0.075	-2.5290481731598597	3
26	6	0.075	-7.553263007705969	3
26	7	0.075	-7.5003970298620395	3
26	8	0.075	-7.279696577971501	3
26	9	0.075	-6.488649331926529	3
27	0	0.075	5.914371539727559	6
27	1	0.075	7.758465974256717	6
27	2	0.075	7.57279055622609	6
27	3	0.075	7.8553825948269145	6
27	4	0.075	7.83532294891894	6
27	5	0.075	8.048240653326554	6
27	7	0.075	5.98428785082263	6
27	8	0.075	7.833212243087141	6
27	9	0.075	6.603533076780291	6
28	0	0.075	-5.907843479649631	6
28	1	0.075	-5.808117115574287	6
28	2	0.075	1.4691112757076996	6
28	3	0.075	-5.263960978317815	6
28	4	0.075	-0.9632924012224467	6
28	5	0.075	-1.1832840540461274	6
28	7	0.075	-5.822575941029703	6
28	8	0.075	0.32859934558010223	6
28	9	0.075	-2.6500308633228213	6
29	0	0.075	1.7967574623068765	7
29	1	0.075	-1.1551568360552271	7
29	2	0.075	3.532750057303759	7
29	3	0.075	3.847649836148745	7
29	4	0.075	2.178455822298672	7
29	5	0.075	5.04545393222583	7
29	6	0.075	3.993619416701334	7
29	8	0.075	5.866353749034756	7
29	9	0.075	2.82645392824251	7
30	0	0.075	3.481336170915265	4
30	1	0.075	2.020362767509768	4
30	2	0.075	3.439492240698434	4
30	3	0.075	0.8000780164374612	4
30	5	0.075	2.152777735659587	4
30	6	0.075	5.243026873008912	4
30	7	0.075	6.233710409470279	4
30	8	0.075	3.057123370081285	4
30	9	0.075	6.534978920146764	4
32	0	0.075	-7.8673433381114215	3
32	1	0.075	-7.744853100739543	3
32	2	0.075	-7.68154730417339	3
32	4	0.075	-7.820689100388813	3
32	5	0.075	-7.727438485843102	3
32	6	0.075	-7.840592126245647	3
32	7	0.075	-7.757389163688791	3
32	8	0.075	-7.822894652117312	3
32	9	0.075	-6.2855488863775735	3
33	0	0.075	2.2591357328529167	8
33	1	0.075	-0.7240038861205252	8
33	2	0.075	6.306604835637573	8
33	3	0.075	5.257252961161756	8
33	4	0.075	0.6602963465422339	8
33	5	0.075	4.868086894940325	8
33	6	0.075	4.51931863239404	8
33	7	0.075	-0.7116999733888614	8
33	9	0.075	3.4776802895930343	8
35	0	0.075	-7.568907540968613	5
35	1	0.075	-7.455159427036744	5
35	2	0.075	-7.398742572354288	5
35	3	0.075	-2.109445028172145	5
35	4	0.075	-7.517634035973403	5
35	6	0.075	-4.8966536249098365	5
35	7	0.075	-7.434175493190861	5
35	8	0.075	-5.6854489024604185	5
35	9	0.075	-7.000210613067519	5
36	0	0.075	-2.768558358029574	4
36	1	0.075	-5.343727303516868	4
36	2	0.075	-2.4553478598215612	4
36	3	0.075	-5.295185567055232	4
36	5	0.075	-2.947694171618928	4
36	6	0.075	0.44284763888408685	4
36	7	0.075	-5.199911195989046	4
36	8	0.075	0.7751399753999786	4
36	9	0.075	0.9624104370797513	4
37	0	0.075	5.176774054246739	2
37	1	0.075	2.6336291241298686	2
37	3	0.075	7.803624979729948	2
37	4	0.075	6.283173359827151	2
37	5	0.075	6.701031976047275	2
37	6	0.075	3.615249058655903	2
37	7	0.075	6.113627309792365	2
37	8	0.075	6.671644858989262	2
37	9	0.075	5.744937109485553	2
38	0	0.075	-7.157109627442813	5
38	1	0.075	-7.884732287875813	5
38	2	0.075	-4.728278153919753	5
38	3	0.075	-2.213169167501052	5
38	4	0.075	-7.850164118268645	5
38	6	0.075	-7.834641105158326	5
38	7	0.075	-7.736024807747667	5
38	8	0.075	-5.0646976480680905	5
38	9	0.075	-7.886445194301164	5
39	0	0.075	6.716901883598868	5
39	1	0.075	6.914506160602022	5
39	2	0.075	7.885998501305496	5
39	3	0.075	7.162770795483687	5
39	4	0.075	6.782532532549964	5
39	6	0.075	7.69772058487795	5
39	7	0.075	6.090558004595395	5
39	8	0.075	6.755462840900366	5
39	9	0.075	7.224975429104827	5
40	0	0.075	4.398002540992665	8
40	1	0.075	7.319307982956423	8
40	2	0.075	6.191553586896572	8
40	3	0.075	7.867785975262191	8
40	4	0.075	5.831762482131526	8
40	5	0.075	8.085422806180832	8
40	6	0.075	6.628984160010551	8
40	7	0.075	0.2265688468089725	8
40	9	0.075	4.818717645476198	8
41	0	0.075	-6.313604397521757	5
41	1	0.075	-7.195786615892721	5
41	2	0.075	-7.145709463442705	5
41	3	0.075	-1.1375026063556724	5
41	4	0.075	-7.069413555070682	5
41	6	0.075	-5.911311866481427	5
41	7	0.075	-7.153878452201528	5
41	8	0.075	-4.819782589429631	5
41	9	0.075	-1.6675937282082223	5
42	0	0.075	-1.2154971421113538	2
42	1	0.075	-0.5639231908021207	2
42	3	0.075	5.098157489589048	2
42	4	0.075	-1.1639678359447252	2
42	5	0.075	2.8079583208209202	2
42	6	0.075	3.247463729076507	2
42	7	0.075	-0.43820015984477567	2
42	8	0.075	5.67863724263967	2
42	9	0.075	0.49898388906864455	2
43	0	0.075	4.738633859355712	9
43	1	0.075	6.328128315115637	9
43	2	0.075	5.913877052868686	9
43	3	0.075	7.134949750087795	9
43	4	0.075	7.693069052623426	9
43	5	0.075	7.5853772066018905	9
43	6	0.075	6.730665566609534	9
43	7	0.075	4.109759177390531	9
43	8	0.075	7.235686288988864	9
44	0	0.075	6.097877081487089	2
44	1	0.075	0.07887800328836932	2
44	3	0.075	4.216334821751609	2
44	4	0.075	5.465858062561011	2
44	5	0.075	-0.2870456326445907	2
44	6	0.075	7.659457227086032	2
44	7	0.075	6.332047124462845	2
44	8	0.075	0.5730635310012385	2
44	9	0.075	1.640006741332032	2
45	0	0.075	5.278457588209879	4
45	1	0.075	0.46855837536481265	4
45	2	0.075	4.390997119139402	4
45	3	0.075	0.35958727474506846	4
45	5	0.075	6.612621143996223	4
45	6	0.075	7.4046396827834196	4
45	7	0.075	5.888842821572433	4
45	8	0.075	7.525340734568999	4
45	9	0.075	7.658818287852452	4
46	0	0.075	-7.866367387632829	2
46	1	0.075	-7.396292935010031	2
46	3	0.075	-2.5407315634353846	2
46	4	0.075	-7.850527758991097	2
46	5	0.075	-7.8779973089233115	2
46	6	0.075	-6.87260304097062	2
46	7	0.075	-7.794317342787418	2
46	8	0.075	-7.109905338712017	2
46	9	0.075	-7.796497818881558	2
47	0	0.075	-0.03874637095821767	7
47	1	0.075	4.88187264968439	7
47	2	0.075	4.034767474564049	7
47	3	0.075	7.72824015969223	7
47	4	0.075	3.074097122979968	7
47	5	0.075	6.633048025482549	7
47	6	0.075	5.270078173383299	7
47	8	0.075	7.219508618596497	7
47	9	0.075	7.268483748945203	7
48	1	0.075	-7.676804318154505	0
48	2	0.075	-7.506439466805276	0
48	3	0.075	-4.035788460045586	0
48	4	0.075	-7.560133943333694	0
48	5	0.075	-4.257740221155476	0
48	6	0.075	-4.8574220723397685	0
48	7	0.075	-7.434733843829932	0
48	8	0.075	-7.735746880164969	0
48	9	0.075	-5.779468153129923	0
49	0	0.075	-1.1927093939304991	5
49	1	0.075	3.7236702133334014	5
49	2	0.075	1.4360367670617125	5
49	3	0.075	5.778264836666759	5
49	4	0.075	1.817682438087357	5
49	6	0.075	-1.1066861451553287	5
49	7	0.075	-0.013892744301549605	5
49	8	0.075	1.153862410106388	5
49	9	0.075	4.509936020054458	5
50	0	0.075	4.634222200607577	1
50	2	0.075	5.701300360593067	1
50	3	0.075	1.839065242120072	1
50	4	0.075	5.427187436264252	1
50	5	0.075	4.957315869163285	1
50	6	0.075	4.739371457912232	1
50	7	0.075	4.17934884949139	1
50	8	0.075	6.705726555942545	1
50	9	0.075	4.878825845591119	1
51	1	0.075	-5.521194956352113	0
51	2	0.075	1.683572163925017	0
51	3	0.075	-5.359742385405564	0
51	4	0.075	-5.559655120663286	0
51	5	0.075	-2.9638006252665847	0
51	6	0.075	-2.0601896038988188	0
51	7	0.075	-3.6314325550724926	0
51	8	0.075	-3.639447233128579	0
51	9	0.075	0.002719595567977858	0
52	0	0.075	1.997442812430321	7
52	1	0.075	3.6823121203897156	7
52	2	0.075	4.442450808432947	7
52	3	0.075	5.657496902833746	7
52	4	0.075	1.0181530681091666	7
52	5	0.075	3.4771056484715155	7
52	6	0.075	1.6235806358855926	7
52	8	0.075	5.591964497382178	7
52	9	0.075	5.790390959251141	7
53	0	0.075	5.258056937655151	9
53	1	0.075	5.78316974718775	9
53	2	0.075	5.145832399242939	9
53	3	0.075	7.017426166331931	9
53	4	0.075	7.5848411942904805	9
53	5	0.075	7.69622938679402	9
53	6	0.075	7.277510514311789	9
53	7	0.075	7.446010159815098	9
53	8	0.075	7.2139908284490675	9
54	0	0.075	6.09571949712319	9
54	1	0.075	-0.006408099178748089	9
54	2	0.075	7.45968614339183	9
54	3	0.075	0.35946598024622395	9
54	4	0.075	7.577956888426281	9
54	5	0.075	6.5612653027471035	9
54	6	0.075	7.647794633114626	9
54	7	0.075	5.374637776098243	9
54	8	0.075	6.00419040930277	9
55	0	0.075	0.12929245658553462	9
55	1	0.075	-1.9389652343786292	9
55	2	0.075	-1.6062439117488354	9
55	3	0.075	-1.3218724559702564	9
55	4	0.075	4.508264714688674	9
55	5	0.075	3.8634084824462005	9
55	6	0.075	3.097251910302007	9
55	7	0.075	3.7501226892259365	9
55	8	0.075	3.7042026073410645	9
56	0	0.075	-7.189922333586975	6
56	1	0.075	-7.096877520932426	6
56	2	0.075	-5.690751326350611	6
56	3	0.075	-6.907494088182619	6
56	4	0.075	-2.2344568209278814	6
56	5	0.075	-1.0021388323112326	6
56	7	0.075	-7.064393609915663	6
56	8	0.075	-0.29860684531488385	6
56	9	0.075	-2.377685490614897	6
57	0	0.075	2.129859347655723	5
57	1	0.075	-0.9353735203340653	5
57	2	0.075	-0.29647932384370035	5
57	3	0.075	6.010654443949311	5
57	4	0.075	0.6054452219414942	5
57	6	0.075	2.6077544323119324	5
57	7	0.075	0.5235109464964086	5
57	8	0.075	1.3988952219407438	5
57	9	0.075	5.21894780108302	5
58	0	0.075	1.9650748436237075	8
58	1	0.075	-0.3660679025080377	8
58	2	0.075	4.124996991268369	8
58	3	0.075	5.63847032893758	8
58	4	0.075	4.627713564555984	8
58	5	0.075	6.6193201624411895	8
58	6	0.075	5.385043160500564	8
58	7	0.075	-0.3195678197602703	8
58	9	0.075	5.086840113265539	8
59	0	0.075	4.526899719395475	8
59	1	0.075	-1.270869031448912	8
59	2	0.075	4.9036998800632805	8
59	3	0.075	4.4223767035826045	8
59	4	0.075	5.533743446560014	8
59	5	0.075	4.286357365274627	8
59	6	0.075	5.255387410085769	8
59	7	0.075	1.0116369067959086	8
59	9	0.075	3.357445442835686	8
60	0	0.075	-3.761018380450775	6
60	1	0.075	-1.4463728849291329	6
60	2	0.075	2.8133936008549876	6
60	3	0.075	-4.5992063081414205	6
60	4	0.075	1.0676387977853505	6
60	5	0.075	0.9940685019201606	6
60	7	0.075	-4.461853100352861	6
60	8	0.075	1.5458359980994056	6
60	9	0.075	-4.696065952901875	6
61	0	0.075	-0.19501553785410589	9
61	1	0.075	0.013500795213012883	9
61	2	0.075	0.6981905405827664	9
61	3	0.075	6.744622737368989	9
61	4	0.075	3.9693293116834534	9
61	5	0.075	6.556170466904719	9
61	6	0.075	6.0521970671314875	9
61	7	0.075	5.305113624114261	9
61	8	0.075	5.072041648279682	9
62	0	0.075	5.91169941521494	9
62	1	0.075	-0.03709773011569925	9
62	2	0.075	6.863845225951379	9
62	3	0.075	0.3013169795304794	9
63	0	0.075	0.2087187418120691	5
63	1	0.075	0.0945019055769351	5
63	2	0.075	-6.329481961148748	5
63	3	0.075	-0.016676280148565894	5
63	4	0.075	-0.972932343852324	5
63	6	0.075	-6.3637929312741655	5
63	7	0.075	-1.2172050124747036	5
63	8	0.075	0.06226346642402673	5
63	9	0.075	-4.681136232030311	5
64	0	0.075	-0.4701340672806487	4
64	1	0.075	3.5721305151857696	4
64	2	0.075	1.8537473667032685	4
64	3	0.075	3.4612559224097295	4
64	5	0.075	1.5217801063105338	4
64	6	0.075	6.609332659292099	4
64	7	0.075	6.050631649116306	4
64	8	0.075	4.596818727160329	4
64	9	0.075	5.166969028317954	4
65	0	0.075	3.612803651090407	2
65	1	0.075	3.704578821451322	2
65	3	0.075	7.166892048521	2
65	4	0.075	4.565076370948242	2
65	5	0.075	5.370839461267046	2
65	6	0.075	5.095491418799971	2
65	7	0.075	5.603759926484827	2
65	8	0.075	5.948591976086945	2
65	9	0.075	3.8903777738582273	2
66	0	0.075	-7.591310080330018	6
66	1	0.075	-7.850945430725046	6
66	2	0.075	-5.1982219830354035	6
66	3	0.075	-7.874843618812252	6
66	4	0.075	-2.647182987714415	6
66	5	0.075	-1.9605424499218134	6
66	7	0.075	-7.815413016995159	6
66	8	0.075	-7.2441314598778765	6
66	9	0.075	-7.565017891655581	6
67	0	0.075	5.444567458967413	8
67	1	0.075	-2.0514685338242113	8
67	2	0.075	1.2577688850304074	8
67	3	0.075	4.61062044420965	8
67	4	0.075	-2.0595773819911947	8
67	5	0.075	-2.0803880332828335	8
67	6	0.075	-1.5735990706424088	8
67	7	0.075	-2.023292535785197	8
67	9	0.075	-1.5862907814942269	8
68	0	0.075	2.195112935525213	1
68	2	0.075	6.998463967851957	1
68	3	0.075	7.789083599359204	1
68	4	0.075	4.609502864886853	1
68	5	0.075	6.637897410730587	1
68	6	0.075	6.50755582086542	1
68	7	0.075	5.6944190305412254	1
68	8	0.075	7.665950655043356	1
68	9	0.075	5.4584279310780905	1
69	1	0.075	-2.5742332146804165	0
69	2	0.075	-0.15083529736665907	0
69	3	0.075	1.6324439362965457	0
69	4	0.075	0.5877046574619635	0
69	5	0.075	2.1328229678437003	0
69	6	0.075	0.7635858929419328	0
69	7	0.075	3.4869480904239945	0
69	8	0.075	-2.5754612429917247	0
69	9	0.075	3.4066035436221522	0
70	0	0.075	-7.885703000645655	6
70	1	0.075	-5.661245835231102	6
70	2	0.075	-4.3186807459198375	6
70	3	0.075	-6.509829034798876	6
70	4	0.075	-0.45458446062433916	6
70	5	0.075	-0.4389125285182582	6
70	7	0.075	-7.618370286813229	6
70	8	0.075	-7.787362196169303	6
70	9	0.075	-7.769839795387846	6
71	0	0.075	3.8982333719775233	9
71	1	0.075	5.647579169379031	9
71	2	0.075	6.026777614333384	9
71	3	0.075	7.8475131760815415	9
71	4	0.075	6.690824497789716	9
72	0	0.075	4.500946829197899	5
72	1	0.075	0.17152231472616103	5
72	2	0.075	0.9596941574755117	5
72	3	0.075	4.503421653357597	5
72	4	0.075	0.22483392807567715	5
72	6	0.075	-0.7791165554770509	5
72	7	0.075	2.921890864852747	5
72	8	0.075	5.509293782862486	5
72	9	0.075	4.849899998899804	5
73	0	0.075	-1.8944062100781316	5
73	1	0.075	1.9114321901185998	5
73	2	0.075	-1.2302566976816471	5
73	3	0.075	4.065129676329895	5
73	4	0.075	-1.6099625724356932	5
73	6	0.075	5.4514763477916865	5
73	7	0.075	-1.7751118023665537	5
73	8	0.075	0.7912278725178626	5
73	9	0.075	1.6489536244913297	5
74	0	0.075	-5.585203561371769	4
74	1	0.075	-4.4250631997020555	4
74	2	0.075	-6.457763810967848	4
74	3	0.075	-6.75899160689706	4
74	5	0.075	-3.75306345230804	4
74	6	0.075	-4.167139526523226	4
74	7	0.075	-0.9263043146697874	4
74	8	0.075	-1.535557107602906	4
74	9	0.075	-0.1285947144480165	4
75	0	0.075	0.7295739640148909	1
75	2	0.075	1.5197345095688148	1
75	3	0.075	5.772267340583728	1
75	4	0.075	5.791317331047562	1
75	5	0.075	6.615874019154925	1
75	6	0.075	5.239384913776393	1
75	7	0.075	5.241613343729072	1
75	8	0.075	6.421010310751912	1
75	9	0.075	5.3605661733655445	1
76	0	0.075	-5.945972648028597	6
76	1	0.075	-3.761521321246383	6
76	2	0.075	1.1546135434529927	6
76	3	0.075	-0.6843030935619003	6
76	4	0.075	-0.1711299090671131	6
76	5	0.075	-3.9631317162153565	6
76	7	0.075	-5.830691696528502	6
76	8	0.075	-2.0543604839511986	6
76	9	0.075	-5.864803978440819	6
77	0	0.075	0.38630525184688097	7
77	1	0.075	0.04766935873455653	7
77	2	0.075	7.273212688567419	7
77	3	0.075	7.422625141562734	7
77	4	0.075	5.324182628558255	7
77	5	0.075	3.1309690755133235	7
77	6	0.075	0.2590927474107935	7
77	8	0.075	6.555644567185717	7
77	9	0.075	5.991112740918816	7
78	0	0.075	6.734276780230059	5
78	1	0.075	0.41041497988174674	5
78	2	0.075	0.8113600249662014	5
78	3	0.075	6.0759157141266655	5
78	4	0.075	5.09811778027085	5
78	6	0.075	5.9159810929658025	5
78	7	0.075	-0.06279926238917857	5
78	8	0.075	-0.18074636877692185	5
78	9	0.075	3.465138334164056	5
79	0	0.075	-0.03588785533889937	2
79	1	0.075	2.970973452186279	2
79	3	0.075	7.34759109557589	2
80	0	0.075	5.249750609557122	9
80	1	0.075	6.118700306043751	9
80	2	0.075	1.12726927315738	9
80	3	0.075	7.361789512481317	9
80	4	0.075	7.519758041163919	9
80	5	0.075	6.67821964218585	9
80	6	0.075	2.543184110579732	9
80	7	0.075	6.2370245468975885	9
80	8	0.075	6.6106327039211354	9
81	1	0.075	0.47119514442952803	0
81	2	0.075	7.550730058321892	0
81	3	0.075	0.7065084214117242	0
81	4	0.075	7.105985240418297	0
81	5	0.075	6.726175849121279	0
81	6	0.075	7.987693230037222	0
81	7	0.075	2.922812720871709	0
81	8	0.075	1.0029792490295995	0
81	9	0.075	3.784787727988749	0
82	0	0.075	0.3421825987014279	6
82	1	0.075	-4.117422306159307	6
82	2	0.075	2.063464416722656	6
82	3	0.075	-4.459860522836	6
82	4	0.075	2.6104264149520757	6
82	5	0.075	-0.0733922034402528	6
82	7	0.075	-4.411816467093093	6
82	8	0.075	-3.5198538936742367	6
82	9	0.075	1.4517946992626105	6
83	0	0.075	-1.4691335392595302	4
83	1	0.075	-0.7474618815323979	4
83	2	0.075	5.172317362461255	4
83	3	0.075	-1.293426545859888	4
83	5	0.075	3.2823660580463927	4
83	6	0.075	4.028536217928423	4
83	7	0.075	3.6355528559347925	4
83	8	0.075	-0.8255089575067218	4
83	9	0.075	1.3932989885189218	4
84	0	0.075	-0.13778180792716888	4
84	1	0.075	4.620329925306656	4
84	2	0.075	1.204800111752766	4
84	3	0.075	5.177315838248352	4
84	5	0.075	3.8398932143793965	4
84	6	0.075	4.649204620701397	4
84	7	0.075	5.002988899874947	4
84	8	0.075	5.522713639131894	4
84	9	0.075	6.824054024719466	4
85	0	0.075	6.538520816293151	2
85	1	0.075	0.3952489834901199	2
85	3	0.075	7.010107060023451	2
85	4	0.075	0.04979087812771209	2
85	5	0.075	1.3523850652780192	2
85	6	0.075	0.0811973409914211	2
85	7	0.075	7.683754736182635	2
85	8	0.075	6.751908865690106	2
85	9	0.075	5.152044363493375	2
86	0	0.075	1.77576672058153	8
86	1	0.075	0.34131721137460047	8
86	2	0.075	6.565577162715404	8
86	3	0.075	7.8963216688069355	8
86	4	0.075	6.951440883592269	8
86	5	0.075	8.079266002045319	8
86	6	0.075	6.54870717417652	8
86	7	0.075	6.334904513923528	8
86	9	0.075	7.145503729700766	8
87	0	0.075	-3.3766199439259994	7
87	1	0.075	0.09860178395654554	7
87	2	0.075	-1.0297182437804961	7
87	3	0.075	3.6928487035357276	7
87	4	0.075	3.4043476498980088	7
87	5	0.075	1.8907519059458273	7
87	6	0.075	-1.313945988616631	7
87	8	0.075	1.419628990298222	7
87	9	0.075	-1.377282034608454	7
88	0	0.075	1.0379637435192484	8
88	1	0.075	1.020300349659093	8
88	2	0.075	4.11239399321372	8
88	3	0.075	3.700843064017359	8
88	4	0.075	-1.4473046893866597	8
88	5	0.075	4.457757176810398	8
88	6	0.075	3.5456063842193544	8
88	7	0.075	-1.5323221852611624	8
88	9	0.075	-0.24153609550589972	8
89	0	0.075	3.6277708002655262	3
89	1	0.075	3.090441747217476	3
89	2	0.075	2.0146467735984244	3
89	4	0.075	2.706407806319497	3
89	5	0.075	7.452990885577905	3
89	6	0.075	-0.054669922717435405	3
89	7	0.075	0.7758130424907814	3
89	8	0.075	4.864284935067564	3
89	9	0.075	4.499715405440256	3
90	1	0.075	-7.675914691958483	0
90	2	0.075	-4.037212243220573	0
90	3	0.075	-7.545173089325964	0
90	4	0.075	-7.733819724364562	0
90	5	0.075	-5.4222848725288815	0
90	6	0.075	-3.165191625744981	0
90	7	0.075	-7.234808015643561	0
90	8	0.075	-7.783702994297336	0
90	9	0.075	-1.8765200974332803	0
91	0	0.075	-2.479178667421774	9
91	1	0.075	-2.4130015616828366	9
91	2	0.075	-2.40215090610699	9
91	3	0.075	-0.1229145549583076	9
91	4	0.075	2.089632177674673	9
91	5	0.075	1.829997537786863	9
91	6	0.075	-1.307865737481724	9
91	7	0.075	-1.8690760291506439	9
91	8	0.075	-1.472544152338198	9
92	1	0.075	1.9936576935913501	0
92	2	0.075	5.804900560498868	0
92	3	0.075	4.604205690422335	0
92	4	0.075	3.691187719228008	0
92	5	0.075	7.534696971788019	0
92	6	0.075	5.450038287214698	0
92	7	0.075	4.076989167639357	0
92	8	0.075	5.4723796837332825	0
92	9	0.075	2.829769517651362	0
93	0	0.075	0.024213839530811274	1
93	2	0.075	0.6114741919628955	1
93	3	0.075	6.578504843121962	1
93	4	0.075	5.80744570267466	1
93	5	0.075	5.81460612976546	1
93	6	0.075	5.278229751058379	1
93	7	0.075	4.200110064221738	1
93	8	0.075	6.9774791809330825	1
93	9	0.075	5.069849350781157	1
94	0	0.075	0.9319469539972782	1
94	2	0.075	5.007643973218649	1
94	3	0.075	6.818078147385667	1
94	4	0.075	6.272709064209258	1
94	5	0.075	6.216760875306149	1
94	6	0.075	6.4756715957057835	1
94	7	0.075	5.766634326026902	1
94	8	0.075	6.834428501453363	1
94	9	0.075	5.9996113840529945	1
95	0	0.075	1.9360165836617385	9
95	1	0.075	3.8718805045929017	9
95	2	0.075	-0.9627434188981067	9
95	3	0.075	5.4382776401494635	9
95	4	0.075	2.4126397286268353	9
95	5	0.075	5.031680755702294	9
95	6	0.075	0.6018855034381613	9
95	7	0.075	5.287899891812644	9
95	8	0.075	-0.5699131642492894	9
96	0	0.075	-0.0572019086393349	4
96	1	0.075	5.0701911617866	4
96	2	0.075	0.6519352134243791	4
96	3	0.075	3.32016453628151	4
96	5	0.075	4.042858715585256	4
96	6	0.075	5.856239090824753	4
96	7	0.075	4.94069347661628	4
96	8	0.075	5.76806041279137	4
96	9	0.075	7.749262538378264	4
97	0	0.075	5.371691779400417	5
97	1	0.075	5.894196838112669	5
97	2	0.075	5.495144291005852	5
97	3	0.075	7.638542009335324	5
97	4	0.075	5.9851519343341915	5
97	6	0.075	5.840264193308589	5
97	7	0.075	4.773611518826461	5
97	8	0.075	5.566651953156386	5
97	9	0.075	1.4870308895884599	5
98	0	0.075	6.103505944500347	9
98	1	0.075	5.676739043404393	9
98	2	0.075	7.178171920981983	9
98	3	0.075	7.474923754488372	9
98	4	0.075	7.57798614535594	9
98	5	0.075	7.985013841650686	9
98	6	0.075	7.715090825908355	9
98	7	0.075	7.681077346077518	9
98	8	0.075	6.251265266627449	9
100	0	0.075	-3.1635965672178132	6
100	1	0.075	-1.8254682496178307	6
100	2	0.075	2.959974439891228	6
100	3	0.075	-3.272776707258757	6
100	4	0.075	1.1095296791201459	6
100	5	0.075	3.2122340536220633	6
100	7	0.075	-3.2664883342191415	6
100	8	0.075	3.692387430648025	6
100	9	0.075	1.7215385553073181	6
101	0	0.075	3.14745857002562	6
101	1	0.075	2.7044458818900297	6
101	2	0.075	3.972545818484317	6
101	3	0.075	5.90966517219835	6
101	4	0.075	5.148418157304325	6
101	5	0.075	7.569817860515817	6
101	7	0.075	-0.10670352188842475	6
101	8	0.075	7.085986460957076	6
101	9	0.075	4.3894703065611465	6
102	1	0.075	-7.139685669899569	0
102	2	0.075	0.14114161784801413	0
102	3	0.075	-7.016531459713094	0
102	4	0.075	-7.212847189771469	0
102	5	0.075	-7.01826122865772	0
102	6	0.075	-4.517079501514149	0
102	7	0.075	-7.080604000042434	0
102	8	0.075	-7.251997696186156	0
102	9	0.075	-6.470430414471617	0
103	0	0.075	-0.9417587691043231	7
103	1	0.075	-2.8894760157932646	7
103	2	0.075	-2.844747735701431	7
103	3	0.075	3.4863934317565555	7
103	4	0.075	-2.8942458643135485	7
103	5	0.075	4.5261175965424485	7
103	6	0.075	0.19598228652181104	7
103	8	0.075	-1.7632774647849627	7
103	9	0.075	3.8974876321384118	7
105	0	0.075	0.07035377270656677	8
105	1	0.075	6.157422263780985	8
105	2	0.075	7.1816577757648625	8
105	3	0.075	7.917652023515717	8
105	4	0.075	6.3183071674621285	8
105	5	0.075	5.737186646891455	8
105	6	0.075	3.06557404787683	8
105	7	0.075	7.59946315103788	8
105	9	0.075	7.225750412097449	8
106	0	0.075	6.711299784307107	4
106	1	0.075	4.016374483838	4
106	2	0.075	7.035283237313633	4
106	3	0.075	6.608982477470598	4
106	5	0.075	6.990122282351763	4
106	6	0.075	7.9392897352189955	4
106	7	0.075	4.859753368905264	4
106	8	0.075	6.687689944763957	4
106	9	0.075	6.808371977562704	4
107	0	0.075	3.5653448417010356	8
107	1	0.075	0.43257257095204954	8
107	2	0.075	5.6366022164654614	8
107	3	0.075	7.518648813611416	8
107	4	0.075	-0.0805347184393809	8
107	5	0.075	5.842764633948107	8
107	6	0.075	1.561724234520799	8
107	7	0.075	6.101643174961351	8
107	9	0.075	2.8349460496998367	8
109	0	0.075	3.3101042803446497	1
109	2	0.075	6.599486746052292	1
109	3	0.075	7.690416688724181	1
109	4	0.075	7.094233845993759	1
109	5	0.075	7.642498937542402	1
109	6	0.075	7.508702228416617	1
109	7	0.075	5.343825776269105	1
109	8	0.075	7.790977066678847	1
109	9	0.075	7.012543494548697	1
110	0	0.075	1.29822807725972	8
110	1	0.075	0.3649535337864904	8
110	2	0.075	7.485979977858458	8
110	3	0.075	6.739275737705782	8
110	4	0.075	6.530090545718664	8
111	1	0.075	3.9213801575366802	0
111	2	0.075	3.6836149953119013	0
111	3	0.075	4.40704355986448	0
111	4	0.075	4.0170197614471395	0
111	5	0.075	6.725723290847993	0
111	6	0.075	5.48524877595577	0
111	7	0.075	2.614891871166517	0
111	8	0.075	5.025375070178471	0
111	9	0.075	4.292653619650658	0
112	0	0.075	4.52493882734823	2
112	1	0.075	1.3724615167264975	2
112	3	0.075	6.64216219866808	2
112	4	0.075	1.1647869277576646	2
112	5	0.075	2.3652105630018383	2
112	6	0.075	3.2868140556102183	2
112	7	0.075	-0.2959824942215837	2
112	8	0.075	7.427868740994713	2
112	9	0.075	3.9432930971590063	2
113	0	0.075	6.540068602438796	9
113	1	0.075	7.07718253838349	9
113	2	0.075	6.675973671779933	9
113	3	0.075	7.554530179300528	9
113	4	0.075	7.658155141556243	9
113	5	0.075	7.734068368599262	9
114	0	0.075	3.5949385156314984	1
114	2	0.075	6.409380280057751	1
114	3	0.075	5.360939655156431	1
114	4	0.075	6.191802532343993	1
114	5	0.075	3.909436855670416	1
114	6	0.075	7.120552907109622	1
114	7	0.075	3.488560249403981	1
114	8	0.075	7.199507069236305	1
114	9	0.075	2.067032389259651	1
115	1	0.075	-0.38414198200810323	0
115	2	0.075	4.967142112157369	0
115	3	0.075	2.5055503451246603	0
115	4	0.075	-0.4559848030123919	0
115	5	0.075	7.200698287363192	0
115	6	0.075	1.4852760239894853	0
115	7	0.075	-0.25633863301051835	0
115	8	0.075	-0.46557210150275974	0
115	9	0.075	3.4267359894664593	0
116	0	0.075	1.1992127833215112	3
116	1	0.075	4.09338707853846	3
116	2	0.075	6.085499163892689	3
116	4	0.075	2.8768342925059494	3
116	5	0.075	7.607315466600404	3
116	6	0.075	0.27102909545039255	3
116	7	0.075	3.3310269082531225	3
116	8	0.075	4.11053264297718	3
116	9	0.075	6.264840691735581	3
117	0	0.075	-0.023903480889560295	9
117	1	0.075	3.538138219419907	9
117	2	0.075	4.880776888465733	9
117	3	0.075	7.268688865815361	9
117	4	0.075	5.605694217082421	9
117	5	0.075	5.694041225252363	9
117	6	0.075	5.706681538282274	9
117	7	0.075	5.897482380228534	9
117	8	0.075	5.577450217188793	9
118	0	0.075	4.125730714016822	7
118	1	0.075	-0.6293109145019323	7
118	2	0.075	4.438565367422481	7
118	3	0.075	5.039936320555757	7
118	4	0.075	2.413651724247876	7
118	5	0.075	5.596984876660911	7
118	6	0.075	0.6823028549517685	7
118	8	0.075	4.999896208561905	7
118	9	0.075	5.877620920577461	7
119	1	0.075	-4.52924615617162	0
119	2	0.075	-1.8347801530375285	0
119	3	0.075	-1.3722372769888143	0
119	4	0.075	-4.6002791741358555	0
119	5	0.075	-0.08526910592182964	0
119	6	0.075	0.12856152361225287	0
119	7	0.075	-4.056348533232872	0
119	8	0.075	-4.6236543938566195	0
119	9	0.075	0.5362457143131873	0
120	0	0.075	1.6177042714789336	4
120	1	0.075	-2.0117276776784108	4
120	2	0.075	-1.1014687172753699	4
120	3	0.075	-1.9266213607232887	4
120	5	0.075	-2.078563173710514	4
120	6	0.075	3.546275700378645	4
120	7	0.075	3.0591468424993895	4
120	8	0.075	-2.049897441027766	4
120	9	0.075	5.100164221486597	4
121	0	0.075	1.3783601270050212	9
121	1	0.075	0.4470590479050856	9
121	2	0.075	2.254098277084143	9
121	3	0.075	4.509145701320164	9
121	4	0.075	6.42773502218211	9
121	5	0.075	3.9300390168804435	9
121	6	0.075	5.174060577934779	9
121	7	0.075	3.766956574134216	9
121	8	0.075	4.95945578920093	9
122	0	0.075	-3.0824108164283768	6
122	1	0.075	-3.5032780191999975	6
122	2	0.075	3.7845035906456537	6
122	3	0.075	-3.47400360296905	6
122	4	0.075	-1.6819569322307217	6
122	5	0.075	-2.0045825163131767	6
122	7	0.075	-3.5077880077535397	6
122	8	0.075	3.0866466714693344	6
122	9	0.075	1.0072591391326344	6
123	0	0.075	4.774477911854574	8
123	1	0.075	3.160235243812017	8
123	2	0.075	5.002422784890472	8
123	3	0.075	7.1091575860265905	8
123	4	0.075	6.383529354218825	8
123	5	0.075	6.841790674824118	8
123	6	0.075	7.0898610943289375	8
123	7	0.075	7.786651456091924	8
123	9	0.075	7.704714428808921	8
124	0	0.075	2.339088939360222	9
124	1	0.075	5.474820413834978	9
124	2	0.075	5.949196261263303	9
124	3	0.075	7.687518416416777	9
124	4	0.075	6.857514001071455	9
124	5	0.075	7.735353542057531	9
124	6	0.075	7.159260199883655	9
124	7	0.075	7.3947717358085985	9
124	8	0.075	7.831074203223507	9
125	0	0.075	-5.835402685535746	3
125	1	0.075	-5.079701836356271	3
125	2	0.075	-5.711239566525947	3
125	4	0.075	-5.775752089132245	3
125	5	0.075	1.6256119131067719	3
125	6	0.075	-5.793200989953653	3
125	7	0.075	-0.09236545009766929	3
125	8	0.075	-5.8111134834135365	3
125	9	0.075	-1.0219903940474855	3
126	0	0.075	7.838715956764868	5
126	1	0.075	7.531054252120593	5
126	2	0.075	7.455267845738788	5
126	3	0.075	7.875420842140389	5
126	4	0.075	7.953581503684329	5
126	6	0.075	8.071505244184717	5
126	7	0.075	4.8032847641525525	5
126	8	0.075	7.703138665357353	5
126	9	0.075	7.07325157884193	5
127	0	0.075	5.079702876041986	4
127	1	0.075	5.0450150964278935	4
127	2	0.075	7.453119423249298	4
127	3	0.075	7.206497125071667	4
127	5	0.075	6.867404763134107	4
127	6	0.075	7.930618155882184	4
127	7	0.075	6.84452195553589	4
127	8	0.075	6.73138066590665	4
127	9	0.075	7.751064868637197	4
128	0	0.075	0.5468166307771068	3
128	1	0.075	1.3182044823805785	3
128	2	0.075	-0.6879619979069967	3
128	4	0.075	-1.276256173593243	3
128	5	0.075	4.90943876663636	3
128	6	0.075	-1.272203939653873	3
128	7	0.075	0.4896480769643801	3
128	8	0.075	3.7154948532741083	3
128	9	0.075	5.1128776085532355	3
129	0	0.075	5.216822748763646	2
129	1	0.075	6.765924358454771	2
129	3	0.075	6.180727426338264	2
129	4	0.075	-0.18234374107279472	2
129	5	0.075	-0.16673592254095707	2
129	6	0.075	5.655434980688879	2
129	7	0.075	-0.10997356342854013	2
129	8	0.075	5.665332198194052	2
129	9	0.075	2.7895644401362953	2
130	0	0.075	6.04322331199553	2
130	1	0.075	4.778485108693205	2
130	3	0.075	7.728540286816676	2
130	4	0.075	0.30154085679530546	2
130	5	0.075	6.904484136170307	2
130	6	0.075	0.19133474039728787	2
130	7	0.075	3.130945851296826	2
131	0	0.075	-5.732423463652401	4
131	1	0.075	-5.364606596621644	4
131	2	0.075	-5.6490354448183036	4
131	3	0.075	-5.559006806316624	4
131	5	0.075	-4.551535973888029	4
131	6	0.075	-1.7802896752480573	4
131	7	0.075	0.7523091586876106	4
131	8	0.075	-5.672869975992333	4
131	9	0.075	0.22217655875293463	4
132	1	0.075	-0.8056904442201169	0
132	2	0.075	5.263212121935062	0
132	3	0.075	-0.6594594479786803	0
132	4	0.075	-0.4613842518630619	0
132	5	0.075	1.3130569920518442	0
132	6	0.075	3.8323488537049957	0
132	7	0.075	0.965356979720658	0
132	8	0.075	1.9296162170290887	0
132	9	0.075	4.544557743887057	0
133	0	0.075	-1.4750580529413853	3
133	1	0.075	2.7111910957097667	3
133	2	0.075	4.145477652621554	3
133	4	0.075	4.17334084651671	3
133	5	0.075	5.353618933439452	3
133	6	0.075	1.787797398290224	3
133	7	0.075	-1.2462725736615423	3
133	8	0.075	-1.571800175743886	3
133	9	0.075	0.9223758838749799	3
134	0	0.075	7.08766045580177	2
134	1	0.075	-0.039616744444914934	2
134	3	0.075	7.178879845641022	2
134	4	0.075	2.681348153312924	2
134	5	0.075	3.0357126307065254	2
134	6	0.075	7.55503339032854	2
134	7	0.075	0.8013354351392189	2
134	8	0.075	1.0047275036868215	2
134	9	0.075	-0.012914316755866134	2
135	0	0.075	-3.8317575986723797	3
135	1	0.075	1.626978648119838	3
135	2	0.075	-2.5993686265302722	3
135	4	0.075	0.08359295357237753	3
135	5	0.075	3.1713478061755698	3
135	6	0.075	-3.76455201389646	3
135	7	0.075	-3.5101488688459175	3
135	8	0.075	0.9999167053709326	3
135	9	0.075	1.1172711081949411	3
136	0	0.075	5.318050038260828	5
136	1	0.075	5.110931775562854	5
136	2	0.075	7.554336414895333	5
136	3	0.075	7.8750131481063885	5
136	4	0.075	5.54252268190643	5
136	6	0.075	2.205286016843772	5
136	7	0.075	7.018612219588754	5
136	8	0.075	7.802508555125186	5
136	9	0.075	6.44186361769809	5
137	0	0.075	1.9642908295912223	1
137	2	0.075	5.318008538386569	1
137	3	0.075	4.8287447933159395	1
137	4	0.075	2.8734485091511677	1
137	5	0.075	5.653134950614612	1
137	6	0.075	5.692648274884564	1
137	7	0.075	2.9597065175145523	1
137	8	0.075	7.048597933447527	1
137	9	0.075	4.373119143616419	1
138	0	0.075	0.002962135146643953	1
138	2	0.075	5.919725285457349	1
138	3	0.075	7.133616931128425	1
138	4	0.075	7.556252368199609	1
138	5	0.075	6.319401922798736	1
138	6	0.075	6.395871155839255	1
138	7	0.075	6.261448367452581	1
138	8	0.075	6.576518068868867	1
138	9	0.075	7.687659212722572	1
139	0	0.075	-7.481904361718387	2
139	1	0.075	-0.8234376601048253	2
139	3	0.075	0.2241846044080599	2
139	4	0.075	-7.465301915580187	2
139	5	0.075	-6.285323831326903	2
139	6	0.075	-6.3354216942038	2
139	7	0.075	-4.940713840598145	2
139	8	0.075	-0.3505803737580184	2
139	9	0.075	-7.431618659457033	2
140	0	0.075	-6.109097187426278	4
140	1	0.075	-6.296648671248858	4
140	2	0.075	-6.407310177629845	4
140	3	0.075	-6.404945221898498	4
140	5	0.075	-3.9195574985004336	4
140	6	0.075	-1.072689966625644	4
140	7	0.075	0.034378162497497505	4
140	8	0.075	-1.6975425729038622	4
140	9	0.075	-0.06576159482077862	4
141	0	0.075	2.031605760292844	8
141	1	0.075	1.8608370725225456	8
141	2	0.075	6.539295638503295	8
141	3	0.075	7.2682765496773705	8
141	4	0.075	1.0346783221288358	8
141	5	0.075	3.337872192362133	8
141	6	0.075	7.531292914006809	8
141	7	0.075	0.18996361128786776	8
141	9	0.075	5.096918792490573	8
142	0	0.075	4.927076566712086	2
142	1	0.075	3.7139470025033354	2
142	3	0.075	5.713515358912699	2
142	4	0.075	-0.2270409990077259	2
142	5	0.075	4.297377068321579	2
142	6	0.075	6.205323952623173	2
142	7	0.075	3.9473508446455807	2
142	8	0.075	6.476417552463581	2
142	9	0.075	4.240896534256421	2
143	0	0.075	3.318475651981808	2
143	1	0.075	-1.093904466216288	2
143	3	0.075	4.623404242908484	2
143	4	0.075	0.594432119672532	2
143	5	0.075	-2.1973677378273346	2
143	6	0.075	3.470041300323858	2
143	7	0.075	1.2811272972694745	2
143	8	0.075	1.9676155896593162	2
143	9	0.075	-2.100152099870372	2
144	0	0.075	-3.241380546861763	6
144	1	0.075	-7.124173648509286	6
144	2	0.075	0.022030332843766386	6
144	3	0.075	-7.089968102783155	6
144	4	0.075	-0.31772599291387976	6
144	5	0.075	-6.624667299690334	6
144	7	0.075	-0.9398520385789432	6
144	8	0.075	-5.560791018115526	6
144	9	0.075	-6.911204917230246	6
145	0	0.075	4.184874561689452	8
145	1	0.075	5.294886828929328	8
145	2	0.075	7.694438349949424	8
145	3	0.075	4.456386849299006	8
145	4	0.075	0.2661327651121521	8
145	5	0.075	7.227093988029258	8
145	6	0.075	5.8710830742188636	8
145	7	0.075	0.13500679510719463	8
145	9	0.075	3.979772855000589	8
146	0	0.075	4.8815392387861785	6
146	1	0.075	5.770327907226132	6
146	2	0.075	3.7892340973945893	6
146	3	0.075	4.502379209780719	6
146	4	0.075	4.582353940108888	6
146	5	0.075	6.864983484471892	6
146	7	0.075	1.6413441125499388	6
146	8	0.075	5.499767465961717	6
146	9	0.075	3.245681636479113	6
147	0	0.075	3.344632040954354	1
147	2	0.075	7.7531673670699925	1
147	3	0.075	5.867716183338972	1
147	4	0.075	7.538029024134388	1
147	5	0.075	7.764159316227067	1
147	6	0.075	7.3861983163642275	1
147	7	0.075	6.526778662411536	1
147	8	0.075	7.802917932063044	1
147	9	0.075	6.862601075573686	1
148	0	0.075	-0.01254889500960565	7
149	1	0.075	-7.676247344918343	0
149	2	0.075	-5.5410001889742535	0
149	3	0.075	-7.509049927465493	0
149	4	0.075	-7.7614928655631985	0
149	5	0.075	-5.455093154877575	0
149	6	0.075	-7.61631735601892	0
149	7	0.075	-7.6112534147028565	0
149	8	0.075	-7.122191672762658	0
149	9	0.075	-7.351640024741133	0
150	0	0.075	7.837620153577941	6
150	1	0.075	6.144917596119276	6
150	2	0.075	7.84601892812518	6
150	3	0.075	7.758634234659424	6
150	4	0.075	7.844664232245228	6
150	5	0.075	7.923523261368297	6
150	7	0.075	7.18609385468439	6
150	8	0.075	5.270484782842902	6
150	9	0.075	6.937325685594632	6
