Img	Target_Label	Epsilon	Objective_Value	Label
1	0	0.025	-7.654283815269662	2
1	1	0.025	-7.640333707388324	2
1	3	0.025	-3.6058545630070324	2
1	4	0.025	-7.675852625475404	2
1	5	0.025	-7.7328428597649825	2
1	6	0.025	-7.540104793527465	2
1	7	0.025	-7.7555704164104355	2
1	8	0.025	-7.465833153231296	2
1	9	0.025	-7.776888127616447	2
2	1	0.025	-7.622348812293332	0
2	2	0.025	-7.549360661685159	0
2	3	0.025	-7.6418643971993765	0
2	4	0.025	-7.666368203088636	0
2	5	0.025	-7.743895278840265	0
2	6	0.025	-7.538117567702343	0
2	7	0.025	-7.684702305882338	0
2	8	0.025	-7.665153530434616	0
2	9	0.025	-7.742474670654024	0
3	0	0.025	-7.6862930449995845	4
3	1	0.025	-7.611717233788962	4
3	2	0.025	-7.62374407628273	4
3	3	0.025	-7.747814515266144	4
3	5	0.025	-7.729896090924892	4
3	6	0.025	-7.69237120597696	4
3	7	0.025	-7.749920104394734	4
3	8	0.025	-7.65705315472731	4
3	9	0.025	-5.765842975423798	4
4	0	0.025	-2.6644119653026705	8
4	1	0.025	-2.624345870678735	8
4	2	0.025	-2.4355560192057584	8
4	3	0.025	-2.4256647277852483	8
4	4	0.025	-2.684513749594878	8
4	5	0.025	-2.5972473936245053	8
4	6	0.025	-0.4090454227324371	8
4	7	0.025	-2.7457305946780255	8
4	9	0.025	-2.780981154422368	8
5	0	0.025	-7.636241789885933	7
5	1	0.025	-7.500426789422824	7
5	2	0.025	-7.496065429474481	7
5	3	0.025	-7.655672975274338	7
5	4	0.025	-7.638291265242103	7
5	5	0.025	-7.656305528520517	7
5	6	0.025	-7.654498043339772	7
5	8	0.025	-7.7088705008738865	7
5	9	0.025	-7.588272202102469	7
6	0	0.025	-7.826223698423141	6
6	1	0.025	-7.8097356817229295	6
6	2	0.025	-7.772368262920917	6
6	3	0.025	-7.857571815260411	6
6	4	0.025	-7.818365620592064	6
6	5	0.025	-7.87121866889523	6
6	7	0.025	-7.908659243015921	6
6	8	0.025	-6.504779612861996	6
6	9	0.025	-7.720951050382662	6
7	1	0.025	-7.621751654339757	0
7	2	0.025	-7.548757976500838	0
7	3	0.025	-7.640709224450337	0
7	4	0.025	-7.669503909968125	0
7	5	0.025	-7.745143682248347	0
7	6	0.025	-7.540974958108727	0
7	7	0.025	-7.6857397801002625	0
7	8	0.025	-7.672254538161024	0
7	9	0.025	-7.743067617287152	0
8	0	0.025	-7.820853520931561	6
8	1	0.025	-7.810212355710081	6
8	2	0.025	-7.77529941141685	6
8	3	0.025	-7.835567521305255	6
8	4	0.025	-7.8097877945882885	6
8	5	0.025	-7.139035589809221	6
8	7	0.025	-7.89652457187731	6
8	8	0.025	-4.810340256252356	6
8	9	0.025	-7.925077820018595	6
9	0	0.025	-4.919740068718632	3
9	1	0.025	-4.6804400337750955	3
9	2	0.025	-4.820460228940348	3
9	4	0.025	-4.951389518796944	3
9	5	0.025	-2.204867506252768	3
9	6	0.025	-4.8678172829786535	3
9	7	0.025	-4.992283499853298	3
9	8	0.025	-3.156146929237294	3
9	9	0.025	-5.034106697757259	3
10	0	0.025	-7.6664139086404015	1
10	2	0.025	-6.972552279095174	1
10	3	0.025	-7.621575392915921	1
10	4	0.025	-7.654812607495856	1
10	5	0.025	-7.700596902443359	1
10	6	0.025	-7.671482804939731	1
10	7	0.025	-6.947492591519242	1
10	8	0.025	-7.681669548922015	1
10	9	0.025	-7.748988915248203	1
11	0	0.025	-7.519538781061282	8
11	1	0.025	-7.504644816034734	8
11	2	0.025	-7.476231523462763	8
11	3	0.025	-7.521492006703581	8
11	4	0.025	-7.226714656163827	8
11	5	0.025	-7.342467504940633	8
11	6	0.025	-3.121929945288752	8
11	7	0.025	-7.58141502354999	8
11	9	0.025	-7.602240792350789	8
12	1	0.025	-7.620903035970852	0
12	2	0.025	-7.546808393002356	0
12	3	0.025	-7.638500523052432	0
12	4	0.025	-7.6680400538663775	0
12	5	0.025	-7.742697326441872	0
12	6	0.025	-7.540601284352615	0
12	7	0.025	-7.68547692701608	0
12	8	0.025	-7.670638670964571	0
12	9	0.025	-7.426683032722234	0
13	0	0.025	-7.633520631091277	7
13	1	0.025	-7.555422531841382	7
13	2	0.025	-6.820725026192947	7
13	3	0.025	-7.65032373195757	7
13	4	0.025	-7.635860041891203	7
13	5	0.025	-7.64595071541749	7
13	6	0.025	-7.655180998012557	7
13	8	0.025	-7.704544629896526	7
13	9	0.025	-7.474612023479381	7
14	0	0.025	-7.789893483749419	9
14	1	0.025	-7.718987362261642	9
14	2	0.025	-7.729366546847761	9
14	3	0.025	-7.263881120970824	9
14	4	0.025	-7.435033827103387	9
14	5	0.025	-7.809319778184837	9
14	6	0.025	-7.809880530776994	9
14	7	0.025	-7.781521062830473	9
14	8	0.025	-7.69852092470141	9
15	0	0.025	-7.719560430477608	8
15	1	0.025	-7.689279645107118	8
15	2	0.025	-7.670518162431161	8
15	3	0.025	-7.6814431489515265	8
15	4	0.025	-7.720388559095256	8
15	5	0.025	-7.769612036736659	8
15	6	0.025	-7.7071730982013875	8
15	7	0.025	-7.762628830773732	8
15	9	0.025	-2.043692462140973	8
16	0	0.025	-7.321500243442357	4
16	1	0.025	-7.518525218864067	4
16	2	0.025	-7.314963295359907	4
16	3	0.025	-7.654249241556248	4
16	5	0.025	-7.639105662143837	4
16	6	0.025	-7.552500090330998	4
16	7	0.025	-7.636968109363695	4
16	8	0.025	-4.470864284768864	4
16	9	0.025	-7.197954647214263	4
17	0	0.025	-7.428308284084791	5
17	1	0.025	-7.4156948801429365	5
17	2	0.025	-7.400026616518215	5
17	3	0.025	-6.883033309076767	5
17	4	0.025	-7.410854045656236	5
17	6	0.025	-7.322946282771015	5
17	7	0.025	-7.489676550698499	5
17	8	0.025	-7.379591854065734	5
17	9	0.025	-7.519062765391095	5
18	0	0.025	-7.929576130858591	3
18	1	0.025	-7.621644407800911	3
18	2	0.025	-7.852585911634613	3
18	4	0.025	-7.941443819720877	3
18	5	0.025	-4.9907157094704875	3
18	6	0.025	-7.889957047510827	3
18	7	0.025	-7.998603667146865	3
18	8	0.025	-7.924823720721138	3
18	9	0.025	-7.996173123633964	3
19	0	0.025	-7.526770436067372	4
19	1	0.025	-7.452451693310724	4
19	2	0.025	-7.467871878955026	4
19	3	0.025	-7.568483703151049	4
19	5	0.025	-7.549429272622775	4
19	6	0.025	-7.54942135917057	4
19	7	0.025	-6.5291691238407115	4
19	8	0.025	-7.495563423265899	4
19	9	0.025	-3.435904264238935	4
20	1	0.025	-6.127198630135701	0
20	2	0.025	-6.074482496550484	0
20	3	0.025	-6.1411262587732525	0
20	4	0.025	-6.163311916780859	0
20	5	0.025	-5.890200665862234	0
20	6	0.025	-6.048494029326209	0
20	7	0.025	-2.8927238100176513	0
20	8	0.025	-4.475565350077384	0
20	9	0.025	-4.9674967958574605	0
21	0	0.025	-7.756059334399356	6
21	1	0.025	-7.731749906796108	6
21	2	0.025	-7.684957676380514	6
21	3	0.025	-7.780833552017016	6
21	4	0.025	-7.753616495750036	6
21	5	0.025	-7.90181890541548	6
21	7	0.025	-7.643385585719442	6
21	8	0.025	-7.777538062910411	6
21	9	0.025	-7.856482508537421	6
22	0	0.025	-7.820585051989078	6
22	1	0.025	-7.797917892269957	6
22	2	0.025	-7.758875382366734	6
22	3	0.025	-7.84748812548126	6
22	4	0.025	-7.324592803161413	6
22	5	0.025	-7.847386101198698	6
22	7	0.025	-7.903945768067752	6
22	8	0.025	-7.6233003525127545	6
22	9	0.025	-7.907799797279307	6
23	0	0.025	-6.313849245700417	3
23	1	0.025	-6.1828126821169604	3
23	2	0.025	-2.238480872813778	3
23	4	0.025	-6.359837548166496	3
23	5	0.025	-0.5341858611080689	3
23	6	0.025	-6.2886962216855515	3
23	7	0.025	-6.385780924773482	3
23	8	0.025	-6.314345609649021	3
23	9	0.025	-6.441109227531328	3
24	1	0.025	-6.90781100475902	0
24	2	0.025	-6.8343001132796015	0
24	3	0.025	-6.926691554448557	0
24	4	0.025	-6.945694681400538	0
24	5	0.025	-7.015862360504333	0
24	6	0.025	-6.8157053837263355	0
24	7	0.025	-6.976943835937487	0
24	8	0.025	-6.935894010574224	0
24	9	0.025	-7.020358788536867	0
25	0	0.025	-7.685531403890051	2
25	1	0.025	-7.6643160599112345	2
25	3	0.025	-7.636503405757865	2
25	4	0.025	-7.711135521357978	2
25	5	0.025	-7.774626104637591	2
25	6	0.025	-7.6785587498528285	2
25	7	0.025	-7.8071988249131135	2
25	8	0.025	-7.704670320319409	2
25	9	0.025	-7.822182823376102	2
26	0	0.025	-7.969448982013275	3
26	1	0.025	-7.919842855286876	3
26	2	0.025	-7.878095301273343	3
26	4	0.025	-7.988934802469478	3
26	5	0.025	-8.010708280429325	3
26	6	0.025	-7.9726270553358605	3
26	7	0.025	-8.040770203057004	3
26	8	0.025	-7.95644406191676	3
26	9	0.025	-8.049679924174209	3
27	0	0.025	-7.4191607304845375	6
27	1	0.025	-7.379683599754782	6
27	2	0.025	-7.369161881303519	6
27	3	0.025	-7.418357107482057	6
27	4	0.025	-7.19829171261159	6
27	5	0.025	-1.7530563718998762	6
27	7	0.025	-7.492592671814826	6
27	8	0.025	-4.210885572796576	6
27	9	0.025	-7.52397087498619	6
28	0	0.025	-7.831499827849005	6
28	1	0.025	-7.813058386928034	6
28	2	0.025	-6.930660497636716	6
28	3	0.025	-7.863866726412163	6
28	4	0.025	-7.830141895530312	6
28	5	0.025	-7.977013783367364	6
28	7	0.025	-7.9200314925795	6
28	8	0.025	-7.850733678481444	6
28	9	0.025	-7.93853640643283	6
29	0	0.025	-7.634375029884044	7
29	1	0.025	-7.554369760300514	7
29	2	0.025	-7.490429390485125	7
29	3	0.025	-7.6526864324279975	7
29	4	0.025	-7.633019823023817	7
29	5	0.025	-7.650725174890055	7
29	6	0.025	-7.652227313520351	7
29	8	0.025	-7.678332196302861	7
29	9	0.025	-7.589570389897775	7
30	0	0.025	-7.680821674592935	4
30	1	0.025	-7.612601396536166	4
30	2	0.025	-7.616847120296678	4
30	3	0.025	-7.745935814551186	4
30	5	0.025	-7.73326479891692	4
30	6	0.025	-7.674786518480339	4
30	7	0.025	-7.609260972120378	4
30	8	0.025	-7.657489881672265	4
30	9	0.025	-6.6914775531142885	4
32	0	0.025	-7.971516436502481	3
32	1	0.025	-7.92074244430308	3
32	2	0.025	-7.877413785060223	3
32	4	0.025	-7.990162890169791	3
32	5	0.025	-8.007264246320734	3
32	6	0.025	-7.982578124978616	3
32	7	0.025	-8.038513365618044	3
32	8	0.025	-7.963537166130704	3
32	9	0.025	-8.05083353047071	3
33	0	0.025	-6.671615755084825	8
33	1	0.025	-6.648188837636452	8
33	2	0.025	-4.4480245792794255	8
33	3	0.025	-6.596756616667323	8
33	4	0.025	-6.6819539622800015	8
33	5	0.025	-6.740802195554999	8
33	6	0.025	-6.661216786761336	8
33	7	0.025	-6.750083365264605	8
33	9	0.025	-6.785071361736776	8
35	0	0.025	-7.432653406454852	5
35	1	0.025	-7.426590003457597	5
35	2	0.025	-7.411659242090577	5
35	3	0.025	-7.213883257841832	5
35	4	0.025	-7.4596208504843355	5
35	6	0.025	-7.288319959319753	5
35	7	0.025	-7.491696628878056	5
35	8	0.025	-7.365868455850596	5
35	9	0.025	-7.538175489398152	5
36	0	0.025	-7.673532027929764	4
36	1	0.025	-7.6129084953432775	4
36	2	0.025	-7.623578071873047	4
36	3	0.025	-7.74614493110834	4
36	5	0.025	-7.734317855778426	4
36	6	0.025	-7.361516218425719	4
36	7	0.025	-7.698226466586315	4
36	8	0.025	-5.552685527265953	4
36	9	0.025	-6.471784488595601	4
37	0	0.025	-7.674282170455167	2
37	1	0.025	-7.664438602302165	2
37	3	0.025	-6.331020584481838	2
37	4	0.025	-7.695290489505418	2
37	5	0.025	-7.764520910776989	2
37	6	0.025	-7.662206794383096	2
37	7	0.025	-7.790859018686841	2
37	8	0.025	-7.690785243686711	2
37	9	0.025	-7.810748669559231	2
38	0	0.025	-7.427485731165533	5
38	1	0.025	-7.421436601092888	5
38	2	0.025	-7.316207487804991	5
38	3	0.025	-7.335593967410888	5
38	4	0.025	-7.451772350265291	5
38	6	0.025	-7.321832009801792	5
38	7	0.025	-7.486825303364418	5
38	8	0.025	-7.051834939083191	5
38	9	0.025	-7.530883077619127	5
39	0	0.025	-4.576727739591313	5
39	1	0.025	-4.5490365211914385	5
39	2	0.025	-4.503413118037165	5
39	3	0.025	-4.1837396345893065	5
39	4	0.025	-0.11951609922589809	5
39	6	0.025	-0.06375654946272463	5
39	7	0.025	-4.649817360321385	5
39	8	0.025	-4.538847029370967	5
39	9	0.025	-0.6448700388772122	5
40	0	0.025	-5.786997392443859	8
40	1	0.025	-5.7566539826020575	8
40	2	0.025	-5.724965145303437	8
40	3	0.025	-5.548491109668616	8
40	4	0.025	-5.778943518524528	8
40	5	0.025	-2.060288213857107	8
40	6	0.025	-5.745131318302948	8
40	7	0.025	-5.853054435794036	8
40	9	0.025	-5.89865653520503	8
41	0	0.025	-7.432374331502096	5
41	1	0.025	-7.430212461664858	5
41	2	0.025	-7.411748399097406	5
41	3	0.025	-7.20479579679484	5
41	4	0.025	-7.464463173941732	5
41	6	0.025	-7.336544409738906	5
41	7	0.025	-7.4904228322185995	5
41	8	0.025	-7.373575181006379	5
41	9	0.025	-6.098976689340056	5
42	0	0.025	-7.648830816520129	2
42	1	0.025	-7.64030191871107	2
42	3	0.025	-1.0271725418590067	2
42	4	0.025	-7.690027636097551	2
42	5	0.025	-7.709881344460937	2
42	6	0.025	-7.6542684263366505	2
42	7	0.025	-7.741346399327448	2
42	8	0.025	-7.449277924099041	2
42	9	0.025	-7.775946790291486	2
43	0	0.025	-6.463889026328356	9
43	1	0.025	-6.394822417551228	9
43	2	0.025	-6.409096964507327	9
43	3	0.025	-6.542316318910796	9
43	4	0.025	-0.20652549676403004	9
43	5	0.025	-6.49589725176073	9
43	6	0.025	-6.468999274098974	9
43	7	0.025	-6.506014429628728	9
43	8	0.025	-6.420087171808126	9
44	0	0.025	-2.8900042886745263	2
44	1	0.025	-7.6346987135288655	2
44	3	0.025	-7.644916727175473	2
44	4	0.025	-7.374098217948656	2
44	5	0.025	-7.7376704148803785	2
44	6	0.025	-6.991586119848144	2
44	7	0.025	-7.657661420389388	2
44	8	0.025	-7.7025910160659325	2
44	9	0.025	-7.703934821543123	2
45	0	0.025	-7.6792491832613345	4
45	1	0.025	-7.61513913967414	4
45	2	0.025	-7.627033528166638	4
45	3	0.025	-7.751284262576976	4
45	5	0.025	-7.731257824015132	4
45	6	0.025	-7.6650214066444216	4
45	7	0.025	-7.7465997634759285	4
45	8	0.025	-7.634834926593189	4
45	9	0.025	-4.256856689513955	4
46	0	0.025	-7.687582814922127	2
46	1	0.025	-7.667123382700027	2
46	3	0.025	-7.648448833125291	2
46	4	0.025	-7.707880024645514	2
46	5	0.025	-7.7771490343396525	2
46	6	0.025	-7.673142010132451	2
46	7	0.025	-7.805076436322986	2
46	8	0.025	-7.7107828109193	2
46	9	0.025	-7.823528975473487	2
47	0	0.025	-7.620660852643605	7
47	1	0.025	-7.523310724111999	7
47	2	0.025	-7.472263979664629	7
47	3	0.025	-3.149489543644008	7
47	4	0.025	-7.611032120997086	7
47	5	0.025	-7.6152700803380124	7
47	6	0.025	-7.659669312291907	7
47	8	0.025	-7.651992154668262	7
47	9	0.025	-6.620464444153214	7
48	1	0.025	-7.6214938424229866	0
48	2	0.025	-7.548652643413572	0
48	3	0.025	-7.640820042896053	0
48	4	0.025	-7.669215860997761	0
48	5	0.025	-7.744628062669144	0
48	6	0.025	-7.5400325859479835	0
48	7	0.025	-7.621252752022369	0
48	8	0.025	-7.673849855843959	0
48	9	0.025	-7.740756646514574	0
49	0	0.025	-7.435953704496921	5
49	1	0.025	-7.43241570653618	5
49	2	0.025	-7.412626342399468	5
49	3	0.025	-7.163891898306234	5
49	4	0.025	-7.471543690274826	5
49	6	0.025	-7.344832588288551	5
49	7	0.025	-7.426859939966062	5
49	8	0.025	-7.3866023451683684	5
49	9	0.025	-7.530738542462125	5
50	0	0.025	-7.66585026229532	1
50	2	0.025	-7.54783158800894	1
50	3	0.025	-7.630612341229384	1
50	4	0.025	-7.369169284944753	1
50	5	0.025	-7.703405359976177	1
50	6	0.025	-7.672372670811428	1
50	7	0.025	-7.290019936245683	1
50	8	0.025	-7.6774819301409725	1
50	9	0.025	-7.73478608580868	1
51	1	0.025	-7.6209772841111185	0
51	2	0.025	-7.547667492195344	0
51	3	0.025	-7.642168834574124	0
51	4	0.025	-7.667780761700438	0
51	5	0.025	-7.745272017578405	0
51	6	0.025	-7.536549404833981	0
51	7	0.025	-7.686687031417853	0
51	8	0.025	-7.6688711088757895	0
51	9	0.025	-7.742647602634345	0
52	0	0.025	-7.633105526669651	7
52	1	0.025	-6.081263388765386	7
52	2	0.025	-7.489233044612182	7
52	3	0.025	-7.647215370788306	7
52	4	0.025	-7.634698713458817	7
52	5	0.025	-7.6393038056101705	7
52	6	0.025	-7.657058207209208	7
52	8	0.025	-7.700366135120182	7
52	9	0.025	-7.527862614909775	7
53	0	0.025	-7.792911361432565	9
53	1	0.025	-7.722691166911992	9
53	2	0.025	-7.732742872775926	9
53	3	0.025	-7.853256068337342	9
53	4	0.025	-7.534369042539193	9
53	5	0.025	-7.818620388922172	9
53	6	0.025	-7.802529086518117	9
53	7	0.025	-6.935709539921597	9
53	8	0.025	-7.7566121791613405	9
54	0	0.025	-7.619729463871286	9
54	1	0.025	-7.56168103070071	9
54	2	0.025	-3.2855645285619954	9
54	3	0.025	-7.709816450810886	9
54	4	0.025	-5.34544618226026	9
54	5	0.025	-7.656914165263415	9
54	6	0.025	-7.6228050256616235	9
54	7	0.025	-7.666625886559534	9
54	8	0.025	-7.595228289316445	9
55	0	0.025	-7.7728778667252705	9
55	1	0.025	-7.712123982129595	9
55	2	0.025	-7.717700193707383	9
55	3	0.025	-7.853992080301073	9
55	4	0.025	-7.687647768593934	9
55	5	0.025	-7.815157444692649	9
55	6	0.025	-7.776071105207334	9
55	7	0.025	-7.665403006800811	9
55	8	0.025	-6.802252913327685	9
56	0	0.025	-7.83147179529178	6
56	1	0.025	-7.81060929785575	6
56	2	0.025	-7.764852886285801	6
56	3	0.025	-7.8657226261191	6
56	4	0.025	-7.8275036448816175	6
56	5	0.025	-7.980880376011077	6
56	7	0.025	-7.919310649753201	6
56	8	0.025	-7.849293769724058	6
56	9	0.025	-7.933227863346237	6
57	0	0.025	-7.4326957480413425	5
57	1	0.025	-7.4333255217052825	5
57	2	0.025	-7.4160727218356435	5
57	3	0.025	-7.186705384414473	5
57	4	0.025	-7.462836344693862	5
57	6	0.025	-7.336118316354041	5
57	7	0.025	-7.492147451843694	5
57	8	0.025	-7.368008288893157	5
57	9	0.025	-5.250289107508253	5
58	0	0.025	-7.737985356786828	8
58	1	0.025	-7.707116406786464	8
58	2	0.025	-7.679344305470269	8
58	3	0.025	-7.679756395812098	8
58	4	0.025	-7.743688949439935	8
58	5	0.025	-7.8061728010978735	8
58	6	0.025	-7.71895934678742	8
58	7	0.025	-7.802399183475127	8
58	9	0.025	-6.348013297836542	8
59	0	0.025	-7.722110767136338	8
59	1	0.025	-7.696147192088551	8
59	2	0.025	-7.655677098709556	8
59	3	0.025	-7.666170899553127	8
59	4	0.025	-7.680191874535758	8
59	5	0.025	-7.79559486118986	8
59	6	0.025	-7.686840907747653	8
59	7	0.025	-7.789399239497604	8
59	9	0.025	-7.826171025078231	8
60	0	0.025	-7.835238021874862	6
60	1	0.025	-7.816228837250272	6
60	2	0.025	-7.773952143723171	6
60	3	0.025	-7.874780400397231	6
60	4	0.025	-7.827462913292489	6
60	5	0.025	-7.984355972043411	6
60	7	0.025	-7.9210205901190225	6
60	8	0.025	-7.842393407537324	6
60	9	0.025	-7.937758544898952	6
61	0	0.025	-7.43164594642799	9
61	1	0.025	-7.368871148203342	9
61	2	0.025	-7.375196765700877	9
61	3	0.025	-7.451106588501375	9
61	4	0.025	-7.394114661568638	9
61	5	0.025	-6.220986902891023	9
61	6	0.025	-7.419515210295351	9
61	7	0.025	-6.66551982751322	9
61	8	0.025	-7.39258456039297	9
62	0	0.025	-5.121754010653532	9
62	1	0.025	-5.209239982974807	9
62	2	0.025	-2.509891057887271	9
62	3	0.025	-5.298682480922484	9
62	4	0.025	-4.051338564828947	9
62	5	0.025	-5.332190290528865	9
62	6	0.025	-5.105718644174579	9
62	7	0.025	-5.30344798952625	9
62	8	0.025	-5.238732930786007	9
63	0	0.025	-7.4349158135599	5
63	1	0.025	-2.6679160898251197	5
63	2	0.025	-7.402140069780661	5
63	3	0.025	-7.34901130631758	5
63	4	0.025	-7.444288412652203	5
63	6	0.025	-7.344716589771571	5
63	7	0.025	-5.334931589369303	5
63	8	0.025	-7.388949588541252	5
63	9	0.025	-7.511765197678627	5
64	0	0.025	-7.683847468566432	4
64	1	0.025	-7.6103027831501295	4
64	2	0.025	-7.623992319021268	4
64	3	0.025	-7.762682671578893	4
64	5	0.025	-7.716423869003487	4
64	6	0.025	-7.693872648020569	4
64	7	0.025	-5.329151897758548	4
64	8	0.025	-7.6552894242500775	4
64	9	0.025	-5.6657191038965555	4
65	0	0.025	-7.689335043701908	2
65	1	0.025	-7.669373195860402	2
65	3	0.025	-7.611206065647102	2
65	4	0.025	-7.714563232934898	2
65	5	0.025	-7.77832619669587	2
65	6	0.025	-7.682433794928867	2
65	7	0.025	-7.804221957135406	2
65	8	0.025	-7.706576933617366	2
65	9	0.025	-7.82246723816213	2
66	0	0.025	-7.837868570896103	6
66	1	0.025	-7.8180041735996335	6
66	2	0.025	-7.775620157982181	6
66	3	0.025	-7.876107140347762	6
66	4	0.025	-7.797353588506859	6
66	5	0.025	-7.928406271903132	6
66	7	0.025	-7.925592770557953	6
66	8	0.025	-7.859071178720496	6
66	9	0.025	-7.940743486061677	6
67	0	0.025	-2.819583493436688	8
67	1	0.025	-7.693416821553616	8
67	2	0.025	-7.651624670178715	8
67	3	0.025	-6.109411138759826	8
67	4	0.025	-7.724157978955748	8
67	5	0.025	-7.768342708234096	8
67	6	0.025	-7.703614933175238	8
67	7	0.025	-7.767071476070818	8
67	9	0.025	-7.26672898572307	8
68	0	0.025	-7.66206347916634	1
68	2	0.025	-7.539064324086543	1
68	3	0.025	-4.436003853640881	1
68	4	0.025	-5.198159663815204	1
68	5	0.025	-7.680149383871432	1
68	6	0.025	-7.6737333395671605	1
68	7	0.025	-5.324003877206284	1
68	8	0.025	-6.802288327838899	1
68	9	0.025	-7.54451403351856	1
69	1	0.025	-7.3466766865657	0
69	2	0.025	-7.275281604177827	0
69	3	0.025	-7.37623663307735	0
69	4	0.025	-7.388253613516715	0
69	5	0.025	-7.467699139922412	0
69	6	0.025	-6.235145623971395	0
69	7	0.025	-5.515038051521611	0
69	8	0.025	-7.402467917473553	0
69	9	0.025	-7.423213647210643	0
70	0	0.025	-7.839029806537038	6
70	1	0.025	-7.818025980417385	6
70	2	0.025	-7.773176100094382	6
70	3	0.025	-7.874810447564941	6
70	4	0.025	-7.836313237722005	6
70	5	0.025	-7.991343948424757	6
70	7	0.025	-7.927062175585671	6
70	8	0.025	-7.863365955490355	6
70	9	0.025	-7.9440352059766814	6
71	0	0.025	-7.3915358247685505	9
71	1	0.025	-7.325083489957889	9
71	2	0.025	-7.333456692195636	9
71	3	0.025	-7.441945211921373	9
71	4	0.025	-4.05206304073393	9
71	5	0.025	-3.6936547791802625	9
71	6	0.025	-7.384821559421181	9
71	7	0.025	-6.415685314383914	9
71	8	0.025	-7.379874833639758	9
72	0	0.025	-7.429184097745485	5
72	1	0.025	-7.424617846595953	5
72	2	0.025	-7.404517439238329	5
72	3	0.025	-6.308215254941718	5
72	4	0.025	-7.468746169721643	5
72	6	0.025	-7.331908316999584	5
72	7	0.025	-7.486646463543676	5
72	8	0.025	-7.187570358338834	5
72	9	0.025	-7.154984698140644	5
73	0	0.025	-7.430524806343206	5
73	1	0.025	-7.428135069461312	5
73	2	0.025	-7.412918390395304	5
73	3	0.025	-7.20384049400662	5
73	4	0.025	-7.462297774905159	5
73	6	0.025	-7.105870078890039	5
73	7	0.025	-7.491473744960181	5
73	8	0.025	-7.364044331995278	5
73	9	0.025	-7.497319646288298	5
74	0	0.025	-7.6837714689815515	4
74	1	0.025	-7.508763053718892	4
74	2	0.025	-7.6197493381796075	4
74	3	0.025	-7.7471355265030395	4
74	5	0.025	-7.739747757307052	4
74	6	0.025	-7.6596214191614	4
74	7	0.025	-6.773979661437205	4
74	8	0.025	-7.654895513282328	4
74	9	0.025	-7.268928639093345	4
75	0	0.025	-7.669587733784302	1
75	2	0.025	-7.546774902498568	1
75	3	0.025	-7.619054852068367	1
75	4	0.025	-7.32778608954256	1
75	5	0.025	-7.706202408965264	1
75	6	0.025	-7.676106843895517	1
75	7	0.025	-7.255206926759929	1
75	8	0.025	-7.685652531703558	1
75	9	0.025	-7.741453596560095	1
76	0	0.025	-7.803981955683917	6
76	1	0.025	-7.772495159156164	6
76	2	0.025	-7.339727940715215	6
76	3	0.025	-7.796136178005908	6
76	4	0.025	-7.802484783537793	6
76	5	0.025	-7.928070424497869	6
76	7	0.025	-7.8992709203952804	6
76	8	0.025	-7.820250468508722	6
76	9	0.025	-7.928245535138168	6
77	0	0.025	-7.624048447332045	7
77	1	0.025	-7.539297588051917	7
77	2	0.025	-7.038472124946902	7
77	3	0.025	-7.584232812390723	7
77	4	0.025	-7.622871312047534	7
77	5	0.025	-7.62776756246854	7
77	6	0.025	-7.658531720544083	7
77	8	0.025	-7.674246117591083	7
77	9	0.025	-7.586966597396852	7
78	0	0.025	-7.247455653599664	5
78	1	0.025	-7.377045708829323	5
78	2	0.025	-7.357747631626011	5
78	3	0.025	-7.3017227305604155	5
78	4	0.025	-7.407170685654423	5
78	6	0.025	-7.275870656178342	5
78	7	0.025	-7.437527438186961	5
78	8	0.025	-7.330081630612842	5
78	9	0.025	-7.4137770388946995	5
79	0	0.025	-7.615206381760618	2
79	1	0.025	-7.585046531687967	2
79	3	0.025	-7.6011734472204475	2
79	4	0.025	-4.997891544586483	2
79	5	0.025	-4.312693247462597	2
79	6	0.025	-7.579033542861889	2
79	7	0.025	-5.978007809777243	2
79	8	0.025	-7.647878110362485	2
79	9	0.025	-7.655443964855872	2
80	0	0.025	-7.795452342289086	9
80	1	0.025	-7.718430729078245	9
80	2	0.025	-7.727493038633488	9
80	3	0.025	-7.856558046603577	9
80	4	0.025	-1.8913991585909615	9
80	5	0.025	-7.8028608500033565	9
80	6	0.025	-7.814146111874908	9
80	7	0.025	-6.9207614764272645	9
80	8	0.025	-7.76195303972253	9
81	1	0.025	-7.620200148736122	0
81	2	0.025	-7.336098326859256	0
81	3	0.025	-7.642963329655653	0
81	4	0.025	-7.025422890650316	0
81	5	0.025	-7.744622744136089	0
81	6	0.025	-7.534740954240779	0
81	7	0.025	-7.686796485994235	0
81	8	0.025	-7.671987410640429	0
81	9	0.025	-7.739772671970079	0
82	0	0.025	-7.8270623793129	6
82	1	0.025	-7.81047134925781	6
82	2	0.025	-7.764563001518791	6
82	3	0.025	-7.872638953157183	6
82	4	0.025	-7.294874367117431	6
82	5	0.025	-7.976626121882769	6
82	7	0.025	-7.918846185598212	6
82	8	0.025	-7.851570140728453	6
82	9	0.025	-7.930169268634883	6
83	0	0.025	-7.684173568552658	4
83	1	0.025	-7.616745814651458	4
83	2	0.025	-6.923342367304737	4
83	3	0.025	-7.750025335244464	4
83	5	0.025	-7.745211485227115	4
83	6	0.025	-7.675166938173456	4
83	7	0.025	-7.754514580055225	4
83	8	0.025	-7.655509053947043	4
83	9	0.025	-7.24922824478556	4
84	0	0.025	-7.6843886612705905	4
84	1	0.025	-7.6139064576649815	4
84	2	0.025	-7.626825923045366	4
84	3	0.025	-7.7455663365491105	4
84	5	0.025	-7.740364254880127	4
84	6	0.025	-7.682515949437918	4
84	7	0.025	-7.752709809838053	4
84	8	0.025	-7.650144241969179	4
84	9	0.025	-6.972185993948793	4
85	0	0.025	-6.824220922862669	2
85	1	0.025	-6.25492302112742	2
85	3	0.025	-6.631190662629239	2
85	4	0.025	-6.85302245346387	2
85	5	0.025	-6.856314773271778	2
85	6	0.025	-6.839984073398598	2
85	7	0.025	-1.9126932416024323	2
85	8	0.025	-6.863386424427943	2
85	9	0.025	-6.881705425892503	2
86	0	0.025	-7.204249090057561	8
86	1	0.025	-7.151071707783457	8
86	2	0.025	-7.127188042328977	8
86	3	0.025	-6.430821925636444	8
86	4	0.025	-5.29722133158695	8
86	5	0.025	-7.2551785726719515	8
86	6	0.025	-7.184858984858385	8
86	7	0.025	-7.264974212184203	8
86	9	0.025	-7.180475449706436	8
87	0	0.025	-7.635277940484609	7
87	1	0.025	-7.556254197946121	7
87	2	0.025	-7.496099618643469	7
87	3	0.025	-7.659315608722119	7
87	4	0.025	-7.635703666234832	7
87	5	0.025	-7.657735331083563	7
87	6	0.025	-7.6516883811439	7
87	8	0.025	-7.70914786368813	7
87	9	0.025	-7.586815419694736	7
88	0	0.025	-7.714267483269977	8
88	1	0.025	-7.692620241190523	8
88	2	0.025	-4.049789554643947	8
88	3	0.025	-7.668267751499746	8
88	4	0.025	-7.727128232173074	8
88	5	0.025	-7.575891973409525	8
88	6	0.025	-7.708613271256937	8
88	7	0.025	-7.788832914654296	8
88	9	0.025	-7.83577694196745	8
89	0	0.025	-7.555960903955894	3
89	1	0.025	-7.519703817735921	3
89	2	0.025	-7.484941553318753	3
89	4	0.025	-7.585438816377461	3
89	5	0.025	-5.789126298487085	3
89	6	0.025	-7.555730693428165	3
89	7	0.025	-7.621915367819261	3
89	8	0.025	-7.510399434399596	3
89	9	0.025	-5.371118725351082	3
90	1	0.025	-7.621673702657738	0
90	2	0.025	-7.548757976500838	0
90	3	0.025	-7.640291535180613	0
90	4	0.025	-7.669550495932754	0
90	5	0.025	-7.745456509383473	0
90	6	0.025	-7.540878227004615	0
90	7	0.025	-7.685939510517269	0
90	8	0.025	-7.673927441524474	0
90	9	0.025	-7.742942259839832	0
91	0	0.025	-7.793330176390058	9
91	1	0.025	-7.723091182102849	9
91	2	0.025	-7.734799548423957	9
91	3	0.025	-7.847078413825226	9
91	4	0.025	-7.753674963056721	9
91	5	0.025	-7.818827735405224	9
91	6	0.025	-7.804809597542023	9
91	7	0.025	-7.817188892578145	9
91	8	0.025	-7.761155305432576	9
92	1	0.025	-7.469256513020109	0
92	2	0.025	-7.513805474125522	0
92	3	0.025	-7.585012061572908	0
92	4	0.025	-7.620981927523652	0
92	5	0.025	-2.047315729028696	0
92	6	0.025	-7.437356999622325	0
92	7	0.025	-7.645349515444365	0
92	8	0.025	-7.306663543742464	0
92	9	0.025	-7.717292946502794	0
93	0	0.025	-7.65854597844911	1
93	2	0.025	-7.550091603296356	1
93	3	0.025	-7.148957312553071	1
93	4	0.025	-4.329957476044725	1
93	5	0.025	-7.675755830995725	1
93	6	0.025	-7.667614977407992	1
93	7	0.025	-7.011078184764602	1
93	8	0.025	-7.644670203578887	1
93	9	0.025	-6.474721826862384	1
94	0	0.025	-7.662886190510865	1
94	2	0.025	-7.54814053139172	1
94	3	0.025	-7.621167507865897	1
94	4	0.025	-2.9141590097202936	1
94	5	0.025	-7.693480430470103	1
94	6	0.025	-7.660398260343633	1
94	7	0.025	-7.4847836567599915	1
94	8	0.025	-7.676875284334029	1
94	9	0.025	-7.653316342869368	1
95	0	0.025	-5.329453550009693	9
95	1	0.025	-5.272671012520386	9
95	2	0.025	-5.261041927911458	9
95	3	0.025	-5.383218975406119	9
95	4	0.025	-5.266106151776043	9
95	5	0.025	-4.848606891526874	9
95	6	0.025	-5.33025806261631	9
95	7	0.025	-0.030219284194120205	9
95	8	0.025	-5.359168211472176	9
96	0	0.025	-7.6793382728861435	4
96	1	0.025	-6.762065804250026	4
96	2	0.025	-7.622810085895269	4
96	3	0.025	-7.751692275270534	4
96	5	0.025	-7.700419047207736	4
96	6	0.025	-7.690624665433894	4
96	7	0.025	-7.6056233847562815	4
96	8	0.025	-7.642493829034744	4
96	9	0.025	-3.0650203386665513	4
97	0	0.025	-6.45085164320134	5
97	1	0.025	-6.1589046479069705	5
97	2	0.025	-6.39628083435172	5
97	3	0.025	-4.442676542630851	5
97	4	0.025	-6.381702318917807	5
97	6	0.025	-5.502738183097146	5
97	7	0.025	-6.525438719917869	5
97	8	0.025	-6.403820544254634	5
97	9	0.025	-6.553488760247551	5
98	0	0.025	-7.773551710341589	9
98	1	0.025	-7.71101493708452	9
98	2	0.025	-7.706050613164942	9
98	3	0.025	-7.829624562546011	9
98	4	0.025	-7.1557868553969755	9
98	5	0.025	-7.720351671558215	9
98	6	0.025	-7.748167724158159	9
98	7	0.025	-3.4299085855378566	9
98	8	0.025	-7.748985577803241	9
99	0	0.025	-0.6984955456473884	7
100	0	0.025	-7.7539814263633495	6
100	1	0.025	-7.734478218598132	6
100	2	0.025	-7.68924509608319	6
100	3	0.025	-7.78906242915993	6
100	4	0.025	-7.75221200487549	6
100	5	0.025	-5.761536656397086	6
100	7	0.025	-7.839381646826243	6
100	8	0.025	-7.770999149681467	6
100	9	0.025	-7.8594446268561144	6
101	0	0.025	-7.827533666259926	6
101	1	0.025	-7.812631400664547	6
101	2	0.025	-7.77176998017273	6
101	3	0.025	-7.828981215913831	6
101	4	0.025	-7.819631452077075	6
101	5	0.025	-6.075750909275049	6
101	7	0.025	-7.905153174545442	6
101	8	0.025	-6.952602432749628	6
101	9	0.025	-7.924845111018509	6
102	1	0.025	-7.620678199370465	0
102	2	0.025	-7.546779839123724	0
102	3	0.025	-7.640919065709045	0
102	4	0.025	-7.668172482117513	0
102	5	0.025	-7.744469464944193	0
102	6	0.025	-7.5384177020148	0
102	7	0.025	-7.685641964662372	0
102	8	0.025	-7.671500849624121	0
102	9	0.025	-7.742330750220778	0
103	0	0.025	-7.638534437349505	7
103	1	0.025	-7.563321333627407	7
103	2	0.025	-7.508453489594873	7
103	3	0.025	-7.668241147059194	7
103	4	0.025	-7.64249672457829	7
103	5	0.025	-7.668474503665813	7
103	6	0.025	-7.643615227741775	7
103	8	0.025	-7.711838515731039	7
103	9	0.025	-7.548467794935976	7
104	0	0.025	-4.507189768117588	7
104	1	0.025	-4.437480059394504	7
104	2	0.025	-4.413252331502951	7
104	3	0.025	-4.52274464213286	7
104	4	0.025	-4.480199006886761	7
104	5	0.025	-4.515348238695853	7
104	6	0.025	-4.529265513437008	7
104	8	0.025	-4.230066925321104	7
104	9	0.025	1.8350451351308534	7
105	0	0.025	-7.671160478808481	8
105	1	0.025	-7.613360179103135	8
105	2	0.025	-7.568538294185093	8
105	3	0.025	-0.411062045261145	8
105	4	0.025	-7.657722049975374	8
105	5	0.025	-7.67606992826917	8
105	6	0.025	-7.705657079258423	8
105	7	0.025	-7.686314032516988	8
105	9	0.025	-7.482643882159111	8
106	0	0.025	-7.579091584197666	4
106	1	0.025	-7.600449473683737	4
106	2	0.025	-7.2010939587961	4
106	3	0.025	-7.725466975820301	4
106	5	0.025	-7.730476472040678	4
106	6	0.025	-7.618259194796657	4
106	7	0.025	-7.731229122087569	4
106	8	0.025	-7.626406019716721	4
106	9	0.025	-6.647957230321143	4
107	0	0.025	-7.649371341718286	8
107	1	0.025	-7.628447973811227	8
107	2	0.025	-1.8827871045664408	8
107	3	0.025	-7.449035111222964	8
107	4	0.025	-7.669189661025095	8
107	5	0.025	-7.659241063624085	8
107	6	0.025	-7.68739863681284	8
107	7	0.025	-0.2262519772574775	8
107	9	0.025	-7.741337002025896	8
109	0	0.025	-7.45872308870995	1
109	2	0.025	-7.346950003073489	1
109	3	0.025	-7.257897425022977	1
109	4	0.025	-3.6001892980944525	1
109	5	0.025	-7.42579137282882	1
109	6	0.025	-7.460822766781738	1
109	7	0.025	-6.594047003836673	1
109	8	0.025	-7.3934340738791935	1
109	9	0.025	-6.830308778073334	1
110	0	0.025	-7.566516464882863	8
110	1	0.025	-7.547879235272501	8
110	2	0.025	-4.1033982124224515	8
110	3	0.025	-7.5162990029041294	8
110	4	0.025	-7.5753682977489945	8
110	5	0.025	-6.572984459431001	8
110	6	0.025	-7.537474674485191	8
110	7	0.025	-7.629522628072754	8
110	9	0.025	-7.462187928585163	8
111	1	0.025	-7.619708152792231	0
111	2	0.025	-7.54795688117727	0
111	3	0.025	-7.641005382337253	0
111	4	0.025	-6.8354937237468825	0
111	5	0.025	-7.7415907900670105	0
111	6	0.025	-7.534443021144985	0
111	7	0.025	-7.683977834091711	0
111	8	0.025	-7.669545532081848	0
111	9	0.025	-7.576854063366704	0
112	0	0.025	-7.667555990205695	2
112	1	0.025	-7.655196453987627	2
112	3	0.025	-7.631702876619535	2
112	4	0.025	-7.693259771490981	2
112	5	0.025	-7.758570310904674	2
112	6	0.025	-7.646783601204817	2
112	7	0.025	-7.781113420330622	2
112	8	0.025	-6.920249100944311	2
112	9	0.025	-7.799207220887692	2
113	0	0.025	-7.602726939990087	9
113	1	0.025	-7.517818904549036	9
113	2	0.025	-7.514663046831451	9
113	3	0.025	-7.619130893629205	9
113	4	0.025	-6.927859591574227	9
113	5	0.025	-7.583298065916258	9
113	6	0.025	-7.6508100967147294	9
113	7	0.025	-2.5005790313734897	9
113	8	0.025	-7.035841943117344	9
114	0	0.025	-7.657230571644197	1
114	2	0.025	-7.545575045733343	1
114	3	0.025	-7.62186280224211	1
114	4	0.025	-7.65045381161896	1
114	5	0.025	-7.703568223873109	1
114	6	0.025	-7.646943662646468	1
114	7	0.025	-4.803939737359146	1
114	8	0.025	-7.667160327324467	1
114	9	0.025	-7.749558473649695	1
115	1	0.025	-7.620612703417062	0
115	2	0.025	-7.291713090811942	0
115	3	0.025	-7.634121423804752	0
115	4	0.025	-7.667013275632326	0
115	5	0.025	-7.742204006089993	0
115	6	0.025	-7.532919697385577	0
115	7	0.025	-7.6851450537700075	0
115	8	0.025	-7.668392292507309	0
115	9	0.025	-7.738614384307984	0
116	0	0.025	-7.960982001370559	3
116	1	0.025	-7.918760037852421	3
116	2	0.025	-7.4543501353076955	3
116	4	0.025	-7.987423088876287	3
116	5	0.025	-7.552500458027791	3
116	6	0.025	-7.958856588902263	3
116	7	0.025	-8.030054422342086	3
116	8	0.025	-7.944224450555409	3
116	9	0.025	-7.273286632859555	3
117	0	0.025	-7.7927407358036636	9
117	1	0.025	-7.721891113053773	9
117	2	0.025	-7.731528484305074	9
117	3	0.025	-7.8510158107661505	9
117	4	0.025	-7.75010951326091	9
117	5	0.025	-7.817906394788102	9
117	6	0.025	-7.800946118461199	9
117	7	0.025	-7.478356245437222	9
117	8	0.025	-7.75628086755103	9
118	0	0.025	-7.636718632722475	7
118	1	0.025	-7.558674705802793	7
118	2	0.025	-7.499543407029006	7
118	3	0.025	-7.657204741582291	7
118	4	0.025	-7.6382794427694884	7
118	5	0.025	-7.65807820884194	7
118	6	0.025	-7.6525166330075205	7
118	8	0.025	-7.709816490160775	7
118	9	0.025	-7.488684783203296	7
119	1	0.025	-7.621716875509354	0
119	2	0.025	-7.549199238036743	0
119	3	0.025	-7.640603971274349	0
119	4	0.025	-7.669719261803412	0
119	5	0.025	-7.745685092961663	0
119	6	0.025	-7.5409497921445885	0
119	7	0.025	-7.686002656951181	0
119	8	0.025	-7.673947884470986	0
119	9	0.025	-7.743032077144471	0
120	0	0.025	-7.475320843306472	4
120	1	0.025	-7.40930937925148	4
120	2	0.025	-7.418461319428577	4
120	3	0.025	-7.5490521229221255	4
120	5	0.025	-7.529790602858605	4
120	6	0.025	-7.473012183744292	4
120	7	0.025	-6.6964024857801006	4
120	8	0.025	-7.4468710176095225	4
120	9	0.025	-5.997749313009342	4
121	0	0.025	-7.793236013482279	9
121	1	0.025	-7.723788300882044	9
121	2	0.025	-7.7331587077275055	9
121	3	0.025	-7.859018008921352	9
121	4	0.025	-7.367856400652618	9
121	5	0.025	-7.825219099228892	9
121	6	0.025	-7.7952616967788835	9
121	7	0.025	-7.8220919278487475	9
121	8	0.025	-7.758229321499836	9
122	0	0.025	-6.483950624434209	6
122	1	0.025	-6.465358982719361	6
122	2	0.025	-6.420217130176351	6
122	3	0.025	-6.510229591830902	6
122	4	0.025	-6.48200521800196	6
122	5	0.025	-6.620765165666548	6
122	7	0.025	-6.564511799926873	6
122	8	0.025	-2.991228169513106	6
122	9	0.025	-6.5879242102032265	6
123	0	0.025	-0.18831776359832172	8
123	1	0.025	-0.11294592726416235	8
123	2	0.025	-0.0952417484216331	8
123	3	0.025	-0.18566603062470616	8
123	4	0.025	-0.15991709186058117	8
123	5	0.025	-0.2188244047680159	8
123	6	0.025	-0.1868925965446456	8
123	7	0.025	0.23579549795828658	8
124	0	0.025	-2.0865153259722846	9
124	1	0.025	-2.017834398581725	9
124	2	0.025	-2.0047187625265845	9
124	3	0.025	-1.8579135292910425	9
124	4	0.025	-1.9539661193429174	9
124	5	0.025	-2.104122021794872	9
124	6	0.025	-2.078197155936751	9
124	7	0.025	3.012550980963931	9
124	8	0.025	-0.34042755358248933	9
125	0	0.025	-7.946056395788607	3
125	1	0.025	-7.893819267264202	3
125	2	0.025	-7.862107425370469	3
125	4	0.025	-7.961948831369309	3
125	5	0.025	-7.966863720131897	3
125	6	0.025	-7.97248438631759	3
125	7	0.025	-7.794050751241466	3
125	8	0.025	-7.942829939521216	3
125	9	0.025	-7.387504374581016	3
126	0	0.025	-7.284041093347713	5
126	1	0.025	-6.910476750678521	5
126	2	0.025	-7.250921551538173	5
126	3	0.025	-6.928346672475045	5
126	4	0.025	-7.24051033845382	5
126	6	0.025	-7.134315153945223	5
126	7	0.025	-7.358481861818546	5
126	8	0.025	-7.233096598916049	5
126	9	0.025	-5.538323977670592	5
127	0	0.025	-6.534916645925945	4
127	1	0.025	-6.48300114245644	4
127	2	0.025	-6.484938166353304	4
127	3	0.025	-6.635222681547629	4
127	5	0.025	-6.596847919590395	4
127	6	0.025	-1.3656753795613328	4
127	7	0.025	-3.400089358680172	4
127	8	0.025	-6.528868996416092	4
127	9	0.025	-4.108447579680282	4
128	0	0.025	-7.966433024795888	3
128	1	0.025	-7.913997202188971	3
128	2	0.025	-7.70119676491252	3
128	4	0.025	-7.985348979146546	3
128	5	0.025	-8.000792395074154	3
128	6	0.025	-7.977350538099728	3
128	7	0.025	-8.03405504360358	3
128	8	0.025	-7.957671352186399	3
128	9	0.025	-7.763466549600975	3
129	0	0.025	-7.6779326277657445	2
129	1	0.025	-7.659744589262534	2
129	3	0.025	-7.636987026839774	2
129	4	0.025	-7.701453067418567	2
129	5	0.025	-7.771528200003627	2
129	6	0.025	-7.035269479014868	2
129	7	0.025	-7.794562817592821	2
129	8	0.025	-7.68652270159114	2
129	9	0.025	-7.816285260789155	2
130	0	0.025	-4.4085915315089235	2
130	1	0.025	-4.395494222271398	2
130	3	0.025	-4.176123080256166	2
130	4	0.025	-4.442520746719658	2
130	5	0.025	-4.465311748418479	2
130	6	0.025	-4.406590771153389	2
130	7	0.025	-4.379695234548469	2
130	8	0.025	1.8291022709889142	2
130	9	0.025	-4.541516325881731	2
131	0	0.025	-7.600939041017786	4
131	1	0.025	-7.532406866804493	4
131	2	0.025	-7.5447894732690255	4
131	3	0.025	-7.664121588491865	4
131	5	0.025	-7.659538838631135	4
131	6	0.025	-7.585710727553534	4
131	7	0.025	-7.3826254502804245	4
131	8	0.025	-7.566650334515157	4
131	9	0.025	-6.727935748741008	4
132	1	0.025	-7.619682887846555	0
132	2	0.025	-7.544464198541128	0
132	3	0.025	-7.643761142862364	0
132	4	0.025	-7.659663939125414	0
132	5	0.025	-7.745088976263122	0
132	6	0.025	-6.985968354136932	0
132	7	0.025	-7.6858970623274026	0
132	8	0.025	-7.670851192640282	0
132	9	0.025	-7.736479159189005	0
133	0	0.025	-7.958697394052796	3
133	1	0.025	-7.885159852519112	3
133	2	0.025	-7.456298032888751	3
133	4	0.025	-7.848786929924147	3
133	5	0.025	-6.480755771645264	3
133	6	0.025	-7.94056828050011	3
133	7	0.025	-8.031452165552688	3
133	8	0.025	-7.954367840633782	3
133	9	0.025	-8.031756228636471	3
134	0	0.025	-5.686159390567027	2
134	1	0.025	-6.824290900746893	2
134	3	0.025	-6.5136986543714395	2
134	4	0.025	-6.850196431719384	2
134	5	0.025	-6.941461437298834	2
134	6	0.025	-6.774002120911365	2
134	7	0.025	-6.942875185772348	2
134	8	0.025	-6.860605151079066	2
134	9	0.025	-6.961675224468637	2
135	0	0.025	-7.97131026756953	3
135	1	0.025	-7.920451320272777	3
135	2	0.025	-7.87053050800034	3
135	4	0.025	-7.989387722620783	3
135	5	0.025	-7.929673616529233	3
135	6	0.025	-7.978432252326146	3
135	7	0.025	-8.03924449990524	3
135	8	0.025	-7.960473053495922	3
135	9	0.025	-8.050723082332924	3
136	0	0.025	-6.574549391320239	5
136	1	0.025	-6.5421318266636455	5
136	2	0.025	-6.5146889243752915	5
136	3	0.025	-1.0732730743658645	5
136	4	0.025	-6.597734051596509	5
136	6	0.025	-6.521271815632018	5
136	7	0.025	-2.7650194655159823	5
136	8	0.025	-5.856001747023003	5
136	9	0.025	-6.653081246021961	5
137	0	0.025	-7.654219011820856	1
137	2	0.025	-7.546017955708168	1
137	3	0.025	-7.619377505955019	1
137	4	0.025	-7.657656805543087	1
137	5	0.025	-7.704306317569555	1
137	6	0.025	-7.641578834062645	1
137	7	0.025	-5.320155327889191	1
137	8	0.025	-7.553323840201771	1
137	9	0.025	-7.748748412895839	1
138	0	0.025	-7.658111521493837	1
138	2	0.025	-7.551470215137752	1
138	3	0.025	-6.437771153067214	1
138	4	0.025	-0.4600677011456556	1
138	5	0.025	-7.664098469393375	1
138	6	0.025	-7.65728486957271	1
138	7	0.025	-6.787222793301049	1
138	8	0.025	-7.65307717680731	1
138	9	0.025	-7.329593171044796	1
139	0	0.025	-7.6789894368276945	2
139	1	0.025	-7.608605287477602	2
139	3	0.025	-3.5265246635682588	2
139	4	0.025	-7.721385618501207	2
139	5	0.025	-7.757035445749425	2
139	6	0.025	-7.689528912429612	2
139	7	0.025	-7.793724378209704	2
139	8	0.025	-7.2492657514003405	2
139	9	0.025	-7.817775555382706	2
140	0	0.025	-7.683693063635666	4
140	1	0.025	-7.057547052566484	4
140	2	0.025	-7.621585211255008	4
140	3	0.025	-7.750627237482913	4
140	5	0.025	-7.730803077392701	4
140	6	0.025	-7.6621400470215	4
140	7	0.025	-4.563033045107536	4
140	8	0.025	-7.6542829086067	4
140	9	0.025	-7.155824979073376	4
141	0	0.025	-7.25566689816974	8
141	1	0.025	-7.232227607875827	8
141	2	0.025	-6.989963174767301	8
141	3	0.025	-7.2274119725789285	8
141	4	0.025	-7.262467283922796	8
141	5	0.025	-7.344452218121298	8
141	6	0.025	-6.81490005479364	8
141	7	0.025	-7.333275556810231	8
141	9	0.025	-7.363831966544334	8
142	0	0.025	-7.687043201552425	2
142	1	0.025	-7.669134306923641	2
142	3	0.025	-7.656234770642405	2
142	4	0.025	-7.7282638353434985	2
142	5	0.025	-7.776987884729365	2
142	6	0.025	-7.680776945252247	2
142	7	0.025	-7.802050576425189	2
142	8	0.025	-7.702315375057993	2
142	9	0.025	-7.826909271579396	2
143	0	0.025	-7.680368805296841	2
143	1	0.025	-7.66414510797891	2
143	3	0.025	-6.68405066684517	2
143	4	0.025	-7.70121140604621	2
143	5	0.025	-7.772540084581768	2
143	6	0.025	-7.669420618477106	2
143	7	0.025	-7.796714168229528	2
143	8	0.025	-7.697235229758068	2
143	9	0.025	-7.817852506083873	2
144	0	0.025	-7.833191579121369	6
144	1	0.025	-7.812920050554997	6
144	2	0.025	-7.770188310913487	6
144	3	0.025	-7.874359374364289	6
144	4	0.025	-7.828382119099682	6
144	5	0.025	-7.984728463137366	6
144	7	0.025	-7.921635955228177	6
144	8	0.025	-7.858473259338021	6
144	9	0.025	-7.933082257593391	6
145	0	0.025	-5.498986317580074	8
145	1	0.025	-5.487250691132675	8
145	2	0.025	1.9429231143035364	8
145	3	0.025	-5.463621104369055	8
145	4	0.025	-5.533128691401399	8
145	5	0.025	-5.557537521699236	8
145	6	0.025	-5.501821603334187	8
145	7	0.025	-5.593125612712745	8
145	9	0.025	-5.636868562946936	8
146	0	0.025	-7.373594727235075	6
146	1	0.025	-7.753777842126374	6
146	2	0.025	-7.7607098989061285	6
146	3	0.025	-7.83681428355321	6
146	4	0.025	-7.826210012385274	6
146	5	0.025	-7.5110509463817925	6
146	7	0.025	-7.912584586668308	6
146	8	0.025	-7.8372582160078865	6
146	9	0.025	-7.931886008631797	6
147	0	0.025	-7.651903442689688	1
147	2	0.025	-6.899010107011545	1
147	3	0.025	-7.614107049346377	1
147	4	0.025	-5.989370854334783	1
147	5	0.025	-7.677689829045495	1
147	6	0.025	-6.716799167120672	1
147	7	0.025	-3.59823723524712	1
147	8	0.025	-7.663184372906968	1
147	9	0.025	-7.6927029275888	1
148	0	0.025	-0.22260708095610046	7
148	1	0.025	-0.019006130254685123	7
149	1	0.025	-7.622416327221779	0
149	2	0.025	-7.551729936807104	0
149	3	0.025	-7.638963137793743	0
149	4	0.025	-7.669864869676913	0
149	5	0.025	-7.744548121393213	0
149	6	0.025	-7.540634668864133	0
149	7	0.025	-7.6840244211194335	0
149	8	0.025	-7.524059447314481	0
149	9	0.025	-7.742641623952055	0
150	0	0.025	-7.833196689152236	6
150	1	0.025	-7.814377534256491	6
150	2	0.025	-7.763258719033128	6
150	3	0.025	-7.864156560258986	6
150	4	0.025	-7.83460788007186	6
150	5	0.025	-7.9836573092266345	6
150	7	0.025	-7.922208843297469	6
150	8	0.025	-7.862719095679193	6
150	9	0.025	-7.939461569002535	6
1	0	0.075	-0.19492422541521104	2
1	1	0.075	0.30932410033777624	2
1	3	0.075	6.402811714901874	2
1	4	0.075	4.416934906452026	2
1	5	0.075	5.109214550690222	2
1	6	0.075	5.775251084006736	2
1	7	0.075	5.175241869504461	2
1	8	0.075	5.391324897962209	2
1	9	0.075	3.8316032462071843	2
2	1	0.075	-7.612636517614111	0
2	2	0.075	-6.773450622801865	0
2	3	0.075	-7.617034142965289	0
2	4	0.075	-6.852571375164565	0
2	5	0.075	-7.652204368014563	0
2	6	0.075	-7.22631235382067	0
2	7	0.075	-7.661638630229026	0
2	8	0.075	-2.9028520645430747	0
2	9	0.075	-7.64620472727875	0
3	0	0.075	-0.3673276309648328	4
3	1	0.075	2.063048427173545	4
3	2	0.075	-0.27685227809347424	4
3	3	0.075	3.7509141153252608	4
3	5	0.075	-0.36701248715398344	4
3	6	0.075	4.05790240004644	4
3	7	0.075	4.919342241333148	4
3	8	0.075	0.19942232980660088	4
3	9	0.075	6.506074588549157	4
4	0	0.075	6.6635036640746845	8
4	1	0.075	6.663679842214377	8
4	2	0.075	7.697914513423942	8
4	3	0.075	7.9929588498758575	8
4	4	0.075	6.688752484800097	8
4	5	0.075	7.667594823872823	8
4	6	0.075	7.717231110246169	8
4	7	0.075	7.355476576098305	8
4	9	0.075	6.879296565614272	8
5	0	0.075	-5.45760282173351	7
5	1	0.075	-1.4099413917992523	7
5	2	0.075	-2.3610998112760586	7
5	3	0.075	-1.3707335816665305	7
5	4	0.075	-3.401643777693201	7
5	5	0.075	-6.601639046680404	7
5	6	0.075	-7.539873765368218	7
5	8	0.075	-7.545205034295841	7
5	9	0.075	-4.129029094056712	7
6	0	0.075	2.1392431517301835	6
6	1	0.075	-0.622547804535406	6
6	2	0.075	3.5739510275842665	6
6	3	0.075	1.7755543487516179	6
6	4	0.075	2.6382524624308434	6
6	5	0.075	5.311097246225569	6
6	7	0.075	0.38720945035271437	6
6	8	0.075	5.866844047758902	6
6	9	0.075	4.961884103343263	6
7	1	0.075	-7.613769221843611	0
7	2	0.075	-7.391867329883388	0
7	3	0.075	-7.2878252871600075	0
7	4	0.075	-7.659437502577072	0
7	5	0.075	-4.398057590351372	0
7	6	0.075	-7.531064645439356	0
7	7	0.075	-7.174312201244974	0
7	8	0.075	-7.637966066422016	0
7	9	0.075	-7.412718277942905	0
8	0	0.075	3.019698559805295	6
8	1	0.075	0.8805168821659101	6
8	2	0.075	5.416725560149157	6
8	3	0.075	1.7266345680809825	6
8	4	0.075	4.825260245768926	6
8	5	0.075	7.413066038046597	6
8	7	0.075	1.4144094129575107	6
8	8	0.075	7.714992541276147	6
8	9	0.075	3.5794618731926886	6
9	0	0.075	1.2515953245383782	3
9	1	0.075	6.7342841069864114	3
9	2	0.075	7.276899963180385	3
9	4	0.075	0.5020624718314537	3
9	5	0.075	7.501292653943107	3
9	6	0.075	5.807934667111896	3
9	7	0.075	0.030922386952275754	3
9	8	0.075	7.749854156008424	3
9	9	0.075	1.6045860938558376	3
10	0	0.075	1.2068616864250212	1
10	2	0.075	7.3709790077437285	1
10	3	0.075	5.46166236082023	1
10	4	0.075	5.478027977083792	1
10	5	0.075	5.4076580471122595	1
10	6	0.075	5.8866478475515605	1
10	7	0.075	7.041980602444465	1
10	8	0.075	7.057669383350237	1
10	9	0.075	3.487994158794058	1
11	0	0.075	0.8794704281683317	8
11	1	0.075	0.08755852646651004	8
11	2	0.075	7.25053255376449	8
11	3	0.075	1.2085424457747413	8
11	4	0.075	6.655075257871275	8
11	5	0.075	7.437446933877206	8
11	6	0.075	7.8747444985128725	8
11	7	0.075	1.6290772073389437	8
11	9	0.075	7.385176739080166	8
12	1	0.075	-5.326290439506516	0
12	2	0.075	-3.2739665821396353	0
12	3	0.075	-5.9603318108826535	0
12	4	0.075	-5.499921394830006	0
12	5	0.075	-6.771759045793894	0
12	6	0.075	-2.7022826544253182	0
12	7	0.075	-6.753293006585721	0
12	8	0.075	-2.0028658715946435	0
12	9	0.075	-3.1193475439855116	0
13	0	0.075	2.9787417670625826	7
13	1	0.075	0.8256565332356748	7
13	2	0.075	4.968076418853074	7
13	3	0.075	6.26163098579891	7
13	4	0.075	-0.39491812785898256	7
13	5	0.075	5.037057807952524	7
13	6	0.075	1.4075409794058193	7
13	8	0.075	-0.3929507752889243	7
13	9	0.075	6.59518291383377	7
14	0	0.075	1.5499768286671187	9
14	1	0.075	-0.08183185774919824	9
14	2	0.075	-0.17251695959316596	9
14	3	0.075	3.968439873909835	9
14	4	0.075	5.285388807259903	9
14	5	0.075	-0.26828608349715793	9
14	6	0.075	-0.277826546924647	9
14	7	0.075	6.27277770712729	9
14	8	0.075	5.268065757702383	9
15	0	0.075	-2.0207073251354712	8
15	1	0.075	-1.980730280847255	8
15	2	0.075	3.498328933148051	8
15	3	0.075	-0.14858823359487117	8
15	4	0.075	-1.7812304653459647	8
15	5	0.075	3.1086287056458164	8
15	6	0.075	-1.790865423357542	8
15	7	0.075	3.9221090476302027	8
15	9	0.075	4.940146204027714	8
16	0	0.075	4.106020022569799	4
16	1	0.075	-0.4160501430123656	4
16	2	0.075	0.8808445004000796	4
16	3	0.075	-0.4646092706979359	4
16	5	0.075	-0.5338023708532731	4
16	6	0.075	3.5878232296216708	4
16	7	0.075	-0.5024022144505079	4
16	8	0.075	5.8794900235081995	4
16	9	0.075	0.543905847845075	4
17	0	0.075	3.666136832291906	5
17	1	0.075	-3.0264942319631722	5
17	2	0.075	-2.767202765804419	5
17	3	0.075	2.864810441708844	5
17	4	0.075	2.3832326617944593	5
17	6	0.075	1.6143802154349849	5
17	7	0.075	2.8122320557517044	5
17	8	0.075	1.2842143851213979	5
17	9	0.075	2.069522542463295	5
18	0	0.075	6.026527126876963	3
18	1	0.075	6.280765197523539	3
18	2	0.075	1.634455380247662	3
18	4	0.075	6.5384800417547755	3
18	5	0.075	7.613524889811789	3
18	6	0.075	5.370120711790815	3
18	7	0.075	4.696446514633655	3
18	8	0.075	6.310620467439164	3
18	9	0.075	7.460892045529791	3
19	0	0.075	0.23270357995669416	4
19	1	0.075	4.9907458044547415	4
19	2	0.075	0.03205140998183716	4
19	3	0.075	6.226828413419801	4
19	5	0.075	5.1624844443063616	4
19	6	0.075	-0.01467904314184683	4
19	7	0.075	5.402847579024947	4
19	8	0.075	4.897022304879865	4
19	9	0.075	7.189700425883925	4
20	1	0.075	0.8763446736235371	0
20	2	0.075	4.093270052538642	0
20	3	0.075	0.11127116766651562	0
20	4	0.075	5.440873320022603	0
20	5	0.075	6.907746643958428	0
20	6	0.075	1.1572015569078293	0
20	7	0.075	7.240333978402379	0
20	8	0.075	7.1229231652251785	0
20	9	0.075	7.629772774872391	0
21	0	0.075	5.6395309033736885	6
21	1	0.075	3.816381574739614	6
21	2	0.075	6.764618947024797	6
21	3	0.075	5.992892283290754	6
21	4	0.075	7.336040282589325	6
21	5	0.075	6.386921943484705	6
21	7	0.075	7.063783136464191	6
21	8	0.075	6.694217566534753	6
21	9	0.075	6.774901707314706	6
22	0	0.075	0.26073150106227444	6
22	1	0.075	3.3469885621668967	6
22	2	0.075	6.181666798159728	6
22	3	0.075	6.021175137314554	6
22	4	0.075	6.779890652814357	6
22	5	0.075	6.546370825628146	6
22	7	0.075	5.862844131957767	6
22	8	0.075	6.420946515465405	6
22	9	0.075	5.949961311767953	6
23	0	0.075	3.4562860317562	3
23	1	0.075	6.020990639544181	3
23	2	0.075	7.518884640354658	3
23	4	0.075	0.03404638255095096	3
23	5	0.075	7.524751426897072	3
23	6	0.075	5.072133434763621	3
23	7	0.075	3.969916837680387	3
23	8	0.075	0.17659572812264537	3
23	9	0.075	4.354407425110218	3
24	1	0.075	0.6244892262109861	0
24	2	0.075	5.036736995994525	0
24	3	0.075	3.236749286148907	0
24	4	0.075	2.3267781252277544	0
24	5	0.075	5.604740594466698	0
24	6	0.075	5.3998728062466705	0
24	7	0.075	0.21050199753554089	0
24	8	0.075	0.839918226034343	0
24	9	0.075	3.237819599942849	0
25	0	0.075	-5.95007409535737	2
25	1	0.075	-3.561701844688508	2
25	3	0.075	0.787101893171269	2
25	4	0.075	-5.973300372160859	2
25	5	0.075	-6.014825581365705	2
25	6	0.075	-4.748926502327125	2
25	7	0.075	-6.0562872038141515	2
25	8	0.075	-5.936196473751059	2
25	9	0.075	-6.0847696637478075	2
26	0	0.075	-4.506421314318109	3
26	1	0.075	-4.472791234074334	3
26	2	0.075	-3.456575698070864	3
26	4	0.075	-4.553799310643348	3
26	5	0.075	-3.6144441940851335	3
26	6	0.075	-4.508835231580942	3
26	7	0.075	-4.609587908919055	3
26	8	0.075	-4.48549166046777	3
26	9	0.075	-1.669076984985718	3
27	0	0.075	5.530592411837074	6
27	1	0.075	7.032860351998216	6
27	2	0.075	7.039101592609317	6
27	3	0.075	7.5406770840134785	6
27	4	0.075	7.645418762127674	6
27	5	0.075	7.727074075207662	6
27	7	0.075	6.5338172625166795	6
27	8	0.075	7.51848651433757	6
27	9	0.075	5.959513154056681	6
28	0	0.075	1.5407813427706782	6
28	1	0.075	-0.09051279763090785	6
28	2	0.075	5.845592320885453	6
28	3	0.075	3.4134790531395596	6
28	4	0.075	3.684169066622062	6
28	5	0.075	5.285907243274849	6
28	7	0.075	-0.7465416638539258	6
28	8	0.075	5.385365330992675	6
28	9	0.075	1.6967007938608771	6
29	0	0.075	-4.497818411114499	7
29	1	0.075	-2.8990803284219098	7
29	2	0.075	-2.627885897901288	7
29	3	0.075	-0.6383775180245815	7
29	4	0.075	-4.582463703369663	7
29	5	0.075	1.096631493084934	7
29	6	0.075	-4.5917390450364515	7
29	8	0.075	1.8039727083306	7
29	9	0.075	-0.5509552482497498	7
30	0	0.075	4.050676359673045	4
30	1	0.075	3.0638585219622763	4
30	2	0.075	5.470413613982501	4
30	3	0.075	5.3000684626816446	4
30	5	0.075	5.411852998802675	4
30	6	0.075	4.456667214125253	4
30	7	0.075	5.721717449541955	4
30	8	0.075	2.429326096239998	4
30	9	0.075	6.304213051580797	4
32	0	0.075	-7.712122824292637	3
32	1	0.075	-7.6682795210872285	3
32	2	0.075	-6.337678065316217	3
32	4	0.075	-7.729819236424609	3
32	5	0.075	-5.975629331329159	3
32	6	0.075	-7.724582213544131	3
32	7	0.075	-5.663519870178363	3
32	8	0.075	-7.6734034174438746	3
32	9	0.075	-6.0438680318115585	3
33	0	0.075	5.5422750796422235	8
33	1	0.075	3.6484812991569453	8
33	2	0.075	7.442466353348863	8
33	3	0.075	4.000609882428433	8
33	4	0.075	3.2382690552025792	8
33	5	0.075	4.326361333055278	8
33	6	0.075	1.9369079016822972	8
33	7	0.075	-0.01844029798161804	8
33	9	0.075	5.536882769026269	8
35	0	0.075	-6.349626947774511	5
35	1	0.075	-6.34037070519019	5
35	2	0.075	-6.31927479702224	5
35	3	0.075	-5.23523503318992	5
35	4	0.075	-6.362056118068046	5
35	6	0.075	-3.824403715872963	5
35	7	0.075	-6.410412917826529	5
35	8	0.075	-4.48024200212538	5
35	9	0.075	-1.5152005794128818	5
36	0	0.075	2.828930303128907	4
36	1	0.075	0.006391251666580062	4
36	2	0.075	4.746126631350415	4
36	3	0.075	-0.04049253632088976	4
36	5	0.075	5.531693081169547	4
36	6	0.075	4.3263048248986875	4
36	7	0.075	5.4489975417274366	4
36	8	0.075	6.3423007164144884	4
36	9	0.075	6.693722936541878	4
37	0	0.075	0.46621948015442094	2
37	1	0.075	-0.44922226488816563	2
37	3	0.075	5.749323681526263	2
37	4	0.075	-0.33726951652834825	2
37	5	0.075	-1.018130360778262	2
37	6	0.075	-0.8944413653443665	2
37	7	0.075	-1.0027968860214755	2
37	8	0.075	-0.15312884782942307	2
37	9	0.075	-0.9981007299852043	2
38	0	0.075	-3.2709134959284865	5
38	1	0.075	-3.252138812332184	5
38	2	0.075	0.6491837140308506	5
38	3	0.075	0.09923454398490891	5
38	4	0.075	-3.0741045306006933	5
38	6	0.075	-3.157078818235677	5
38	7	0.075	-1.700580411946941	5
38	8	0.075	3.399265486852111	5
38	9	0.075	-3.3563793612010038	5
39	0	0.075	7.663632762720155	5
39	1	0.075	7.758184632308178	5
39	2	0.075	7.804346468113552	5
39	3	0.075	8.053991605351767	5
39	4	0.075	7.78143785404605	5
39	6	0.075	8.004966177297884	5
39	7	0.075	7.738692708862757	5
39	8	0.075	7.309767407771645	5
39	9	0.075	7.847671679040589	5
40	0	0.075	0.13466093760414458	8
40	1	0.075	2.9866218638881747	8
40	2	0.075	6.386106279428283	8
40	3	0.075	7.721184374982937	8
40	4	0.075	6.062456587130709	8
41	0	0.075	-3.2795489599988192	5
41	1	0.075	-2.9541254430449344	5
41	2	0.075	-3.2622256257494353	5
41	3	0.075	-0.21686037172426295	5
41	4	0.075	-3.200180148389275	5
41	6	0.075	-3.0169690118473667	5
41	7	0.075	-1.2133768340019795	5
41	8	0.075	-1.0249547282047011	5
41	9	0.075	2.514230027121732	5
42	0	0.075	-4.887513192671516	2
42	1	0.075	-4.306181212697033	2
42	3	0.075	2.7746761949061454	2
42	4	0.075	-4.905306606766896	2
42	5	0.075	-3.8137579745401937	2
42	6	0.075	-4.891774869900832	2
42	7	0.075	-2.2647317325556795	2
42	8	0.075	1.6721079565335373	2
42	9	0.075	-0.42220211154513304	2
43	0	0.075	4.6973970358604324	9
43	1	0.075	5.599593538950709	9
43	2	0.075	5.271229034536543	9
43	3	0.075	7.172124651959618	9
44	0	0.075	6.459909756562738	2
44	1	0.075	1.8778956257573285	2
44	3	0.075	4.797107803427073	2
44	4	0.075	5.253052110058546	2
44	5	0.075	0.9325529076252314	2
44	6	0.075	7.17411170230874	2
44	7	0.075	5.030130520692164	2
44	8	0.075	-0.4063007869538089	2
44	9	0.075	4.530121613879743	2
45	0	0.075	3.4638868486560135	4
45	1	0.075	0.07309374545895297	4
45	2	0.075	5.802817969978762	4
45	3	0.075	0.02643593917125938	4
45	5	0.075	5.229028901611312	4
45	6	0.075	3.3671836795875416	4
45	7	0.075	5.470600842546235	4
45	8	0.075	6.566485238430305	4
45	9	0.075	7.4528726310888045	4
46	0	0.075	-7.661428493961732	2
46	1	0.075	-7.614380359931679	2
46	3	0.075	-2.2320065568708434	2
46	4	0.075	-7.680984197782825	2
46	5	0.075	-7.743895229011701	2
46	6	0.075	-6.828973007411904	2
46	7	0.075	-7.770369369783736	2
46	8	0.075	-6.821185784238774	2
46	9	0.075	-7.8022481794546845	2
47	0	0.075	0.1159989760812392	7
47	1	0.075	4.379036220114511	7
47	2	0.075	6.932834869892886	7
47	3	0.075	7.766686785548634	7
47	4	0.075	4.2395485232374055	7
47	5	0.075	6.116317061304794	7
47	6	0.075	1.3555934591626	7
47	8	0.075	5.439407397372776	7
47	9	0.075	7.66652106248167	7
48	1	0.075	-7.619548432410569	0
48	2	0.075	-7.526030464093471	0
48	3	0.075	-7.50636110835719	0
48	4	0.075	-7.663769559176132	0
48	5	0.075	-7.727311086489626	0
48	6	0.075	-7.436176777155616	0
48	7	0.075	-3.69888510230452	0
48	8	0.075	-7.667422233088433	0
48	9	0.075	-7.585847559736861	0
49	0	0.075	-3.0624265073568453	5
49	1	0.075	-2.697662406124597	5
49	2	0.075	-2.7972575489381355	5
49	3	0.075	2.3337887204620977	5
49	4	0.075	-3.088712850742419	5
49	6	0.075	-2.967635570057221	5
49	7	0.075	0.44369437264960054	5
49	8	0.075	-1.0805395563830873	5
49	9	0.075	2.2906991931580167	5
50	0	0.075	3.2842853195950683	1
50	2	0.075	6.1505007321604035	1
50	3	0.075	5.156567328735915	1
50	4	0.075	5.566370391358091	1
50	5	0.075	1.435828841343357	1
50	6	0.075	3.929434137086005	1
50	7	0.075	6.098507189450883	1
50	8	0.075	5.829893484998704	1
50	9	0.075	4.81856668156125	1
51	1	0.075	-7.6063212122567325	0
51	2	0.075	-5.660126075737435	0
51	3	0.075	-7.611212221794769	0
51	4	0.075	-7.024972991867307	0
51	5	0.075	-7.632767986277312	0
51	6	0.075	-7.521749346937151	0
51	7	0.075	-7.674983658187487	0
51	8	0.075	-7.621887803857772	0
51	9	0.075	-7.350387608525536	0
52	0	0.075	-2.8219784803164334	7
52	1	0.075	1.929344006514598	7
52	2	0.075	2.6207597243121192	7
52	3	0.075	3.2443438770939954	7
52	4	0.075	-2.3701797885735822	7
52	5	0.075	-1.8694567162601663	7
52	6	0.075	-2.3953426651861216	7
52	8	0.075	-1.4150169461112632	7
52	9	0.075	3.18578461063356	7
53	0	0.075	0.012500772215648033	9
53	1	0.075	2.727280686349257	9
53	2	0.075	4.801599983955672	9
53	3	0.075	4.0155803391176335	9
53	4	0.075	7.392289533442716	9
53	5	0.075	5.531774505487958	9
53	6	0.075	4.831288572480833	9
53	7	0.075	7.522745838219881	9
53	8	0.075	5.4446709575992065	9
54	0	0.075	4.538697540422819	9
54	1	0.075	0.13057352644054498	9
54	2	0.075	7.562720033595166	9
54	3	0.075	0.8672814488470236	9
54	4	0.075	7.535547760813155	9
54	5	0.075	6.104003215913944	9
54	6	0.075	5.358440848036755	9
54	7	0.075	6.274677342367457	9
54	8	0.075	5.57062990676143	9
55	0	0.075	-0.06797354565681814	9
55	1	0.075	-1.1396826353617977	9
55	2	0.075	3.822242652285738	9
55	3	0.075	-0.9362150842836181	9
55	4	0.075	4.804647827062504	9
55	5	0.075	-0.36043792136022584	9
55	6	0.075	-1.1418061831012283	9
55	7	0.075	3.9938642604574364	9
55	8	0.075	3.339905341790301	9
56	0	0.075	-2.069094532467247	6
56	1	0.075	-2.086248449849106	6
56	2	0.075	-0.8907721654919217	6
56	3	0.075	0.8769046599903905	6
56	4	0.075	1.9200855811277038	6
56	5	0.075	-1.8978414698193284	6
56	7	0.075	-0.7741105357835598	6
56	8	0.075	3.136496292043669	6
56	9	0.075	0.0008174399517794239	6
57	0	0.075	1.0470101591958345	5
57	1	0.075	0.14716621623375373	5
57	2	0.075	1.6117329553838418	5
57	3	0.075	7.039343565509097	5
57	4	0.075	5.064126639547185	5
57	6	0.075	0.7175486903685833	5
57	7	0.075	4.651285946910341	5
57	8	0.075	5.875825903984435	5
57	9	0.075	7.174443834569712	5
58	0	0.075	-0.10000193726984699	8
58	1	0.075	-1.0468017000370324	8
58	2	0.075	1.2775323266944636	8
58	3	0.075	5.605160044401782	8
58	4	0.075	0.8349078645042383	8
58	5	0.075	1.789469192005046	8
58	6	0.075	-0.15797701045439655	8
58	7	0.075	-1.206879640437936	8
58	9	0.075	4.688887091787825	8
59	0	0.075	3.749726505649149	8
59	1	0.075	-0.41454916741761544	8
59	2	0.075	5.633557651748254	8
59	3	0.075	4.466871300706516	8
59	4	0.075	5.1354648759582116	8
59	5	0.075	5.137341441464163	8
59	6	0.075	4.586961333226641	8
59	7	0.075	0.39609551438081625	8
59	9	0.075	3.5726077500652376	8
60	0	0.075	-0.7163246638927129	6
60	1	0.075	-2.1124676317318793	6
60	2	0.075	3.602885111305131	6
60	3	0.075	-2.6133500163980274	6
60	4	0.075	3.2560971244845596	6
60	5	0.075	1.8389788952830355	6
60	7	0.075	-2.369996654736291	6
60	8	0.075	2.8421074102764536	6
60	9	0.075	-2.6796727710332333	6
61	0	0.075	4.800832012208314	9
61	1	0.075	1.8795230997165537	9
61	2	0.075	3.9309060375734597	9
61	3	0.075	6.861863568457406	9
61	4	0.075	6.282819803780005	9
61	5	0.075	7.421503297573417	9
61	6	0.075	5.637438652742092	9
61	7	0.075	7.439134557850002	9
61	8	0.075	6.082696106478125	9
62	0	0.075	7.45492719503983	9
62	1	0.075	0.1487711639890466	9
62	2	0.075	6.846471410986762	9
62	3	0.075	0.13758666759770033	9
62	4	0.075	7.5367845948922545	9
62	5	0.075	0.5314535492601776	9
62	6	0.075	2.0778691836906975	9
62	7	0.075	5.883885343002515	9
62	8	0.075	5.505765132908965	9
63	0	0.075	4.242358611299454	5
63	1	0.075	6.297361019315924	5
63	2	0.075	-0.0413767345308937	5
63	3	0.075	4.35490117747473	5
63	4	0.075	5.033735641750956	5
63	6	0.075	1.3932168347430565	5
63	7	0.075	6.84849894812152	5
63	8	0.075	5.576797889790688	5
63	9	0.075	4.363739855815252	5
64	0	0.075	-1.7404675026593255	4
64	1	0.075	2.4586434153746213	4
64	2	0.075	-0.40114552898841727	4
64	3	0.075	0.9818983657598394	4
64	5	0.075	-1.7290504829393545	4
64	6	0.075	2.4056466702375663	4
64	7	0.075	5.465794981139575	4
64	8	0.075	-1.6840308678274183	4
64	9	0.075	4.212368774612938	4
65	0	0.075	3.6220566526848064	2
65	1	0.075	0.1374069730939616	2
65	3	0.075	6.799667850805092	2
65	4	0.075	1.4014329231664573	2
65	5	0.075	1.9419312165224705	2
65	6	0.075	-0.17629301056128974	2
65	7	0.075	2.5605848074046675	2
65	8	0.075	2.9293284296218984	2
65	9	0.075	2.279388435884667	2
66	0	0.075	-6.812564289670767	6
66	1	0.075	-7.516473563585928	6
66	2	0.075	-7.489001604789646	6
66	3	0.075	-7.598229481675974	6
66	4	0.075	-0.7025987483995509	6
66	5	0.075	-4.337510423951921	6
66	7	0.075	-7.613990176027174	6
66	8	0.075	-7.48372516959586	6
66	9	0.075	-7.602845444376143	6
67	0	0.075	6.480613869229934	8
67	1	0.075	-0.7259846733723533	8
67	2	0.075	1.2840157117677675	8
67	3	0.075	4.736009703201535	8
67	4	0.075	-0.4153021349010607	8
67	5	0.075	-0.770947608379337	8
67	6	0.075	-0.618447900493191	8
67	7	0.075	-0.8121911746442488	8
67	9	0.075	4.619032487729083	8
68	0	0.075	4.432629544185128	1
68	2	0.075	7.290388465307519	1
68	3	0.075	7.8434048588389	1
68	4	0.075	6.460338097553629	1
68	5	0.075	6.042319568284031	1
68	6	0.075	5.436799615636647	1
68	7	0.075	7.403256465574548	1
68	8	0.075	7.347236804438932	1
68	9	0.075	6.413639577445314	1
69	1	0.075	-0.6208033861620732	0
69	2	0.075	1.314027250125409	0
69	3	0.075	2.2416836942558303	0
69	4	0.075	2.4338212230496348	0
69	5	0.075	4.130915200040961	0
69	6	0.075	5.410933332335407	0
69	7	0.075	6.0035280890696106	0
69	8	0.075	-0.6194777003957748	0
69	9	0.075	4.075767614385637	0
70	0	0.075	-3.516425552624544	6
70	1	0.075	-3.485565873741676	6
70	2	0.075	-0.2519456011934666	6
70	3	0.075	-1.5180542252376918	6
70	4	0.075	1.8828148488703047	6
70	5	0.075	1.9754490498489772	6
70	7	0.075	0.45411482154457566	6
70	8	0.075	-3.4786877093945185	6
70	9	0.075	-3.595738265083922	6
71	0	0.075	4.122859546115202	9
71	1	0.075	6.238494254882081	9
71	2	0.075	2.700969345479464	9
71	3	0.075	2.695422216533262	9
71	4	0.075	7.336756425709521	9
71	5	0.075	7.596021875334256	9
71	6	0.075	4.904708816144464	9
71	7	0.075	7.199277313677558	9
71	8	0.075	3.893081253559187	9
72	0	0.075	4.439377035696163	5
72	1	0.075	0.7614034952306247	5
72	2	0.075	0.40034694042173136	5
72	3	0.075	5.478241192696875	5
72	4	0.075	0.9940222672335471	5
72	6	0.075	-0.4972351990430023	5
72	7	0.075	6.019411914219495	5
72	8	0.075	4.655604217334489	5
72	9	0.075	5.079856503569418	5
73	0	0.075	-1.3887993934199063	5
73	1	0.075	-1.1088399837064853	5
73	2	0.075	-1.3435523107220406	5
73	3	0.075	1.5132360397720428	5
73	4	0.075	-1.3955628246778198	5
73	6	0.075	4.79823891110512	5
73	7	0.075	-1.4642977896411544	5
73	8	0.075	1.4609295822536619	5
73	9	0.075	3.475050167970065	5
74	0	0.075	0.8365162109944346	4
74	1	0.075	4.258771779631209	4
74	2	0.075	4.623272306539306	4
74	3	0.075	0.2434405587785709	4
74	5	0.075	3.1033710246692356	4
74	6	0.075	3.560141880791869	4
74	7	0.075	4.165058963525836	4
74	8	0.075	2.1600699538787578	4
74	9	0.075	4.893669517456906	4
75	0	0.075	0.9133997872643538	1
75	2	0.075	6.428831196261649	1
75	3	0.075	7.192444725407775	1
75	4	0.075	7.151549196286525	1
75	5	0.075	6.2826615402092	1
75	6	0.075	5.493965651016533	1
75	7	0.075	7.59508457237406	1
75	8	0.075	6.957451461885224	1
75	9	0.075	6.242219328313535	1
76	0	0.075	-1.1215450326264005	6
76	1	0.075	2.90458994966783	6
76	2	0.075	5.235122669983575	6
76	3	0.075	4.070601266553661	6
76	4	0.075	-0.3718700742586894	6
76	5	0.075	3.6711263053447514	6
76	7	0.075	-1.2030422045619138	6
76	8	0.075	3.398930590145622	6
76	9	0.075	-1.2410382227594803	6
77	0	0.075	-0.12052374759440826	7
77	1	0.075	-0.0690824378521991	7
77	2	0.075	7.014800834978856	7
77	3	0.075	6.462255052088601	7
77	4	0.075	2.556456775331819	7
77	5	0.075	2.940467394126325	7
77	6	0.075	-0.07593308019864285	7
77	8	0.075	5.2431228915622485	7
77	9	0.075	4.150192459798455	7
78	0	0.075	7.669140042725571	5
78	1	0.075	5.9568613890480755	5
78	2	0.075	1.5566792580716557	5
78	3	0.075	5.867016794926094	5
78	4	0.075	6.851840138028286	5
78	6	0.075	6.2023317258643935	5
78	7	0.075	0.8309868090174454	5
78	8	0.075	5.466372562996817	5
78	9	0.075	6.599959752368163	5
79	0	0.075	0.007822373651213188	2
79	1	0.075	0.9036016612584524	2
79	3	0.075	4.580284751450038	2
79	4	0.075	7.301383019859571	2
79	5	0.075	6.973012282686759	2
79	6	0.075	0.36725296053247386	2
79	7	0.075	7.618037588358705	2
79	8	0.075	4.161093662928303	2
79	9	0.075	1.6165860929642684	2
80	0	0.075	-0.17442767145731602	9
80	1	0.075	4.883656823177301	9
80	2	0.075	0.09863971253463781	9
80	3	0.075	6.096969598887924	9
80	4	0.075	7.279992967798971	9
80	5	0.075	4.018939900484043	9
80	6	0.075	-0.19989295020361772	9
80	7	0.075	6.679745508045758	9
80	8	0.075	0.5026502426241789	9
81	1	0.075	1.0643834724887327	0
81	2	0.075	7.04205288444457	0
81	3	0.075	-0.0662245342251064	0
81	4	0.075	5.802400347958202	0
81	5	0.075	1.9842647691062663	0
81	6	0.075	5.846447303596888	0
81	7	0.075	3.5869381826985207	0
81	8	0.075	-0.08429673544916079	0
81	9	0.075	-0.09389568230091092	0
82	0	0.075	4.901006830709658	6
82	1	0.075	-0.2141365049347368	6
82	2	0.075	5.686839267554762	6
82	3	0.075	-0.2795501702921731	6
82	4	0.075	5.924367206180257	6
82	5	0.075	4.947357425981753	6
82	7	0.075	0.9871429562965492	6
82	8	0.075	1.5438519682448506	6
82	9	0.075	1.2002849905751907	6
83	0	0.075	-1.3168228791593115	4
83	1	0.075	0.7728372150862816	4
83	2	0.075	5.235271059239362	4
83	3	0.075	-1.3056826820117398	4
83	5	0.075	0.40092540033452556	4
83	6	0.075	4.414403916581288	4
83	7	0.075	4.024313009947655	4
83	8	0.075	1.5732201027870096	4
83	9	0.075	3.3652783332084177	4
84	0	0.075	-1.3093987000250578	4
84	1	0.075	1.91765936764236	4
84	2	0.075	3.911014711868733	4
84	3	0.075	1.333858165927382	4
84	5	0.075	2.6857892766686007	4
84	6	0.075	-1.2455238485117985	4
84	7	0.075	4.521316706435295	4
84	8	0.075	1.8712511424256593	4
84	9	0.075	5.437057766617852	4
85	0	0.075	5.738405670092442	2
85	1	0.075	6.788126140019635	2
85	3	0.075	7.096512781230528	2
85	4	0.075	0.057616917082185186	2
85	5	0.075	0.6183542039951467	2
85	6	0.075	-0.0074778344163469205	2
85	7	0.075	7.6205977591148795	2
85	8	0.075	6.219812856332873	2
85	9	0.075	6.133099241248455	2
86	0	0.075	6.514443338114402	8
86	1	0.075	7.433798501012555	8
86	2	0.075	7.318700176123631	8
86	3	0.075	7.990359326385647	8
86	4	0.075	7.781695324885294	8
86	5	0.075	7.640706982741251	8
86	6	0.075	6.759034164137978	8
86	7	0.075	7.616326450932254	8
86	9	0.075	7.864091647457723	8
87	0	0.075	-4.827001020154685	7
87	1	0.075	-1.4183912180730565	7
87	2	0.075	-4.155100154240373	7
87	3	0.075	-0.17637197951346378	7
87	4	0.075	-3.804629526863413	7
87	5	0.075	-4.572224780287571	7
87	6	0.075	-4.172677910860956	7
87	8	0.075	-3.4268804499984946	7
87	9	0.075	-5.198652334116611	7
88	0	0.075	-4.372335255286513	8
88	1	0.075	-3.711177250847068	8
88	2	0.075	3.005990988811246	8
88	3	0.075	0.49181761995090084	8
88	4	0.075	-4.484146523053387	8
88	5	0.075	0.4994669538513514	8
88	6	0.075	-4.341938880883937	8
88	7	0.075	-4.201747213469949	8
88	9	0.075	-4.147771495149039	8
89	0	0.075	4.619889620346322	3
89	1	0.075	5.33997331525346	3
89	2	0.075	0.5982007038436011	3
89	4	0.075	3.23815147394362	3
89	5	0.075	6.981785700411427	3
89	6	0.075	0.06556852340204514	3
89	7	0.075	0.018834388454272422	3
89	8	0.075	4.407275198221656	3
89	9	0.075	7.483551444738137	3
90	1	0.075	-5.121472414405125	0
90	2	0.075	-1.4561817804550095	0
90	3	0.075	-5.922456343051576	0
90	4	0.075	-6.284150882428446	0
90	5	0.075	-5.61206949200864	0
90	6	0.075	-3.2224430993204756	0
90	7	0.075	-6.2168631595139	0
90	8	0.075	-6.101351564002816	0
90	9	0.075	-2.1961635115484537	0
91	0	0.075	0.22096227676808983	9
91	1	0.075	-0.32025132525444294	9
91	2	0.075	0.29236136701745763	9
91	3	0.075	4.2335653214567825	9
91	4	0.075	5.193044793675321	9
91	5	0.075	1.4051270434187004	9
91	6	0.075	-0.137166938239164	9
91	7	0.075	5.933800256688465	9
91	8	0.075	4.4435182209883655	9
92	1	0.075	5.184203991723291	0
92	2	0.075	5.211502775135692	0
92	3	0.075	4.323150762257716	0
92	4	0.075	4.143535919434415	0
92	5	0.075	6.731500765702727	0
92	6	0.075	5.316251195554909	0
92	7	0.075	1.0941199759425462	0
92	8	0.075	5.212560153335981	0
92	9	0.075	-0.46768990051478015	0
93	0	0.075	1.548024867189185	1
93	2	0.075	5.864944712271542	1
93	3	0.075	7.162398233798709	1
93	4	0.075	7.290820175994034	1
93	5	0.075	5.316363954722128	1
93	6	0.075	5.0794841777550435	1
93	7	0.075	6.129614776448545	1
93	8	0.075	7.479363407356683	1
93	9	0.075	6.590245971842352	1
94	0	0.075	1.51350120394547	1
94	2	0.075	5.443625488818342	1
94	3	0.075	7.204613265337585	1
94	4	0.075	7.261148936741461	1
94	5	0.075	4.986549667052316	1
94	6	0.075	4.06364987248713	1
94	7	0.075	6.748591044665463	1
94	8	0.075	5.64341734679132	1
94	9	0.075	6.5307510704108145	1
95	0	0.075	5.2889001936394955	9
95	1	0.075	6.155896731567162	9
95	2	0.075	0.07620036195857727	9
95	3	0.075	1.6191446571482686	9
95	4	0.075	6.127297070354606	9
95	5	0.075	6.745856844367922	9
95	6	0.075	1.19292754629305	9
95	7	0.075	7.266983135628507	9
95	8	0.075	0.4217333120430731	9
96	0	0.075	-0.40203913584227646	4
96	1	0.075	5.571166804486278	4
96	2	0.075	5.725768763523554	4
96	3	0.075	3.8332500101794693	4
96	5	0.075	2.3734318354051878	4
96	6	0.075	3.168875616103045	4
96	7	0.075	4.875760803934415	4
96	8	0.075	3.5436064552472684	4
96	9	0.075	6.5979078899524595	4
97	0	0.075	3.516777350834906	5
97	1	0.075	6.145261335315756	5
97	2	0.075	3.1196401524491737	5
97	3	0.075	6.94978354781331	5
97	4	0.075	6.83091994669514	5
97	6	0.075	7.0804085976414575	5
97	7	0.075	6.073075999353337	5
97	8	0.075	2.6726799537427084	5
97	9	0.075	3.909040013529465	5
98	0	0.075	2.352781710208109	9
98	1	0.075	5.788086246683982	9
98	2	0.075	6.509607905063544	9
98	3	0.075	5.909304566412011	9
98	4	0.075	7.677837280370733	9
98	5	0.075	7.4700707844814564	9
98	6	0.075	7.1140987863800325	9
98	7	0.075	7.726509713896915	9
98	8	0.075	5.047137448501405	9
100	0	0.075	1.1208861863713109	6
100	1	0.075	0.46238356659906416	6
100	2	0.075	3.3826650138916707	6
100	3	0.075	-0.08785289058045548	6
100	4	0.075	5.491570337879901	6
100	5	0.075	5.714572269647618	6
100	7	0.075	5.001427808801878	6
100	8	0.075	5.557228372980833	6
100	9	0.075	2.2338570858639284	6
101	0	0.075	2.6000377827623327	6
101	1	0.075	0.43538539886088007	6
101	2	0.075	5.017678408862376	6
101	3	0.075	2.4943943909249535	6
101	4	0.075	5.696683078826652	6
101	5	0.075	7.330656342320174	6
101	7	0.075	1.670548199698563	6
101	8	0.075	6.9989555685816525	6
101	9	0.075	2.384872899330362	6
102	1	0.075	-5.433954682819967	0
102	2	0.075	-1.2133457750423116	0
102	3	0.075	-5.5670037509289285	0
102	4	0.075	-5.322589413463686	0
102	5	0.075	-5.648213950797757	0
102	6	0.075	-2.352267769574612	0
102	7	0.075	-5.599637373541762	0
102	8	0.075	-4.609528239630936	0
102	9	0.075	-4.540519351855082	0
103	0	0.075	-6.260049365260405	7
103	1	0.075	-6.2118398873620215	7
103	2	0.075	-5.862687141354279	7
103	3	0.075	-1.0125436444266518	7
103	4	0.075	-6.303846413786901	7
103	5	0.075	0.06835978759617561	7
103	6	0.075	-2.7639584322843045	7
103	8	0.075	-2.8465027401071574	7
103	9	0.075	-0.055437993075169216	7
104	0	0.075	6.817117151844567	7
105	0	0.075	5.615221856254941	8
105	1	0.075	6.518376435090287	8
105	2	0.075	7.647886771571864	8
105	3	0.075	7.992236376791326	8
105	4	0.075	6.846303859896944	8
105	5	0.075	1.232746453273973	8
105	6	0.075	0.6798300584603274	8
105	7	0.075	7.752594225290977	8
105	9	0.075	7.792337375978671	8
106	0	0.075	6.266671486249858	4
106	1	0.075	5.010739849556405	4
106	2	0.075	7.708698471442686	4
106	3	0.075	3.640616025424498	4
106	5	0.075	5.897821025565241	4
106	6	0.075	6.896541391308876	4
106	7	0.075	6.447676714451281	4
106	8	0.075	4.986450212533468	4
106	9	0.075	6.629068960279146	4
107	0	0.075	0.3094399904833642	8
107	1	0.075	-0.6160418175168771	8
107	2	0.075	6.090848510909682	8
107	3	0.075	5.306612962806665	8
107	4	0.075	-0.6853156711204725	8
107	5	0.075	1.807767367828695	8
107	6	0.075	-0.7065493101998269	8
107	7	0.075	6.854087919351254	8
107	9	0.075	1.0307480955708965	8
108	0	0.075	5.013913193311976	8
109	0	0.075	1.9784663974620749	1
109	2	0.075	7.2368915676947445	1
109	3	0.075	7.914595009685457	1
109	4	0.075	7.662030479430199	1
109	5	0.075	7.468199694917978	1
109	6	0.075	6.611558705937906	1
109	7	0.075	7.664160279632058	1
109	8	0.075	7.6584499205399	1
109	9	0.075	7.16032739692317	1
110	0	0.075	6.060032768739209	8
110	1	0.075	3.938493854574179	8
110	2	0.075	7.778233461131333	8
110	3	0.075	7.226011279449504	8
110	4	0.075	7.605916752769019	8
110	5	0.075	7.631164394793965	8
110	6	0.075	7.039555954249071	8
110	7	0.075	5.769748995204274	8
110	9	0.075	7.493264227674962	8
111	1	0.075	0.717640932605926	0
111	2	0.075	3.965692345443387	0
111	3	0.075	0.06297692593501508	0
111	4	0.075	4.5740523845339975	0
111	5	0.075	4.873896606815056	0
111	6	0.075	4.494633509578269	0
111	7	0.075	4.158094238189241	0
111	8	0.075	4.643727502716929	0
111	9	0.075	5.41246010200824	0
112	0	0.075	3.081927236776795	2
112	1	0.075	3.7034238391457315	2
112	3	0.075	5.567847941604273	2
112	4	0.075	1.3532785467704722	2
112	5	0.075	1.1411021187117436	2
112	6	0.075	1.2900262735547927	2
112	7	0.075	0.6799039692145539	2
112	8	0.075	7.265411750254778	2
112	9	0.075	0.8854744451714717	2
113	0	0.075	5.066392189118158	9
113	1	0.075	5.819591629664327	9
113	2	0.075	6.487607609766383	9
113	3	0.075	6.268755535130416	9
113	4	0.075	6.486244832407718	9
113	5	0.075	4.826091143889408	9
113	6	0.075	0.06850563245771199	9
113	7	0.075	7.7189216063905555	9
113	8	0.075	7.660460743470495	9
114	0	0.075	1.5496879599511864	1
114	2	0.075	7.486110096031987	1
114	3	0.075	6.8603625851967305	1
114	4	0.075	6.8009232479059225	1
114	5	0.075	5.627393940078422	1
114	6	0.075	6.754644769049352	1
114	7	0.075	7.484013021239575	1
114	8	0.075	7.452975886611874	1
114	9	0.075	3.809123898095478	1
115	1	0.075	-1.6518265913730112	0
115	2	0.075	4.575969305407697	0
115	3	0.075	-1.4415935257118542	0
115	4	0.075	-1.6403579782649953	0
115	5	0.075	4.2271431052190085	0
115	6	0.075	-1.5540979866605842	0
115	7	0.075	-1.4842521924360517	0
115	8	0.075	-1.6337960086259211	0
115	9	0.075	-1.4775055200146	0
116	0	0.075	3.0195017520389764	3
116	1	0.075	4.981593737245245	3
116	2	0.075	5.787064834074479	3
116	4	0.075	4.833960562383013	3
116	5	0.075	6.807588181640851	3
116	6	0.075	0.11270739939739598	3
116	7	0.075	4.344111148099913	3
116	8	0.075	5.943772472801075	3
116	9	0.075	7.573682091934226	3
117	0	0.075	0.4761048206008254	9
117	1	0.075	1.107002384332447	9
117	2	0.075	2.7861742253337267	9
117	3	0.075	5.782770896334845	9
117	4	0.075	5.01648723796439	9
117	5	0.075	2.0129857738431784	9
117	6	0.075	0.02220031041299694	9
117	7	0.075	6.401578693822145	9
117	8	0.075	1.2072363318471406	9
118	0	0.075	-1.0917204797367188	7
118	1	0.075	-1.8843933230945846	7
118	2	0.075	-0.14426232208581607	7
118	3	0.075	0.9747123046416615	7
118	4	0.075	-5.731757819117343	7
118	5	0.075	-0.2782876810452378	7
118	6	0.075	-5.806470232075715	7
118	8	0.075	-4.235935018223702	7
118	9	0.075	1.0061687806554642	7
119	1	0.075	-5.467225981418587	0
119	2	0.075	-2.3579718137654635	0
119	3	0.075	-3.340368377421114	0
119	4	0.075	-5.574186952861474	0
119	5	0.075	-5.555050845997821	0
119	6	0.075	-5.190271967074469	0
119	7	0.075	-5.594172921270047	0
119	8	0.075	-5.472766067088935	0
119	9	0.075	-4.022512780538856	0
120	0	0.075	1.2243733295771486	4
120	1	0.075	-0.6477673759243583	4
120	2	0.075	4.057867937514396	4
120	3	0.075	-0.7291483291351191	4
120	5	0.075	0.11338273442495408	4
120	6	0.075	-0.11562104339318147	4
120	7	0.075	5.202509389880414	4
120	8	0.075	-0.3389669519940477	4
120	9	0.075	6.378222487216443	4
121	0	0.075	0.0311812311436936	9
121	1	0.075	-0.2435382070250882	9
121	2	0.075	4.5148445168141995	9
121	3	0.075	5.071384137983632	9
121	4	0.075	7.171810674014535	9
121	5	0.075	3.5609783336267675	9
121	6	0.075	1.6010284074532701	9
121	7	0.075	5.555017495981067	9
121	8	0.075	1.8530806211490924	9
122	0	0.075	6.44315893212146	6
122	1	0.075	0.059946419932823534	6
122	2	0.075	7.132858136155556	6
122	3	0.075	0.6592941599935209	6
122	4	0.075	3.5536851301360746	6
122	5	0.075	1.8396897156315444	6
122	7	0.075	0.013872685149017667	6
122	8	0.075	7.570779682541294	6
122	9	0.075	6.999884565937767	6
123	0	0.075	3.2678508536015722	8
123	1	0.075	6.917253653227682	8
123	2	0.075	7.031562956810819	8
123	3	0.075	7.686327420845765	8
123	4	0.075	7.108410483991687	8
123	5	0.075	6.912739786461928	8
123	6	0.075	5.200570205035231	8
124	0	0.075	6.480619019281275	9
124	1	0.075	7.616377657346852	9
124	2	0.075	6.785147726187967	9
124	3	0.075	8.032484142715965	9
124	4	0.075	7.755736851706737	9
124	5	0.075	7.738659955454721	9
124	6	0.075	7.764731530036456	9
124	7	0.075	7.803973062376804	9
124	8	0.075	7.860387071854623	9
125	0	0.075	-7.775759469960514	3
125	1	0.075	-7.7209509761915145	3
125	2	0.075	-7.709446448414987	3
125	4	0.075	-7.775898858275199	3
125	5	0.075	-5.874233576094278	3
125	6	0.075	-7.828264517415549	3
125	7	0.075	-1.457527416209732	3
125	8	0.075	-7.685543303149163	3
125	9	0.075	-1.4273806285292927	3
126	0	0.075	7.412570269384287	5
126	1	0.075	7.028024355320853	5
126	2	0.075	6.920560808739573	5
126	3	0.075	7.4188641921800444	5
126	4	0.075	7.693839933531661	5
126	6	0.075	7.930785716662707	5
126	7	0.075	5.941485986571369	5
126	8	0.075	7.45256135155672	5
126	9	0.075	7.438898786164812	5
127	0	0.075	2.6619563046040513	4
128	0	0.075	4.861710588912927	3
128	1	0.075	0.9961308675914928	3
128	2	0.075	4.207568304866874	3
128	4	0.075	0.11973454596228167	3
128	5	0.075	5.768674923088174	3
128	6	0.075	0.09899899108066769	3
128	7	0.075	5.80066331206676	3
128	8	0.075	4.773785961838809	3
128	9	0.075	7.459103005297269	3
129	0	0.075	2.3578316055315858	2
129	1	0.075	5.656662016645736	2
129	3	0.075	4.715076049989499	2
129	4	0.075	-0.9658404782475689	2
129	5	0.075	-0.8841910242080826	2
129	6	0.075	4.847391923586215	2
129	7	0.075	-1.0329103742980423	2
129	8	0.075	1.9929157765728949	2
129	9	0.075	-0.383000434095322	2
130	0	0.075	6.192215340908124	2
130	1	0.075	5.912429759722652	2
130	3	0.075	7.853784178265976	2
130	4	0.075	0.7275798336197017	2
130	5	0.075	5.098572026224495	2
130	6	0.075	1.3450055127280733	2
130	7	0.075	5.610776364991666	2
131	0	0.075	-2.6904742552688683	4
131	1	0.075	-0.521787476833839	4
131	2	0.075	-2.6509029923521834	4
131	3	0.075	-1.4172330736402543	4
131	5	0.075	-2.6734250553420806	4
131	6	0.075	0.9520112540531036	4
131	7	0.075	3.029222065744165	4
131	8	0.075	-0.11721616651225358	4
131	9	0.075	3.39692573382399	4
132	1	0.075	-0.6011607085192142	0
132	2	0.075	4.594711290872522	0
132	3	0.075	-1.1992637536992121	0
132	4	0.075	2.9504990644835587	0
132	5	0.075	2.6012924707753564	0
132	6	0.075	4.518535109215251	0
132	7	0.075	0.1177465704715449	0
132	8	0.075	-1.1993578535601215	0
132	9	0.075	4.128046368670072	0
133	0	0.075	-0.5698911751186366	3
133	1	0.075	4.0892083336009915	3
133	2	0.075	0.6344002207496479	3
133	4	0.075	4.526576082958056	3
133	5	0.075	4.664916030377534	3
133	6	0.075	-1.3516851547640025	3
133	7	0.075	-1.4985219470114406	3
133	8	0.075	-1.3904651375392463	3
133	9	0.075	-0.12827716123134839	3
134	0	0.075	7.111667258203432	2
134	1	0.075	1.8364061942597516	2
134	3	0.075	6.2204511415635135	2
134	4	0.075	0.42458423915725946	2
134	5	0.075	0.8238729307162277	2
134	6	0.075	5.870559976262815	2
134	7	0.075	0.29246027965390997	2
134	8	0.075	2.89247752376834	2
134	9	0.075	-0.0012227399882799074	2
135	0	0.075	-0.9493058466905465	3
135	1	0.075	1.7816223454306637	3
135	2	0.075	3.317133274175832	3
135	4	0.075	1.1514453369815376	3
135	5	0.075	3.30696081697144	3
135	6	0.075	-0.9521691289926376	3
135	7	0.075	0.32735048262735184	3
135	8	0.075	4.537854811920706	3
135	9	0.075	3.569412603258471	3
136	0	0.075	5.0938006031566205	5
136	1	0.075	5.487272348368598	5
136	2	0.075	7.113122131456474	5
137	0	0.075	0.3326335829517951	1
137	2	0.075	6.067759688553336	1
137	3	0.075	6.754861245925185	1
137	4	0.075	4.0975212588552745	1
137	5	0.075	6.519271598448767	1
137	6	0.075	5.421299526077578	1
137	7	0.075	6.397476736208911	1
137	8	0.075	7.332476140400528	1
137	9	0.075	2.78543990859093	1
138	0	0.075	0.019990258606740127	1
138	2	0.075	6.571463138105914	1
138	3	0.075	7.422595643218696	1
138	4	0.075	7.58635855013195	1
138	5	0.075	6.063062730629148	1
138	6	0.075	3.126596046766914	1
138	7	0.075	6.782941110739418	1
138	8	0.075	6.851316109998115	1
138	9	0.075	7.174712787810813	1
139	0	0.075	0.4460639759854839	2
139	1	0.075	4.626192693362968	2
139	3	0.075	4.9067371266154005	2
139	4	0.075	-2.044021521023718	2
139	5	0.075	0.8591502745525627	2
139	6	0.075	1.4116394364126341	2
139	7	0.075	1.591567733416915	2
139	8	0.075	4.477846101311811	2
139	9	0.075	-1.3825292323775171	2
140	0	0.075	-0.08017673728927194	4
140	1	0.075	3.807124081299082	4
140	2	0.075	-0.6720837076030431	4
140	3	0.075	-0.9098044809797226	4
140	5	0.075	2.505387431670002	4
140	6	0.075	3.268150883965102	4
140	7	0.075	5.385606838477874	4
140	8	0.075	1.5215291103211097	4
140	9	0.075	5.570788893710229	4
141	0	0.075	6.2036557258105285	8
141	1	0.075	2.7278895466082016	8
141	2	0.075	7.680880524374308	8
141	3	0.075	6.909350269879239	8
141	4	0.075	5.98609553749019	8
141	5	0.075	4.400938497082354	8
141	6	0.075	7.834845355386243	8
141	7	0.075	0.6938458070231059	8
141	9	0.075	7.367155536685616	8
142	0	0.075	3.3642696250585753	2
142	1	0.075	0.6803099066187582	2
142	3	0.075	2.9495492227012354	2
142	4	0.075	-1.7562282980459702	2
142	5	0.075	0.6609370116359504	2
142	6	0.075	1.2964451079943358	2
142	7	0.075	-0.7818128818564241	2
142	8	0.075	2.5085121266986254	2
142	9	0.075	2.428232674750885	2
143	0	0.075	-3.322303435262323	2
143	1	0.075	-4.242464572921785	2
143	3	0.075	0.5738981049077979	2
143	4	0.075	-5.261198033750371	2
143	5	0.075	-5.436882055768453	2
143	6	0.075	-4.2839996325922804	2
143	7	0.075	-5.395680276573537	2
143	8	0.075	-5.230101262398322	2
143	9	0.075	-5.486406326840459	2
144	0	0.075	-4.026923665248636	6
144	1	0.075	-4.4679371027354415	6
144	2	0.075	-1.9570074524896663	6
144	3	0.075	-4.567028206434319	6
144	4	0.075	0.5780136424722718	6
144	5	0.075	-4.243520994015615	6
144	7	0.075	-0.9237759711756379	6
144	8	0.075	-4.422694178628697	6
144	9	0.075	-4.53468317514554	6
146	0	0.075	5.572801423349326	6
146	1	0.075	2.1245316876637155	6
146	2	0.075	1.2886739421936975	6
146	3	0.075	-0.820565380787518	6
146	4	0.075	4.486106934467535	6
146	5	0.075	3.638045641676092	6
146	7	0.075	-1.0069753511790287	6
146	8	0.075	0.2560052086779378	6
146	9	0.075	-0.5250671784974131	6
147	0	0.075	3.565605631273269	1
147	2	0.075	7.54314682751902	1
147	3	0.075	6.08304204937035	1
147	4	0.075	7.521685912762282	1
147	5	0.075	6.243841349182195	1
147	6	0.075	7.551036780610025	1
147	7	0.075	7.582910329975369	1
147	8	0.075	6.622840682845731	1
147	9	0.075	5.4031841692969556	1
149	1	0.075	-7.593433309712159	0
149	2	0.075	-7.543955112327467	0
149	3	0.075	-7.587978879673963	0
149	4	0.075	-7.662147830371958	0
149	5	0.075	-5.11115050666459	0
149	6	0.075	-7.533123896255581	0
149	7	0.075	-7.4706236610696095	0
149	8	0.075	-4.298375330727766	0
149	9	0.075	-7.315448818967029	0
150	0	0.075	5.823216043866565	6
150	1	0.075	3.1878690790963558	6
150	2	0.075	6.152891798565341	6
150	3	0.075	5.115176858109761	6
150	4	0.075	7.02384939306157	6
150	5	0.075	5.2693557176339	6
150	7	0.075	5.771111807513088	6
150	8	0.075	0.05721743451260306	6
150	9	0.075	2.540125816280529	6
