Img	Target_Label	Epsilon	Objective_Value	Label
1	0	0.025	-7.507370458432697	2
1	1	0.025	-7.450397496613918	2
1	3	0.025	-4.885928524795373	2
1	4	0.025	-7.508442235318082	2
1	5	0.025	-7.399687613862079	2
1	6	0.025	-7.5699162617562195	2
1	7	0.025	-7.583210758624683	2
1	8	0.025	-7.555512195189225	2
1	9	0.025	-7.509331232920676	2
2	1	0.025	-7.646170155998289	0
2	2	0.025	-7.51511631562928	0
2	3	0.025	-7.728167236321563	0
2	4	0.025	-7.748851866538591	0
2	5	0.025	-7.58485608131967	0
2	6	0.025	-7.677957517515425	0
2	7	0.025	-7.731592012082996	0
2	8	0.025	-7.6947994474560915	0
2	9	0.025	-7.697974297191616	0
3	0	0.025	-7.9614524663618695	4
3	1	0.025	-7.886295855301145	4
3	2	0.025	-7.924685659132082	4
3	3	0.025	-8.01067269007273	4
3	5	0.025	-7.918031893173638	4
3	6	0.025	-8.03973584709392	4
3	7	0.025	-5.925831308493793	4
3	8	0.025	-7.9985379868127415	4
3	9	0.025	-6.9603112140039345	4
4	0	0.025	-7.767098410596697	8
4	1	0.025	-7.69585810511648	8
4	2	0.025	-7.509899412742563	8
4	3	0.025	-7.32835296979853	8
4	4	0.025	-7.912049998827942	8
4	5	0.025	-7.6820904232286455	8
4	6	0.025	-7.792413708279109	8
4	7	0.025	-7.825260804133968	8
4	9	0.025	-7.743155134572972	8
5	0	0.025	-7.5391173197791215	7
5	1	0.025	-7.467746583215631	7
5	2	0.025	-7.375858854661586	7
5	3	0.025	-7.53242003830563	7
5	4	0.025	-7.538895161528883	7
5	5	0.025	-7.5192401213925315	7
5	6	0.025	-7.6346178421132915	7
5	8	0.025	-7.607247794423065	7
5	9	0.025	-7.346868592816319	7
6	0	0.025	-7.839592620499253	6
6	1	0.025	-7.779953521466867	6
6	2	0.025	-7.662083130690955	6
6	3	0.025	-7.897907459906224	6
6	4	0.025	-7.7188236649222395	6
6	5	0.025	-7.7224158283153015	6
6	7	0.025	-7.870390743246421	6
6	8	0.025	-7.853902086463087	6
6	9	0.025	-7.854585740713058	6
7	1	0.025	-7.647707155047944	0
7	2	0.025	-7.501378740928767	0
7	3	0.025	-7.724017476406525	0
7	4	0.025	-7.761648683908945	0
7	5	0.025	-7.586553889291768	0
7	6	0.025	-7.697798912826242	0
7	7	0.025	-7.526176930532133	0
7	8	0.025	-7.708827905486762	0
7	9	0.025	-7.434856628422115	0
8	0	0.025	-6.401805673056006	6
8	1	0.025	-6.345510701074324	6
8	2	0.025	-6.239020285341513	6
8	3	0.025	-6.421307542958473	6
8	4	0.025	-6.468286276524691	6
8	5	0.025	-3.7492398581585507	6
8	7	0.025	-6.452640028034073	6
8	8	0.025	-4.817225908069943	6
8	9	0.025	-6.418557356115322	6
9	0	0.025	-1.274096656337944	3
9	1	0.025	-1.213091222503319	3
9	2	0.025	-1.0120903059453523	3
9	4	0.025	-1.4581561967084167	3
9	5	0.025	0.9941852724968865	3
9	6	0.025	-1.320695340715141	3
9	7	0.025	-1.357406742935178	3
9	8	0.025	-1.254654637507574	3
9	9	0.025	-1.2757486921142052	3
10	0	0.025	-7.646638908397962	1
10	2	0.025	-7.341924415007495	1
10	3	0.025	-7.650578408880992	1
10	4	0.025	-7.658094454233335	1
10	5	0.025	-7.609826229407619	1
10	6	0.025	-7.700041408126449	1
10	7	0.025	-7.592834511539472	1
10	8	0.025	-7.698515411174336	1
10	9	0.025	-7.621187879176219	1
11	0	0.025	-7.753176077259981	8
11	1	0.025	-7.690803196731783	8
11	2	0.025	-6.998643175395497	8
11	3	0.025	-7.763404883789574	8
11	4	0.025	-7.787146569713068	8
11	5	0.025	-7.680405506811331	8
11	6	0.025	-4.232917089488188	8
11	7	0.025	-7.79914271942191	8
11	9	0.025	-7.7677410563450895	8
12	1	0.025	-7.64736086876602	0
12	2	0.025	-7.485893151513288	0
12	3	0.025	-7.719487895602933	0
12	4	0.025	-7.762997518102499	0
12	5	0.025	-7.591626105845536	0
12	6	0.025	-7.702415623086564	0
12	7	0.025	-7.737901806651922	0
12	8	0.025	-7.709872241516807	0
12	9	0.025	-7.6869618829636615	0
13	0	0.025	-7.528370073588359	7
13	1	0.025	-7.458292918987011	7
13	2	0.025	-7.352409733735751	7
13	3	0.025	-4.598606787459542	7
13	4	0.025	-7.538063295489101	7
13	5	0.025	-7.47140021721671	7
13	6	0.025	-7.6232367346732355	7
13	8	0.025	-7.595416933431703	7
13	9	0.025	-7.224508754420632	7
14	0	0.025	-7.840326269075819	9
14	1	0.025	-7.765625579336617	9
14	2	0.025	-7.747720611708498	9
14	3	0.025	-7.855171727344741	9
14	4	0.025	-7.78034708096849	9
14	5	0.025	-7.8220848255380755	9
14	6	0.025	-7.940837413389508	9
14	7	0.025	-5.244490507924551	9
14	8	0.025	-6.3905326640786235	9
15	0	0.025	-7.775518104157779	8
15	1	0.025	-7.71845945130537	8
15	2	0.025	-7.566259890675872	8
15	3	0.025	-7.7729025806824055	8
15	4	0.025	-7.887662185183481	8
15	5	0.025	-7.721734315727516	8
15	6	0.025	-7.8060116407452576	8
15	7	0.025	-7.817257071390515	8
15	9	0.025	-7.251775478258251	8
16	0	0.025	-7.841394969094467	4
16	1	0.025	-7.7854521674346975	4
16	2	0.025	-7.774326103330443	4
16	3	0.025	-7.9297955501759425	4
16	5	0.025	-7.785622337308637	4
16	6	0.025	-6.389684007102266	4
16	7	0.025	-7.644260965955552	4
16	8	0.025	-2.1795259388532435	4
16	9	0.025	-7.5039212623124865	4
17	0	0.025	-7.355867972360777	5
17	1	0.025	-7.573834994256796	5
17	2	0.025	-7.471273588202361	5
17	3	0.025	-7.333485510533452	5
17	4	0.025	-7.785280168171756	5
17	6	0.025	-7.640221108141733	5
17	7	0.025	-7.677559316770598	5
17	8	0.025	-7.5748606349676395	5
17	9	0.025	-7.63316005318041	5
18	0	0.025	-7.932536697668696	3
18	1	0.025	-7.853302864986138	3
18	2	0.025	-7.687776204457118	3
18	4	0.025	-8.12914001007066	3
18	5	0.025	-7.77367549712034	3
18	6	0.025	-8.006312207854155	3
18	7	0.025	-7.987703070086828	3
18	8	0.025	-7.942806713479382	3
18	9	0.025	-7.914653219026243	3
19	0	0.025	-2.7575416044500933	4
19	1	0.025	-1.5004699795430851	4
19	2	0.025	-2.649511202184895	4
19	3	0.025	-0.9645072507002399	4
19	5	0.025	-2.7180564612463325	4
19	6	0.025	-2.85793464653208	4
19	7	0.025	-2.733773494147953	4
19	8	0.025	-2.250968251634224	4
20	1	0.025	-3.7005611817144812	0
20	2	0.025	-3.57414581582954	0
20	3	0.025	-3.74905992427164	0
20	4	0.025	-3.8685195993630255	0
20	5	0.025	-3.6482848735659075	0
20	6	0.025	-3.7529056873145894	0
20	7	0.025	-2.3373572618525182	0
20	8	0.025	-0.8038267313570485	0
20	9	0.025	-3.593774657600798	0
21	0	0.025	-7.71463673590068	6
21	1	0.025	-7.650193210955904	6
21	2	0.025	-7.517895992865038	6
21	3	0.025	-7.759198021071428	6
21	4	0.025	-6.017270539705742	6
21	5	0.025	-7.604924376197702	6
21	7	0.025	-7.742006710079469	6
21	8	0.025	-7.737326581075425	6
21	9	0.025	-7.68174755720726	6
22	0	0.025	-7.795875899102326	6
22	1	0.025	-7.7116707468560115	6
22	2	0.025	-7.571686466917187	6
22	3	0.025	-7.817033088674855	6
22	4	0.025	-7.591070599071929	6
22	5	0.025	-7.693072811653787	6
22	7	0.025	-7.812717877874299	6
22	8	0.025	-7.823280955965087	6
22	9	0.025	-7.203866183005409	6
23	0	0.025	-7.908121232723434	3
23	1	0.025	-3.0271619615402057	3
23	2	0.025	-7.430939293748594	3
23	4	0.025	-8.116171361492672	3
23	5	0.025	-5.4888373350047495	3
23	6	0.025	-7.989743954253972	3
23	7	0.025	-7.94638746511952	3
23	8	0.025	-7.92967788246728	3
23	9	0.025	-7.921146474952929	3
24	1	0.025	-7.644655421450684	0
24	2	0.025	-5.382760689614941	0
24	3	0.025	-7.722655771993779	0
24	4	0.025	-7.738165576343887	0
24	5	0.025	-7.581599598830279	0
24	6	0.025	-7.670573734482539	0
24	7	0.025	-7.727712387947848	0
24	8	0.025	-7.705221336942761	0
24	9	0.025	-7.567794498712553	0
25	0	0.025	-7.860238134249495	2
25	1	0.025	-7.673104366267835	2
25	3	0.025	-7.062933477407773	2
25	4	0.025	-7.833265707657743	2
25	5	0.025	-7.773318686256119	2
25	6	0.025	-7.917856535107276	2
25	7	0.025	-7.93600480907019	2
25	8	0.025	-7.7014668078170905	2
25	9	0.025	-7.88315871663578	2
26	0	0.025	-7.9404078297767295	3
26	1	0.025	-7.871126977792196	3
26	2	0.025	-7.696816268472569	3
26	4	0.025	-8.12869078832555	3
26	5	0.025	-7.7809294468502825	3
26	6	0.025	-8.019746565936885	3
26	7	0.025	-7.996368866210152	3
26	8	0.025	-7.950451738356841	3
26	9	0.025	-7.921287134057171	3
27	0	0.025	-3.8305316540051533	6
27	1	0.025	-3.759536497956613	6
27	2	0.025	-3.611815083810232	6
27	3	0.025	-3.2657282799337284	6
27	4	0.025	-3.867568173385047	6
27	5	0.025	-3.7003931174602616	6
27	7	0.025	-3.892278193547337	6
27	8	0.025	-2.979580879035934	6
27	9	0.025	-3.839566308677523	6
28	0	0.025	-7.84376886563776	6
28	1	0.025	-7.784392119046715	6
28	2	0.025	-7.664343387523983	6
28	3	0.025	-7.902704879218965	6
28	4	0.025	-7.72834152121783	6
28	5	0.025	-7.727719631917677	6
28	7	0.025	-7.87483885102745	6
28	8	0.025	-7.861488379973271	6
28	9	0.025	-7.872989999671675	6
29	0	0.025	-7.530052058041876	7
29	1	0.025	-7.456033321049089	7
29	2	0.025	-7.343741243810796	7
29	3	0.025	-7.514966650137075	7
29	4	0.025	-7.556445422138629	7
29	5	0.025	-7.507221674705291	7
29	6	0.025	-7.620660622654467	7
29	8	0.025	-7.538407223169776	7
29	9	0.025	-7.354312264810662	7
30	0	0.025	-7.881555981173935	4
30	1	0.025	-7.8078532461353225	4
30	2	0.025	-7.841053266473235	4
30	3	0.025	-7.931326247264969	4
30	5	0.025	-7.842626300951058	4
30	6	0.025	-7.950796396505189	4
30	7	0.025	-3.4395915553351384	4
30	8	0.025	-7.904797787532984	4
30	9	0.025	-6.457435243744429	4
32	0	0.025	-7.937216659899528	3
32	1	0.025	-7.86464635144359	3
32	2	0.025	-7.694981739332467	3
32	4	0.025	-8.125418731790981	3
32	5	0.025	-7.781454916743594	3
32	6	0.025	-8.018139250239976	3
32	7	0.025	-7.985539983272632	3
32	8	0.025	-7.948687972017225	3
32	9	0.025	-7.8123756603685655	3
33	0	0.025	-7.766646870865285	8
33	1	0.025	-7.702801296534296	8
33	2	0.025	-7.291630905556357	8
33	3	0.025	-7.704617372005261	8
33	4	0.025	-7.890127699658196	8
33	5	0.025	-7.699116421668941	8
33	6	0.025	-7.80802449579665	8
33	7	0.025	-7.825663914787725	8
33	9	0.025	-7.060011128405256	8
34	0	0.025	0.11092747814786834	7
35	0	0.025	-6.432298236944765	5
35	1	0.025	-6.381028380348218	5
35	2	0.025	-6.264554929799309	5
35	3	0.025	-6.267402621653168	5
35	4	0.025	-6.594111871840519	5
35	6	0.025	-6.415910926006004	5
35	7	0.025	-6.4941250537803175	5
35	8	0.025	-6.366218088490767	5
35	9	0.025	-1.053925755435109	5
36	0	0.025	-7.940131172815525	4
36	1	0.025	-7.869695467783798	4
36	2	0.025	-7.888812301149418	4
36	3	0.025	-7.9987107676848765	4
36	5	0.025	-7.89320100801266	4
36	6	0.025	-5.876409166792762	4
36	7	0.025	-7.904890747376319	4
36	8	0.025	-3.364146167355923	4
36	9	0.025	-7.199499197202297	4
37	0	0.025	-3.4740286350065905	2
37	1	0.025	-3.4119689809258005	2
37	3	0.025	-1.5283601275144458	2
37	4	0.025	-3.5084566497296974	2
37	5	0.025	-3.3750260076106	2
37	6	0.025	-3.543253173077939	2
37	7	0.025	-3.549208547598564	2
37	8	0.025	-3.5236178318501072	2
37	9	0.025	-3.4618067403646764	2
38	0	0.025	-7.618516155770571	5
38	1	0.025	-7.568949371527728	5
38	2	0.025	-7.453431517957034	5
38	3	0.025	-7.329857620693068	5
38	4	0.025	-7.8189737748202015	5
38	6	0.025	-7.644797840779054	5
38	7	0.025	-7.68508664922265	5
38	8	0.025	-7.57519540236151	5
38	9	0.025	-7.661306423123869	5
39	0	0.025	-5.436098792290204	5
39	1	0.025	-5.376824112745336	5
39	2	0.025	-5.213171432446579	5
39	3	0.025	-5.033927532570753	5
39	4	0.025	-5.621619349351861	5
39	6	0.025	-5.476838289648976	5
39	7	0.025	-5.509650271916493	5
39	8	0.025	-5.01840469275675	5
39	9	0.025	-5.4434895719144505	5
40	0	0.025	-7.755233182174784	8
40	1	0.025	-7.526442771026682	8
40	2	0.025	-7.462488524799387	8
40	3	0.025	-5.882688654261931	8
40	4	0.025	-7.861178914637056	8
40	5	0.025	-7.66026954676031	8
40	6	0.025	-7.791590698608623	8
40	7	0.025	-7.8095818143473235	8
40	9	0.025	-7.748968622991585	8
41	0	0.025	-7.62512524220355	5
41	1	0.025	-7.579621811343524	5
41	2	0.025	-7.4888764892054205	5
41	3	0.025	-7.346007148301815	5
41	4	0.025	-7.8214698648510526	5
41	6	0.025	-7.652509200430517	5
41	7	0.025	-7.687395922846369	5
41	8	0.025	-7.581741951346297	5
41	9	0.025	-7.365145795502237	5
42	0	0.025	-5.018653854093308	2
42	1	0.025	-4.9541750369087545	2
42	3	0.025	0.13560391900355998	2
42	4	0.025	-5.159842340068025	2
42	5	0.025	-4.899062109788598	2
42	6	0.025	-5.082625393326267	2
42	7	0.025	-5.078325302540688	2
42	8	0.025	-1.8310701273900767	2
42	9	0.025	-5.030216741995357	2
43	0	0.025	-6.907390815363597	9
43	1	0.025	-6.841010747171056	9
43	2	0.025	-6.768154129486998	9
43	3	0.025	-6.6378526122785795	9
43	4	0.025	-6.011637293775527	9
43	5	0.025	-6.871027425410495	9
43	6	0.025	-6.9949409988508755	9
43	7	0.025	-6.889531124057921	9
43	8	0.025	-6.926927472416974	9
44	0	0.025	-5.813932268887327	2
44	1	0.025	-5.745918439365342	2
44	3	0.025	-5.820327315612068	2
44	4	0.025	-5.643061334878589	2
44	5	0.025	-5.734207179479621	2
44	6	0.025	1.4572049947735073	2
44	7	0.025	-4.495334743378216	2
44	8	0.025	-5.89468137418775	2
44	9	0.025	-5.748673107479498	2
45	0	0.025	-7.90748140664224	4
45	1	0.025	-7.836232537167051	4
45	2	0.025	-7.875822682543129	4
45	3	0.025	-7.9467647475551475	4
45	5	0.025	-7.861666600298677	4
45	6	0.025	-7.9793970739211355	4
45	7	0.025	-7.886018008546084	4
45	8	0.025	-7.238552396449676	4
45	9	0.025	-5.7888102768452105	4
46	0	0.025	-7.865272372562014	2
46	1	0.025	-7.810146327179516	2
46	3	0.025	-7.7888250362520415	2
46	4	0.025	-7.821442522473028	2
46	5	0.025	-7.782285099475264	2
46	6	0.025	-7.9173425633033405	2
46	7	0.025	-7.943775604567997	2
46	8	0.025	-7.9243834509290405	2
46	9	0.025	-7.890772649825928	2
47	0	0.025	-6.319373572209407	7
47	1	0.025	-6.240040831932532	7
47	2	0.025	-6.121121964965558	7
47	3	0.025	1.5428810263436454	7
47	4	0.025	-6.409573083528868	7
47	5	0.025	-6.243549056646694	7
47	6	0.025	-6.415138892591316	7
47	8	0.025	-6.3675564935450755	7
47	9	0.025	-5.379853674965089	7
48	1	0.025	-7.648734868468365	0
48	2	0.025	-7.50687524227817	0
48	3	0.025	-7.7286122187897455	0
48	4	0.025	-7.762852130891982	0
48	5	0.025	-7.587770901493948	0
48	6	0.025	-7.525528485311417	0
48	7	0.025	-7.733382562257971	0
48	8	0.025	-7.70959185943581	0
48	9	0.025	-7.445744890698917	0
49	0	0.025	-7.616767250906421	5
49	1	0.025	-7.573824734493006	5
49	2	0.025	-7.468448633902328	5
49	3	0.025	-6.689329439973548	5
49	4	0.025	-7.813739535627186	5
49	6	0.025	-7.64844865383533	5
49	7	0.025	-7.679154824923827	5
49	8	0.025	-7.575007678878293	5
49	9	0.025	-7.639559054837303	5
50	0	0.025	-7.647212722349246	1
50	2	0.025	-7.340833726712712	1
50	3	0.025	-7.649626538726701	1
50	4	0.025	-7.646544343784989	1
50	5	0.025	-7.608065715071555	1
50	6	0.025	-7.695763894852402	1
50	7	0.025	-7.132673786447188	1
50	8	0.025	-7.5680810443222315	1
50	9	0.025	-7.6158158539964385	1
51	1	0.025	-7.646546105038759	0
51	2	0.025	-7.49187871457038	0
51	3	0.025	-7.722223165482175	0
51	4	0.025	-7.763850501383639	0
51	5	0.025	-7.586842336735298	0
51	6	0.025	-7.694494152441295	0
51	7	0.025	-7.7357822817247675	0
51	8	0.025	-7.704330901647711	0
51	9	0.025	-7.682952413883954	0
52	0	0.025	-7.527475994432966	7
52	1	0.025	-7.455373283194616	7
52	2	0.025	-7.344719603114757	7
52	3	0.025	-7.506440003139542	7
52	4	0.025	-7.5353534726602405	7
52	5	0.025	-7.493443074271115	7
52	6	0.025	-7.622639885103354	7
52	8	0.025	-7.5957594664886035	7
52	9	0.025	-7.347152276039986	7
53	0	0.025	-7.966258013170166	9
53	1	0.025	-7.890669756372873	9
53	2	0.025	-7.865794844633622	9
53	3	0.025	-4.68047215128616	9
53	4	0.025	-6.983628435853263	9
53	5	0.025	-7.891697849090021	9
53	6	0.025	-8.05399037016275	9
53	7	0.025	-6.956225369385597	9
53	8	0.025	-7.983263550134394	9
54	0	0.025	-6.161320168279474	9
54	1	0.025	-6.100197493480987	9
54	2	0.025	-6.08048508289321	9
54	3	0.025	-6.212612378735061	9
54	4	0.025	-4.184416058169583	9
54	5	0.025	-6.1222146380324265	9
54	6	0.025	-3.750855711242674	9
54	7	0.025	-6.128252867637526	9
54	8	0.025	-5.923523347036201	9
55	0	0.025	-8.003304491133463	9
55	1	0.025	-7.9450161209084325	9
55	2	0.025	-7.946674795544787	9
55	3	0.025	-8.037489121168413	9
55	4	0.025	-7.818526243531311	9
55	5	0.025	-7.966634763936111	9
55	6	0.025	-8.08559414576729	9
55	7	0.025	-7.957373557616902	9
55	8	0.025	-7.6521998735520445	9
56	0	0.025	-7.83461252550013	6
56	1	0.025	-7.774283489338218	6
56	2	0.025	-7.669553082878132	6
56	3	0.025	-7.9028145189714305	6
56	4	0.025	-7.68483588495966	6
56	5	0.025	-7.723970371360698	6
56	7	0.025	-7.86103884571786	6
56	8	0.025	-7.859962517838952	6
56	9	0.025	-7.844541500069516	6
57	0	0.025	-7.615769224977559	5
57	1	0.025	-7.572659176352282	5
57	2	0.025	-7.481800746753396	5
57	3	0.025	-7.341884506294023	5
57	4	0.025	-7.76890007925922	5
57	6	0.025	-7.646292488784773	5
57	7	0.025	-7.675925664014024	5
57	8	0.025	-7.567426456477643	5
57	9	0.025	-5.98669609683247	5
58	0	0.025	-7.7784767358143805	8
58	1	0.025	-7.716155773400803	8
58	2	0.025	-7.534414565662329	8
58	3	0.025	-7.756799962829379	8
58	4	0.025	-7.917558524162179	8
58	5	0.025	-7.705699705964665	8
58	6	0.025	-7.810131333494291	8
58	7	0.025	-7.837852808700719	8
58	9	0.025	-7.74910386560112	8
59	0	0.025	-7.757916953797916	8
59	1	0.025	-7.69808722264725	8
59	2	0.025	-7.526645353307683	8
59	3	0.025	-7.777728015488203	8
59	4	0.025	-1.6298495027267033	8
59	5	0.025	-7.703617968573604	8
59	6	0.025	-7.776144854413663	8
59	7	0.025	-7.803690100414343	8
59	9	0.025	-7.717485991188082	8
60	0	0.025	-7.839258025487838	6
60	1	0.025	-7.775820686416395	6
60	2	0.025	-7.641207743645405	6
60	3	0.025	-7.892598209513502	6
60	4	0.025	-7.709277339733063	6
60	5	0.025	-7.719864825751571	6
60	7	0.025	-7.869559225805347	6
60	8	0.025	-7.849815127572232	6
60	9	0.025	-7.869826299670684	6
61	0	0.025	-7.988049909604152	9
61	1	0.025	-7.9244537368740255	9
61	2	0.025	-7.9012141282205715	9
61	3	0.025	-7.1262884920855525	9
61	4	0.025	-7.8379978774947805	9
61	5	0.025	-7.930219868274203	9
61	6	0.025	-8.072383695321303	9
61	7	0.025	-7.953954338030187	9
61	8	0.025	-7.998608450543696	9
63	0	0.025	-7.591212219654237	5
63	1	0.025	-7.542540405248904	5
63	2	0.025	-7.473402130022109	5
63	3	0.025	-7.434612679645022	5
63	4	0.025	-7.756314942600461	5
63	6	0.025	-7.634188179979553	5
63	7	0.025	-7.642341679149398	5
63	8	0.025	-7.57193631029785	5
63	9	0.025	-7.590946162570063	5
64	0	0.025	-7.885041901416738	4
64	1	0.025	-7.805243742864318	4
64	2	0.025	-7.819738005982654	4
64	3	0.025	-7.917430817768569	4
64	5	0.025	-7.8517308717412435	4
64	6	0.025	-7.606561664452251	4
64	7	0.025	-6.449260981058031	4
64	8	0.025	-7.9161009018648745	4
64	9	0.025	-4.296089587964321	4
65	0	0.025	-7.839365257586587	2
65	1	0.025	-7.781752760270606	2
65	3	0.025	-6.156367684286235	2
65	4	0.025	-7.805161289907519	2
65	5	0.025	-7.739171796223298	2
65	6	0.025	-7.906556044109456	2
65	7	0.025	-7.908742064378749	2
65	8	0.025	-7.900239290647652	2
65	9	0.025	-7.841572261708375	2
66	0	0.025	-7.833729256093971	6
66	1	0.025	-7.773877117463153	6
66	2	0.025	-7.668091175997942	6
66	3	0.025	-7.898921407182659	6
66	4	0.025	-7.687432426171052	6
66	5	0.025	-7.722254394480002	6
66	7	0.025	-7.860887023697041	6
66	8	0.025	-7.854010876550841	6
66	9	0.025	-7.83763320906511	6
67	0	0.025	-5.713548703032207	8
67	1	0.025	-7.506138741389832	8
67	2	0.025	-7.341354714574143	8
67	3	0.025	-3.3389995974945705	8
67	4	0.025	-7.682010663458653	8
67	5	0.025	-7.500755674201169	8
67	6	0.025	-7.608003771260086	8
67	7	0.025	-7.608428065716282	8
67	9	0.025	-7.201888116702009	8
68	0	0.025	-7.576743643410552	1
68	2	0.025	-7.264940415278734	1
68	3	0.025	-0.011476864839991906	1
68	4	0.025	-7.643317236506685	1
68	5	0.025	-7.4516207767208895	1
68	6	0.025	-7.634583990904155	1
68	7	0.025	-7.611942678665125	1
68	8	0.025	-6.787239616051601	1
68	9	0.025	-7.565837346465771	1
69	1	0.025	-7.643522211137604	0
69	2	0.025	-7.506093502843394	0
69	3	0.025	-7.7282747430260414	0
69	4	0.025	-7.745230270606753	0
69	5	0.025	-7.5854452743518594	0
69	6	0.025	-7.303849670240986	0
69	7	0.025	-7.110520058780929	0
69	8	0.025	-7.711303972391838	0
69	9	0.025	-7.681087429062791	0
70	0	0.025	-7.84251668698061	6
70	1	0.025	-7.778773039594427	6
70	2	0.025	-7.658635830989724	6
70	3	0.025	-7.897733490619581	6
70	4	0.025	-7.7120262311713885	6
70	5	0.025	-7.722813749817438	6
70	7	0.025	-7.869462082580048	6
70	8	0.025	-7.862830224577772	6
70	9	0.025	-7.86546684611782	6
71	0	0.025	-7.657278980553541	9
71	1	0.025	-7.588909140909046	9
71	2	0.025	-7.577669843539093	9
71	3	0.025	-1.7027852801934389	9
71	4	0.025	-7.65278914159488	9
71	5	0.025	-6.853725970360269	9
71	6	0.025	-7.73545694193627	9
71	7	0.025	-7.444701127594428	9
71	8	0.025	-7.6682757276657485	9
72	0	0.025	-7.604496599577126	5
72	1	0.025	-7.544906555854049	5
72	2	0.025	-7.429744355960448	5
72	3	0.025	-5.716766317776972	5
72	4	0.025	-7.804802719365339	5
72	6	0.025	-7.649777483439521	5
72	7	0.025	-7.628299130641201	5
72	8	0.025	-6.493291672572903	5
72	9	0.025	-7.589391976375584	5
73	0	0.025	-7.6261078916870835	5
73	1	0.025	-7.5766754481020975	5
73	2	0.025	-7.469451407959597	5
73	3	0.025	-7.426337749833344	5
73	4	0.025	-7.8108571562432445	5
73	6	0.025	-4.61214101167497	5
73	7	0.025	-7.680868064842204	5
73	8	0.025	-7.578906515650839	5
73	9	0.025	-7.673984178993399	5
74	0	0.025	-7.88379017294155	4
74	1	0.025	-7.81067070441334	4
74	2	0.025	-7.874386260535444	4
74	3	0.025	-7.9275121362616305	4
74	5	0.025	-7.833532475622142	4
74	6	0.025	-7.94939215920945	4
74	7	0.025	-7.871739640375174	4
74	8	0.025	-7.8973117227654015	4
74	9	0.025	-5.711183708586719	4
75	0	0.025	-7.462912085830308	1
75	2	0.025	-7.172294739065331	1
75	3	0.025	-7.466613820514771	1
75	4	0.025	-4.467678024039767	1
75	5	0.025	-7.422454469151258	1
75	6	0.025	-7.511678980289358	1
75	7	0.025	-7.111352430403294	1
75	8	0.025	-6.256482122920978	1
75	9	0.025	-7.350896397958018	1
76	0	0.025	-7.824553723365443	6
76	1	0.025	-7.75417516700794	6
76	2	0.025	-7.573615056815226	6
76	3	0.025	-7.8452974031768274	6
76	4	0.025	-7.7389609455422095	6
76	5	0.025	-7.709595955597768	6
76	7	0.025	-7.8648675619707475	6
76	8	0.025	-6.728259816140809	6
76	9	0.025	-7.857907235329727	6
77	0	0.025	-7.009943665847787	7
77	1	0.025	-6.934040750672527	7
77	2	0.025	-6.805354229239946	7
77	3	0.025	-1.1434809164045971	7
77	4	0.025	-7.0806118627573795	7
77	5	0.025	-6.949964741831164	7
77	6	0.025	-7.105609930898308	7
77	8	0.025	-7.058101233028033	7
77	9	0.025	-6.8606121711451715	7
78	0	0.025	-2.919390512648394	5
78	1	0.025	-7.5066793879756775	5
78	2	0.025	-7.422176617184303	5
78	3	0.025	-7.2984933587277805	5
78	4	0.025	-7.728781100904984	5
78	6	0.025	-7.382833977741457	5
78	7	0.025	-7.605617591014189	5
78	8	0.025	-7.512821891941478	5
78	9	0.025	-7.58056207351837	5
79	0	0.025	-4.694150491551257	2
79	1	0.025	-4.619104674449239	2
79	3	0.025	-3.0209082038729864	2
79	4	0.025	-4.3279435570731115	2
79	5	0.025	-4.609096484099061	2
79	6	0.025	-4.762124118039469	2
79	7	0.025	0.3087710858500979	2
79	8	0.025	-4.76312788905957	2
79	9	0.025	-4.612569680398894	2
80	0	0.025	-7.730140630891354	9
80	1	0.025	-7.65561215547946	9
80	2	0.025	-7.628021334542464	9
80	3	0.025	-7.722934089345194	9
80	4	0.025	-4.14804976304853	9
80	5	0.025	-7.682414501708697	9
80	6	0.025	-7.822573271670754	9
80	7	0.025	-7.707459862686899	9
80	8	0.025	-7.737917123223253	9
81	1	0.025	-7.642102320734118	0
81	2	0.025	-7.414075369080056	0
81	3	0.025	-7.736188263696933	0
81	4	0.025	-7.520946640834173	0
81	5	0.025	-7.577580501529151	0
81	6	0.025	-5.275410104658962	0
81	7	0.025	-7.71439701826674	0
81	8	0.025	-7.707421918150692	0
81	9	0.025	-7.699021711103763	0
82	0	0.025	-6.415823808458241	6
82	1	0.025	-7.7784607059598185	6
82	2	0.025	-7.669203277642706	6
82	3	0.025	-7.904340968396882	6
82	4	0.025	-7.578008161846666	6
82	5	0.025	-7.7234815673237565	6
82	7	0.025	-7.86221845796058	6
82	8	0.025	-7.858525260825533	6
82	9	0.025	-7.844791973834928	6
83	0	0.025	-7.926940342001228	4
83	1	0.025	-7.8533839474960025	4
83	2	0.025	-7.88578798778916	4
83	3	0.025	-7.973543399100448	4
83	5	0.025	-7.878856489412108	4
83	6	0.025	-7.809648878337344	4
83	7	0.025	-7.915535411530651	4
83	8	0.025	-7.948366392459503	4
83	9	0.025	-7.260081411717931	4
84	0	0.025	-7.846938364125116	4
84	1	0.025	-7.766172468940831	4
84	2	0.025	-7.8209231023654935	4
84	3	0.025	-7.879029523813718	4
84	5	0.025	-7.796958102533154	4
84	6	0.025	-7.914692321172252	4
84	7	0.025	-7.835659306283672	4
84	8	0.025	-7.847381658733008	4
84	9	0.025	-6.786143226771791	4
85	0	0.025	-4.391083428015126	2
85	1	0.025	-4.321864486997686	2
85	3	0.025	0.04605652846349506	2
85	4	0.025	-4.5015622542695795	2
85	5	0.025	-4.319324380630342	2
85	6	0.025	-4.483537365609067	2
85	7	0.025	-0.724284665131206	2
85	8	0.025	-4.429275146530787	2
85	9	0.025	-4.338481366938209	2
86	0	0.025	-7.7421682763772015	8
86	1	0.025	-7.6636739166404135	8
86	2	0.025	-7.487126233140115	8
86	3	0.025	-7.724846457351962	8
86	4	0.025	-6.258473648237297	8
86	5	0.025	-7.69492287861272	8
86	6	0.025	-7.787146402939667	8
86	7	0.025	-7.7702215205647365	8
86	9	0.025	-5.277641900070309	8
87	0	0.025	-7.531007758248965	7
87	1	0.025	-7.0468027472567325	7
87	2	0.025	-7.280193973747281	7
87	3	0.025	-7.520433273030548	7
87	4	0.025	-7.523340205186785	7
87	5	0.025	-7.511207309952412	7
87	6	0.025	-7.627798297804555	7
87	8	0.025	-7.599252539907087	7
87	9	0.025	-7.352054794686068	7
88	0	0.025	-7.768573971590408	8
88	1	0.025	-7.704809572910139	8
88	2	0.025	-7.497229153831611	8
88	3	0.025	-7.752272598451608	8
88	4	0.025	-7.909982509999004	8
88	5	0.025	-7.706301064978252	8
88	6	0.025	-7.802914487735851	8
88	7	0.025	-7.832886482390908	8
88	9	0.025	-7.614256313673125	8
89	0	0.025	-6.075212876359774	3
89	1	0.025	-5.285509925059481	3
89	2	0.025	-5.832676437345328	3
89	4	0.025	-6.264636702633579	3
89	5	0.025	-5.92094387228272	3
89	6	0.025	-6.139558890993239	3
89	7	0.025	-6.140309454954648	3
89	8	0.025	-6.078740086402058	3
89	9	0.025	-5.813189335664393	3
90	1	0.025	-7.646411543429278	0
90	2	0.025	-7.500709062682377	0
90	3	0.025	-7.72714026033816	0
90	4	0.025	-7.76110794110854	0
90	5	0.025	-7.589770893865377	0
90	6	0.025	-7.685815377192966	0
90	7	0.025	-7.7356578702066034	0
90	8	0.025	-7.710238037454978	0
90	9	0.025	-7.692880968867807	0
91	0	0.025	-8.004895490466257	9
91	1	0.025	-7.937410658216976	9
91	2	0.025	-7.9467594117699285	9
91	3	0.025	-7.650429175651042	9
91	4	0.025	-7.857787703871909	9
91	5	0.025	-7.955692634771878	9
91	6	0.025	-8.094618502845623	9
91	7	0.025	-7.96967703114886	9
91	8	0.025	-8.017755523396291	9
92	1	0.025	-7.641016789130347	0
92	2	0.025	-7.446890750295761	0
92	3	0.025	-7.676629071954755	0
92	4	0.025	-7.7668364316625755	0
92	5	0.025	-7.5792532686865455	0
92	6	0.025	-7.6811430107817324	0
92	7	0.025	-7.735493105865864	0
92	8	0.025	-7.695721546565457	0
92	9	0.025	-7.685265951051305	0
93	0	0.025	-6.543425908449489	1
93	2	0.025	-6.246386609001515	1
93	3	0.025	-1.195046066930614	1
93	4	0.025	-6.615411789795137	1
93	5	0.025	-6.44660253136317	1
93	6	0.025	-6.59261518670366	1
93	7	0.025	-6.587924908126896	1
93	8	0.025	-5.66732276721623	1
93	9	0.025	-6.314569303919348	1
94	0	0.025	-7.64520192687438	1
94	2	0.025	-7.329243872545828	1
94	3	0.025	-6.855411694596882	1
94	4	0.025	-6.073091979170545	1
94	5	0.025	-7.571005477535637	1
94	6	0.025	-7.703489733302468	1
94	7	0.025	-7.044624994139985	1
94	8	0.025	-7.5896817946407475	1
94	9	0.025	-7.569544343708403	1
95	0	0.025	-7.78768541202553	9
95	1	0.025	-7.7325958279009805	9
95	2	0.025	-7.742114396070264	9
95	3	0.025	-7.696938129077629	9
95	4	0.025	-7.782714253091683	9
95	5	0.025	-1.8967718336622699	9
95	6	0.025	-7.881935005305607	9
95	7	0.025	-4.916097876560481	9
95	8	0.025	-7.808905025984614	9
96	0	0.025	-7.888727240256332	4
96	1	0.025	-7.805391297499794	4
96	2	0.025	-7.86506674042978	4
96	3	0.025	-7.925204877800576	4
96	5	0.025	-7.842733982146721	4
96	6	0.025	-7.967938578738613	4
96	7	0.025	-7.873812187117727	4
96	8	0.025	-7.914241706669965	4
96	9	0.025	-6.211675829008583	4
97	0	0.025	-2.1500811939407014	5
97	1	0.025	-2.0900065623621047	5
97	2	0.025	-1.927542299526631	5
97	3	0.025	3.258990252864123	5
97	4	0.025	-2.3300623821366937	5
97	6	0.025	-2.1946674331719107	5
97	7	0.025	-2.217255387929208	5
97	8	0.025	-1.5916876968013505	5
97	9	0.025	-2.143011097610764	5
98	0	0.025	-2.8220509597119534	9
98	1	0.025	-2.764297844491046	9
98	2	0.025	-2.7174974931360096	9
98	3	0.025	-2.8427560399501024	9
98	4	0.025	1.5327617465555219	9
98	5	0.025	-2.7634702095155075	9
98	6	0.025	-2.866678446510636	9
98	7	0.025	-2.625333102701571	9
98	8	0.025	-2.8475451708150783	9
100	0	0.025	-7.839890384521773	6
100	1	0.025	-7.7806037514525626	6
100	2	0.025	-7.658875594673446	6
100	3	0.025	-7.9004006250001915	6
100	4	0.025	-7.712788653142393	6
100	5	0.025	-7.724339706564554	6
100	7	0.025	-7.8705857300750885	6
100	8	0.025	-7.855665360521662	6
100	9	0.025	-7.864358222243113	6
101	0	0.025	-7.374343957952907	6
101	1	0.025	-7.315348839891108	6
101	2	0.025	-7.222256758301853	6
101	3	0.025	-7.4008626780606805	6
101	4	0.025	-7.4154072332393115	6
101	5	0.025	-4.5451001500717165	6
101	7	0.025	-7.41156505700662	6
101	8	0.025	-4.689725197665393	6
101	9	0.025	-7.401361044509496	6
102	1	0.025	-7.650123915578958	0
102	2	0.025	-7.481340063504561	0
102	3	0.025	-7.7289791844083675	0
102	4	0.025	-7.766940219083679	0
102	5	0.025	-7.593202668651117	0
102	6	0.025	-7.700349453902779	0
102	7	0.025	-7.738754244334593	0
102	8	0.025	-7.713686917515986	0
102	9	0.025	-7.696373151634019	0
103	0	0.025	-7.52896917278735	7
103	1	0.025	-7.458696762038725	7
103	2	0.025	-7.3754037221924	7
103	3	0.025	-7.381596613736808	7
103	4	0.025	-7.548460151205476	7
103	5	0.025	-7.201126764174565	7
103	6	0.025	-7.605995920059518	7
103	8	0.025	-7.5803411733234	7
103	9	0.025	-7.209173968010744	7
105	0	0.025	-3.442028736867237	8
105	1	0.025	-3.3693995577602354	8
105	2	0.025	-3.1248483957835083	8
105	3	0.025	4.042261714994678	8
105	4	0.025	-3.5411339799008767	8
105	5	0.025	-3.3616661788065727	8
105	6	0.025	-3.530424988283101	8
105	7	0.025	-3.4391589805260794	8
105	9	0.025	-0.4940912284499693	8
106	0	0.025	-5.810925721383261	4
106	1	0.025	-5.744293297867917	4
106	2	0.025	-5.239142830350177	4
106	3	0.025	-5.829258865777583	4
106	5	0.025	-5.7331889720112	4
106	6	0.025	-3.2601611673966797	4
106	7	0.025	-5.831719655685511	4
106	8	0.025	-4.45011940355399	4
106	9	0.025	-5.675053155167655	4
107	0	0.025	-7.738074039546103	8
107	1	0.025	-7.661235379672334	8
107	2	0.025	-7.469161302392567	8
107	3	0.025	-7.655167883108421	8
107	4	0.025	-7.884094599321125	8
107	5	0.025	-7.677247536927542	8
107	6	0.025	-7.7852856731895645	8
107	7	0.025	-4.954852281250487	8
107	9	0.025	-7.706220537845304	8
108	0	0.025	0.011609699235496571	8
108	1	0.025	0.08071700341409346	8
108	2	0.025	0.2779370892457965	8
108	3	0.025	4.770846553566482	8
108	4	0.025	-0.11354012237201497	8
108	5	0.025	0.24910234141644721	8
108	6	0.025	-0.056847669151589376	8
108	7	0.025	-0.02479511137288896	8
108	9	0.025	4.400673098609114	8
109	0	0.025	-1.5018341588884498	1
109	2	0.025	-1.2149477488017821	1
109	3	0.025	5.23097511453492	1
109	4	0.025	-1.5033733969563614	1
109	5	0.025	-1.3735190640322936	1
109	6	0.025	-1.531183174734227	1
109	7	0.025	-1.547395517260756	1
109	8	0.025	1.9332777707637048	1
109	9	0.025	-1.4618325527299658	1
110	0	0.025	-6.714741391536696	8
110	1	0.025	-6.656329958482226	8
110	2	0.025	-6.485460845288572	8
110	3	0.025	-6.7030331397901834	8
110	4	0.025	-6.848332357343355	8
110	5	0.025	-6.659109913610312	8
110	6	0.025	-6.74707588887334	8
110	7	0.025	-6.778656900706911	8
110	9	0.025	-6.672428053721992	8
111	1	0.025	-7.641151382822447	0
111	2	0.025	-7.506842863891835	0
111	3	0.025	-7.7199055102901974	0
111	4	0.025	-7.745620047754141	0
111	5	0.025	-7.583936291445892	0
111	6	0.025	-7.535223868907948	0
111	7	0.025	-7.676893500302829	0
111	8	0.025	-4.20155196167497	0
111	9	0.025	-7.685068609406836	0
112	0	0.025	-7.81954350345992	2
112	1	0.025	-7.76549936676035	2
112	3	0.025	-7.729913467086914	2
112	4	0.025	-7.834363379021678	2
112	5	0.025	-7.736621541252657	2
112	6	0.025	-7.872398923401926	2
112	7	0.025	-7.887977522541198	2
112	8	0.025	-4.251346945580084	2
112	9	0.025	-5.96334543496837	2
113	0	0.025	-7.970373121209892	9
113	1	0.025	-7.890063537443409	9
113	2	0.025	-7.851480632332206	9
113	3	0.025	-7.968496335707781	9
113	4	0.025	-7.858093469193826	9
113	5	0.025	-7.947113414749393	9
113	6	0.025	-8.07764678048159	9
113	7	0.025	-5.222146350204878	9
113	8	0.025	-7.992385891365617	9
114	0	0.025	-3.854003662563774	1
114	2	0.025	-3.5462757931076534	1
114	3	0.025	-3.8472724948417465	1
114	4	0.025	-3.8712984435672424	1
114	5	0.025	-3.794473910467048	1
114	6	0.025	-3.5212948562633426	1
114	7	0.025	-3.9184514221085363	1
114	8	0.025	-3.625615024862022	1
114	9	0.025	-3.823388384291017	1
115	1	0.025	-6.9148113432412766	0
115	2	0.025	-4.454168400791216	0
115	3	0.025	-6.984939288723607	0
115	4	0.025	-7.028743887943767	0
115	5	0.025	-5.017444636341108	0
115	6	0.025	-6.95211217448964	0
115	7	0.025	-7.003592950460519	0
115	8	0.025	-6.981241070270538	0
115	9	0.025	-6.961506963469809	0
116	0	0.025	-7.840114542442195	3
116	1	0.025	-7.772921912486452	3
116	2	0.025	-4.580168581655544	3
116	4	0.025	-8.026445571839956	3
116	5	0.025	-7.680145914720611	3
116	6	0.025	-7.917187336461764	3
116	7	0.025	-7.896651110499695	3
116	8	0.025	-7.85211564368658	3
116	9	0.025	-7.829295567778953	3
117	0	0.025	-7.948916461591083	9
117	1	0.025	-7.882433503717462	9
117	2	0.025	-7.833504259908214	9
117	3	0.025	-2.3288612495150343	9
117	4	0.025	-7.86385835221453	9
117	5	0.025	-7.8649639222234615	9
117	6	0.025	-8.0559712811357	9
117	7	0.025	-7.908661886958821	9
117	8	0.025	-7.969559398927711	9
118	0	0.025	-7.534026466133018	7
118	1	0.025	-7.463638917247934	7
118	2	0.025	-7.374498748319875	7
118	3	0.025	-4.0142320077771725	7
118	4	0.025	-7.539591732147738	7
118	5	0.025	-7.509437033070723	7
118	6	0.025	-7.627108199893245	7
118	8	0.025	-7.600430418693027	7
118	9	0.025	-7.001889187730515	7
119	1	0.025	-7.648849155936488	0
119	2	0.025	-7.504809963856712	0
119	3	0.025	-7.727445205305133	0
119	4	0.025	-7.764808799405774	0
119	5	0.025	-7.593348783999807	0
119	6	0.025	-7.701623194573219	0
119	7	0.025	-7.738053703963072	0
119	8	0.025	-7.712492576588759	0
119	9	0.025	-7.692354856394981	0
120	0	0.025	-7.9315071966495125	4
120	1	0.025	-7.863349686715087	4
120	2	0.025	-7.920615938234072	4
120	3	0.025	-8.005677832314916	4
120	5	0.025	-7.894230806917943	4
120	6	0.025	-7.258335137585151	4
120	7	0.025	-5.909935295610189	4
120	8	0.025	-7.962165614709086	4
120	9	0.025	-4.230374417179203	4
121	0	0.025	-8.009774674141262	9
121	1	0.025	-7.950476583545743	9
121	2	0.025	-7.937678400732945	9
121	3	0.025	-8.042183793827908	9
121	4	0.025	-7.671630440198255	9
121	5	0.025	-7.972834624749545	9
121	6	0.025	-8.08631904325664	9
121	7	0.025	-7.9584475096279785	9
121	8	0.025	-8.031734341365288	9
122	0	0.025	-7.84283893016336	6
122	1	0.025	-7.782155172139886	6
122	2	0.025	-7.645892897154071	6
122	3	0.025	-7.897388223865018	6
122	4	0.025	-7.733423262745138	6
122	5	0.025	-7.726495683490387	6
122	7	0.025	-7.875013370199932	6
122	8	0.025	-7.37939080737426	6
122	9	0.025	-7.877090497319748	6
123	0	0.025	-7.756504518622837	8
123	1	0.025	-7.695878826227569	8
123	2	0.025	-7.524809101560774	8
123	3	0.025	-7.739750254332038	8
123	4	0.025	-7.85019511883005	8
123	5	0.025	-7.698602744934209	8
123	6	0.025	-7.80431262844598	8
123	7	0.025	-7.760193187578594	8
123	9	0.025	-6.054526409688668	8
124	0	0.025	-5.66733585154539	9
124	1	0.025	-5.593400254767243	9
124	2	0.025	-5.567476340730631	9
124	3	0.025	-1.3602976304467873	9
124	4	0.025	-5.641643349502526	9
124	5	0.025	-5.589879677961278	9
124	6	0.025	-5.1361514631050404	9
124	7	0.025	-4.205194341874069	9
124	8	0.025	-5.676853804071091	9
125	0	0.025	-7.9280944836533465	3
125	1	0.025	-7.850270860137786	3
125	2	0.025	-7.696120474615246	3
125	4	0.025	-8.108685574354807	3
125	5	0.025	-7.780266696504056	3
125	6	0.025	-8.012923805482387	3
125	7	0.025	-7.952852340410654	3
125	8	0.025	-7.941082182352522	3
125	9	0.025	-7.516480539435442	3
126	0	0.025	-2.576630092420864	5
126	1	0.025	-1.4162111872623613	5
126	2	0.025	-2.399730785329138	5
126	3	0.025	-2.130077026466059	5
126	4	0.025	-2.722601881638017	5
126	6	0.025	-1.3791447045483398	5
126	7	0.025	-2.653159801181066	5
126	8	0.025	-2.5556472791854907	5
126	9	0.025	-2.5822937645666864	5
127	0	0.025	-4.755105897493726	4
127	1	0.025	-4.692771843950632	4
127	2	0.025	-4.713678412431496	4
127	3	0.025	-4.821757582604265	4
127	5	0.025	-4.675221093676529	4
127	6	0.025	2.2425869189479797	4
127	7	0.025	-4.649532000647663	4
127	8	0.025	-4.7732039093733185	4
127	9	0.025	-4.317346825188256	4
128	0	0.025	-7.924463418203318	3
128	1	0.025	-7.856380374498032	3
128	2	0.025	-7.695791895537561	3
128	4	0.025	-8.091578034404009	3
128	5	0.025	-7.771902287452796	3
128	6	0.025	-8.009822072651872	3
128	7	0.025	-7.9569892437078185	3
128	8	0.025	-7.926145470840573	3
128	9	0.025	-6.148149426965044	3
129	0	0.025	-5.3632302222210395	2
129	1	0.025	-5.302207777281312	2
129	3	0.025	-5.311249822867965	2
129	4	0.025	-5.376383533304319	2
129	5	0.025	-5.286599991200335	2
129	6	0.025	-5.40985536676762	2
129	7	0.025	-5.4522903372859775	2
129	8	0.025	-5.413577039495775	2
129	9	0.025	-5.379025669888646	2
130	0	0.025	-2.026477229560987	2
130	1	0.025	-1.965878934866525	2
130	3	0.025	1.6590695396565776	2
130	4	0.025	-2.183747172383437	2
130	5	0.025	-1.9097571460787055	2
130	6	0.025	-2.086774331088348	2
130	7	0.025	-1.752259997627309	2
130	8	0.025	-0.06529469512958873	2
130	9	0.025	-2.0180557081942583	2
131	0	0.025	-7.8270710927941325	4
131	1	0.025	-7.7513767328631324	4
131	2	0.025	-7.813663630326077	4
131	3	0.025	-7.86202023307221	4
131	5	0.025	-7.778568846283325	4
131	6	0.025	-7.906206625907746	4
131	7	0.025	-6.4066866145018935	4
131	8	0.025	-7.844458118694007	4
131	9	0.025	-7.135395996205415	4
132	1	0.025	-7.647107781889878	0
132	2	0.025	-7.501839073269883	0
132	3	0.025	-7.727590265352852	0
132	4	0.025	-7.755107304033156	0
132	5	0.025	-7.586551488821755	0
132	6	0.025	-7.671742918867592	0
132	7	0.025	-7.732067049060592	0
132	8	0.025	-7.707133111544241	0
132	9	0.025	-7.692585126001689	0
133	0	0.025	-7.933379001824118	3
133	1	0.025	-7.714675124763604	3
133	2	0.025	-7.607805729897365	3
133	4	0.025	-8.112490705324976	3
133	5	0.025	-7.575889528124313	3
133	6	0.025	-8.009129194500604	3
133	7	0.025	-7.988006699293623	3
133	8	0.025	-7.942560399836744	3
133	9	0.025	-7.921671665893154	3
134	0	0.025	-7.296777394533169	2
134	1	0.025	-7.650097971819765	2
134	3	0.025	-7.601002444242124	2
134	4	0.025	-7.635956369166488	2
134	5	0.025	-7.606802598887614	2
134	6	0.025	-7.738189294539123	2
134	7	0.025	-7.770029948267546	2
134	8	0.025	-7.754156154514948	2
134	9	0.025	-7.738231266221619	2
135	0	0.025	-7.926122060460074	3
135	1	0.025	-7.858688097866617	3
135	2	0.025	-7.695364000958968	3
135	4	0.025	-8.079726893124969	3
135	5	0.025	-7.773326946920836	3
135	6	0.025	-8.010398879456226	3
135	7	0.025	-7.971614319213189	3
135	8	0.025	-7.791243161761856	3
135	9	0.025	-6.335973451867872	3
136	0	0.025	-7.58462783044299	5
136	1	0.025	-7.509518883793284	5
136	2	0.025	-7.377795086371189	5
136	3	0.025	-2.0317294524120295	5
136	4	0.025	-7.7472394090740195	5
136	6	0.025	-7.646066598314628	5
136	7	0.025	-7.093057444022364	5
136	8	0.025	-7.026624444850337	5
136	9	0.025	-7.526331037434927	5
137	0	0.025	-5.699198651026012	1
137	2	0.025	-5.392117579837801	1
137	3	0.025	-5.600688738445566	1
137	4	0.025	-5.730710746546484	1
137	5	0.025	-5.634775448443201	1
137	6	0.025	-5.739796082764435	1
137	7	0.025	-5.7560096486777566	1
137	8	0.025	-5.541016250743326	1
137	9	0.025	-5.663427261852518	1
138	0	0.025	-7.516707566263291	1
138	2	0.025	-7.211610168251142	1
138	3	0.025	-7.502781431727601	1
138	4	0.025	-6.183024051858697	1
138	5	0.025	-7.467550347664783	1
138	6	0.025	-7.580528025935626	1
138	7	0.025	-5.622657446992689	1
138	8	0.025	-7.563529318617297	1
138	9	0.025	-7.2054340491461675	1
139	0	0.025	-7.8611874623787585	2
139	1	0.025	-6.704776747318048	2
139	3	0.025	-7.574452435694169	2
139	4	0.025	-7.873685617240133	2
139	5	0.025	-7.790688945314588	2
139	6	0.025	-7.924850814059474	2
139	7	0.025	-7.382348565015333	2
139	8	0.025	-7.883805706985497	2
139	9	0.025	-7.869903667374602	2
140	0	0.025	-7.891829927733089	4
140	1	0.025	-7.815235953852362	4
140	2	0.025	-7.888189584016537	4
140	3	0.025	-7.949468133495827	4
140	5	0.025	-7.8505789339652905	4
140	6	0.025	-7.964335121767904	4
140	7	0.025	-3.827957635822872	4
140	8	0.025	-7.915506921848178	4
140	9	0.025	-7.012124609680741	4
141	0	0.025	-7.770595406738184	8
141	1	0.025	-7.70530837289476	8
141	2	0.025	-7.510347970693544	8
141	3	0.025	-6.30882527710974	8
141	4	0.025	-7.881152395270193	8
141	5	0.025	-7.6958939072133665	8
141	6	0.025	-7.792767075791977	8
141	7	0.025	-7.828677904945875	8
141	9	0.025	-7.5828672371754005	8
142	0	0.025	-7.858125643310171	2
142	1	0.025	-7.8028215259234015	2
142	3	0.025	-7.21484161594787	2
142	4	0.025	-7.80507071077502	2
142	5	0.025	-7.770964371580965	2
142	6	0.025	-7.912442890687996	2
142	7	0.025	-7.933382939459948	2
142	8	0.025	-7.896581706379653	2
142	9	0.025	-7.872838951949184	2
143	0	0.025	-7.651022025246871	2
143	1	0.025	-7.60119221323877	2
143	3	0.025	-7.5601983153116645	2
143	4	0.025	-7.598044165504489	2
143	5	0.025	-7.568043359139505	2
143	6	0.025	-7.715871819893482	2
143	7	0.025	-7.723265469995163	2
143	8	0.025	-7.721637837832522	2
143	9	0.025	-7.664116055202679	2
144	0	0.025	-7.831661115042832	6
144	1	0.025	-7.771246673332771	6
144	2	0.025	-7.664350105004046	6
144	3	0.025	-7.893577239105446	6
144	4	0.025	-7.690374520512394	6
144	5	0.025	-7.721317095105033	6
144	7	0.025	-7.8553714735509725	6
144	8	0.025	-7.859003550822533	6
144	9	0.025	-7.830691894107954	6
145	0	0.025	-7.735474592774722	8
145	1	0.025	-7.672483590500148	8
145	2	0.025	-1.555507314215334	8
145	3	0.025	-7.718693211384842	8
145	4	0.025	-7.8460031788525795	8
145	5	0.025	-7.676447570986434	8
145	6	0.025	-7.779617287115763	8
145	7	0.025	-7.790262863255602	8
145	9	0.025	-7.747240480568227	8
146	0	0.025	-7.026712767973104	6
146	1	0.025	-7.0902076412704735	6
146	2	0.025	-6.9688263964315835	6
146	3	0.025	-7.1567004840566675	6
146	4	0.025	-7.23211595224017	6
146	5	0.025	-4.438326640098935	6
146	7	0.025	-7.1987985642117645	6
146	8	0.025	-2.1906196043866863	6
146	9	0.025	-7.182624186163478	6
147	0	0.025	-7.6502446172929925	1
147	2	0.025	-7.347400294595125	1
147	3	0.025	-7.648582395076373	1
147	4	0.025	-7.479817181079033	1
147	5	0.025	-7.5956251366183505	1
147	6	0.025	-7.68555700735685	1
147	7	0.025	-7.014303747697214	1
147	8	0.025	-7.680054767133429	1
147	9	0.025	-7.628618746469601	1
148	0	0.025	-4.46901912969063	7
148	1	0.025	-3.033556624368834	7
148	2	0.025	0.21892822661337574	7
148	3	0.025	3.0361972934488013	7
148	4	0.025	-4.414717043150759	7
148	5	0.025	-4.3954301406829055	7
148	6	0.025	-3.6068147200735363	7
148	8	0.025	-4.529967466979659	7
148	9	0.025	-4.356218955693005	7
149	1	0.025	-7.650141825140923	0
149	2	0.025	-7.506913099918191	0
149	3	0.025	-7.72640286531354	0
149	4	0.025	-7.765971131167524	0
149	5	0.025	-7.588155403274362	0
149	6	0.025	-7.697602015243037	0
149	7	0.025	-7.738251858389766	0
149	8	0.025	-7.709447094184053	0
149	9	0.025	-7.695456634024039	0
150	0	0.025	-5.653732346829425	6
150	1	0.025	-5.595593011065182	6
150	2	0.025	-5.498356839735071	6
150	3	0.025	-5.7138857928452795	6
150	4	0.025	-1.414677715431853	6
150	5	0.025	-5.545801115325751	6
150	7	0.025	-5.686357329041475	6
150	8	0.025	-5.679805657246269	6
150	9	0.025	-5.643384814166527	6
1	0	0.075	2.4887046631643517	2
1	1	0.075	1.0676419531729673	2
1	3	0.075	7.435639127522317	2
1	4	0.075	-0.13488580516114682	2
1	5	0.075	2.6934531975857756	2
1	6	0.075	6.072054724750107	2
1	7	0.075	2.6951331097413496	2
1	8	0.075	6.521378508133482	2
1	9	0.075	1.4421476295175653	2
2	1	0.075	-7.63440255034619	0
2	2	0.075	-7.4861804583583105	0
2	3	0.075	-7.702834128597347	0
2	4	0.075	-4.94477667297845	0
2	5	0.075	-7.368603630450878	0
2	6	0.075	-6.716210346770417	0
2	7	0.075	-7.698136385738349	0
2	8	0.075	-5.004092448179624	0
2	9	0.075	-6.835216648032706	0
3	0	0.075	-3.2937173254374597	4
3	1	0.075	-3.419540537292613	4
3	2	0.075	-3.389039972602645	4
3	3	0.075	-2.908959696798654	4
3	5	0.075	-3.425341993802208	4
3	6	0.075	1.3152576227534103	4
3	7	0.075	1.8588396370520681	4
3	8	0.075	-3.366338853027273	4
3	9	0.075	2.9575975291467453	4
4	0	0.075	5.80666127062201	8
4	1	0.075	5.519057011635189	8
4	2	0.075	0.9228427499647427	8
4	3	0.075	7.344358008538455	8
4	4	0.075	1.4212405877604495	8
4	5	0.075	6.384078840248238	8
4	6	0.075	6.302510064826059	8
4	7	0.075	2.158976314934633	8
4	9	0.075	4.571724134599276	8
5	0	0.075	-7.506360232951202	7
5	1	0.075	-6.6677544495101095	7
5	2	0.075	-7.0554515125391175	7
5	3	0.075	0.06864499166641078	7
5	4	0.075	-7.477011120751111	7
5	5	0.075	-7.4394580256146305	7
5	6	0.075	-7.584620139698029	7
5	8	0.075	-4.355575295203663	7
5	9	0.075	-1.47466589495265	7
6	0	0.075	-6.611857672133635	6
6	1	0.075	-6.551485193121684	6
6	2	0.075	-4.632801599800698	6
6	3	0.075	-6.637770554008555	6
6	4	0.075	-6.39578164009605	6
6	5	0.075	-4.993830765459881	6
6	7	0.075	-6.636891216105646	6
6	8	0.075	-3.4034689115344903	6
6	9	0.075	-4.108775961920127	6
7	1	0.075	-7.474607515028247	0
7	2	0.075	-7.034118481195709	0
7	3	0.075	-5.257472258677212	0
7	4	0.075	-7.724558144296164	0
7	5	0.075	-1.0615665756291546	0
7	6	0.075	-6.665695330454152	0
7	7	0.075	-0.23446534947231928	0
7	8	0.075	-7.663638999288159	0
7	9	0.075	-1.981511473434976	0
8	0	0.075	6.336940510645976	6
8	1	0.075	0.25034747799233964	6
8	2	0.075	2.135278135444231	6
8	3	0.075	5.295926944747083	6
8	4	0.075	3.1258247537687343	6
8	5	0.075	7.162089929165299	6
8	7	0.075	0.07052761921992344	6
8	8	0.075	7.835016601379907	6
8	9	0.075	0.9870474811526675	6
9	0	0.075	2.174020171745424	3
9	1	0.075	4.0304597196246394	3
9	2	0.075	3.24767446105265	3
9	4	0.075	-0.09097688162349023	3
9	5	0.075	7.395470107888535	3
9	6	0.075	0.013584612849922708	3
9	7	0.075	0.005493910331222665	3
9	8	0.075	7.329095213955758	3
9	9	0.075	3.269870773565212	3
10	0	0.075	4.619405313078182	1
10	2	0.075	4.851713558419511	1
10	3	0.075	4.165308918361589	1
10	4	0.075	4.655121939805542	1
10	5	0.075	4.891063803415843	1
10	6	0.075	4.865970140870798	1
10	7	0.075	5.477821212887021	1
10	8	0.075	6.433724340685163	1
10	9	0.075	4.2065785321960965	1
11	0	0.075	3.725610281978503	8
11	1	0.075	0.14376967939908455	8
11	2	0.075	6.406986817909708	8
11	3	0.075	5.379478210127479	8
11	4	0.075	4.697646043064987	8
11	5	0.075	5.880643453585733	8
11	6	0.075	7.87258593631347	8
11	7	0.075	0.09837010162059949	8
11	9	0.075	5.307798505105423	8
12	1	0.075	-7.627220978746653	0
12	2	0.075	-7.427235539510057	0
12	3	0.075	-6.698494722143477	0
12	4	0.075	-7.703776294213212	0
12	5	0.075	-7.566632490497426	0
12	6	0.075	-7.658871286927643	0
12	7	0.075	-7.701528270489064	0
12	8	0.075	-6.980746360228037	0
12	9	0.075	-2.6144787382561026	0
13	0	0.075	5.758568535252957	7
13	1	0.075	3.443996794687777	7
13	2	0.075	4.550634284807099	7
13	3	0.075	7.4147779375107	7
13	4	0.075	0.06591747659943206	7
13	5	0.075	5.883569118694991	7
13	6	0.075	4.000651210691809	7
13	8	0.075	1.1485030048178335	7
13	9	0.075	7.252385932583119	7
14	0	0.075	1.1627278453586405	9
14	1	0.075	0.03359395200848477	9
14	2	0.075	0.35755917395971065	9
14	3	0.075	6.416179566506256	9
14	4	0.075	4.6862606424192155	9
14	5	0.075	2.498112232036273	9
14	6	0.075	-0.10159065896603459	9
14	7	0.075	7.142855345080823	9
14	8	0.075	7.520957389055215	9
15	0	0.075	-0.0656487160688571	8
15	1	0.075	-2.793356964224368	8
15	2	0.075	-1.2223290725074403	8
15	3	0.075	2.930764527884129	8
15	4	0.075	-2.751945903957182	8
15	5	0.075	-1.5538048860436584	8
15	6	0.075	1.4936405086998823	8
15	7	0.075	2.5256345512779776	8
15	9	0.075	1.27902626792702	8
16	0	0.075	1.509846226044298	4
16	1	0.075	-4.652787492558477	4
16	2	0.075	-3.166550501882698	4
16	3	0.075	-4.778946189380756	4
16	5	0.075	-4.647416646207244	4
16	6	0.075	1.4775934119412966	4
16	7	0.075	0.8754781824355324	4
16	8	0.075	2.686173444437578	4
16	9	0.075	-4.19702074783232	4
17	0	0.075	4.2340367500286265	5
17	1	0.075	-2.7396221915484866	5
17	2	0.075	-2.50121071262309	5
17	3	0.075	-0.27788726352026194	5
17	4	0.075	-2.619490300636823	5
17	6	0.075	-0.8481945770333947	5
17	7	0.075	-2.7360190854221376	5
17	8	0.075	1.4168633139553628	5
17	9	0.075	-1.465133821999258	5
18	0	0.075	-1.0494647405458712	3
18	1	0.075	0.531594000660497	3
18	2	0.075	-2.0662948941735224	3
18	4	0.075	-2.4602674763437054	3
18	5	0.075	3.608195554999152	3
18	6	0.075	-2.3575176363881316	3
18	7	0.075	-2.328752273413074	3
18	8	0.075	-2.20129871643133	3
18	9	0.075	3.3155683493218455	3
19	0	0.075	1.5022184219969608	4
20	1	0.075	0.19309733413370972	0
20	2	0.075	4.915340300026561	0
20	3	0.075	3.8984237424792467	0
20	4	0.075	4.156194488991698	0
20	5	0.075	7.3467347868476125	0
20	6	0.075	5.448914271351843	0
20	7	0.075	7.631517532151765	0
20	8	0.075	7.80300555258454	0
20	9	0.075	7.5789894857339535	0
21	0	0.075	0.516512538857412	6
21	1	0.075	2.216366269615784	6
21	2	0.075	5.508235223284686	6
21	3	0.075	2.564384188389246	6
21	4	0.075	6.947940406129365	6
21	5	0.075	2.598573821038744	6
21	7	0.075	5.755638310984718	6
21	8	0.075	3.909107556942045	6
21	9	0.075	6.57518877687457	6
22	0	0.075	0.1508413134283967	6
22	1	0.075	6.038742754378186	6
22	2	0.075	5.936666371850804	6
22	3	0.075	7.15979008481763	6
22	4	0.075	7.3989450021521685	6
22	5	0.075	5.00340223697055	6
22	7	0.075	7.029523814906867	6
22	8	0.075	7.110392878517736	6
22	9	0.075	6.900377456922774	6
23	0	0.075	-0.7247600206876504	3
23	1	0.075	3.54303808909029	3
23	2	0.075	3.50964228580368	3
23	4	0.075	-1.5930957511434716	3
23	5	0.075	5.189633054579328	3
23	6	0.075	-1.4763250943150565	3
23	7	0.075	-0.8969672126069972	3
23	8	0.075	-1.4179147621554478	3
23	9	0.075	1.448550043351641	3
24	1	0.075	-0.6111023810216655	0
24	2	0.075	5.5754905377086175	0
24	3	0.075	-0.9989008587322021	0
24	4	0.075	-1.0132452031586068	0
24	5	0.075	3.1578582194165494	0
24	6	0.075	4.88960350224298	0
24	7	0.075	3.24858972301196	0
24	8	0.075	0.8307525505976465	0
24	9	0.075	4.041834279890953	0
25	0	0.075	-0.3021833853274239	2
25	1	0.075	0.5177701913387319	2
25	3	0.075	5.4518909015831865	2
25	4	0.075	-1.6618831201627393	2
25	5	0.075	-1.0662306552722007	2
25	6	0.075	0.3696260789781247	2
25	7	0.075	-1.6901090260690605	2
25	8	0.075	1.599910632538816	2
25	9	0.075	-0.7147550263429199	2
26	0	0.075	-7.928066679828346	3
26	1	0.075	-7.862567805905856	3
26	2	0.075	-7.569345347398588	3
26	4	0.075	-8.11390630516654	3
26	5	0.075	-6.715456221474281	3
26	6	0.075	-8.004394327558217	3
26	7	0.075	-7.980486359389588	3
26	8	0.075	-7.9300554804043015	3
26	9	0.075	-6.3528365750691735	3
27	0	0.075	6.354364589858659	6
27	1	0.075	7.597174181424988	6
27	2	0.075	6.29451431693969	6
27	3	0.075	7.9796814814458665	6
27	4	0.075	7.363545591182991	6
27	5	0.075	7.683720800332019	6
27	7	0.075	1.5800921032630713	6
27	8	0.075	7.870654906462478	6
27	9	0.075	2.2813978329529876	6
28	0	0.075	-0.004169648524879687	6
28	1	0.075	-2.418509611638484	6
28	2	0.075	0.6973394048544161	6
28	3	0.075	-2.4559887717156204	6
28	4	0.075	-2.050913665348864	6
28	5	0.075	-0.8324029854525208	6
28	7	0.075	-3.1768535847761545	6
28	8	0.075	-0.7211324945803473	6
28	9	0.075	-2.6348250811926195	6
29	0	0.075	-0.15446853225801943	7
29	1	0.075	-2.035404447337951	7
29	2	0.075	1.60241389280426	7
29	3	0.075	2.9078950885817245	7
29	4	0.075	-2.1624574962629297	7
29	5	0.075	0.8304159202022452	7
29	6	0.075	-1.1873078697968111	7
29	8	0.075	4.626198277121074	7
29	9	0.075	-0.17771907791605587	7
30	0	0.075	5.830351928410724	4
30	1	0.075	5.389074751789002	4
30	2	0.075	6.616116148689784	4
30	3	0.075	5.79484768233847	4
30	5	0.075	6.320802383773489	4
30	6	0.075	6.571526422340012	4
30	7	0.075	7.80600482540191	4
30	8	0.075	6.785914576345563	4
30	9	0.075	7.895847139246328	4
32	0	0.075	-7.832582109940223	3
32	1	0.075	-7.836262328436398	3
32	2	0.075	-7.571737285936799	3
32	4	0.075	-8.07460991341565	3
32	5	0.075	-7.760864118270455	3
32	6	0.075	-7.999129172825187	3
32	7	0.075	-7.936536539865012	3
32	8	0.075	-7.9230995453855275	3
32	9	0.075	-4.113395090148304	3
33	0	0.075	0.5474274438060035	8
33	1	0.075	-1.7789138829579636	8
33	2	0.075	3.8077525107603067	8
33	3	0.075	3.653061592367736	8
33	4	0.075	-0.9922385103838268	8
33	5	0.075	-1.0139819842524767	8
33	6	0.075	-1.6638897900474556	8
33	7	0.075	-1.99614467703964	8
33	9	0.075	3.665733579741825	8
35	0	0.075	-0.24553203109610638	5
35	1	0.075	1.3750969669370678	5
35	2	0.075	0.12377937147894925	5
35	3	0.075	5.5188520325941	5
35	4	0.075	-0.3295256232678194	5
35	6	0.075	3.2887890783922735	5
35	7	0.075	-0.2803869050529228	5
35	8	0.075	4.55332576591233	5
35	9	0.075	6.219109656471557	5
36	0	0.075	-2.189028597666006	4
36	1	0.075	-2.4071086134757462	4
36	2	0.075	-2.0816815008950535	4
36	3	0.075	-2.500990364807422	4
36	5	0.075	-2.410621529078106	4
36	6	0.075	3.3373786323134933	4
36	7	0.075	-1.2229848133262	4
36	8	0.075	4.949725624928684	4
36	9	0.075	0.9512423839493008	4
37	0	0.075	2.7703317199936945	2
37	1	0.075	-0.13895413588055472	2
38	0	0.075	-2.3195203975165666	5
38	1	0.075	-4.474763006798935	5
38	2	0.075	-1.1836286922544905	5
38	3	0.075	-1.2369115811230973	5
38	4	0.075	-4.3020071835493985	5
38	6	0.075	-4.5362901760689995	5
38	7	0.075	-4.482795291277728	5
38	8	0.075	0.9545780833155975	5
38	9	0.075	-4.531099014062191	5
39	0	0.075	7.692570752461394	5
39	1	0.075	7.032724558398474	5
39	2	0.075	7.833653442182037	5
39	3	0.075	7.8486777650003745	5
39	4	0.075	7.755822510102798	5
39	6	0.075	6.970756608142768	5
39	7	0.075	7.225579478098988	5
39	8	0.075	7.675806129355216	5
39	9	0.075	7.392599382564316	5
40	0	0.075	0.037783707807331667	8
40	1	0.075	4.548275558438777	8
40	2	0.075	1.42647591065531	8
40	3	0.075	7.954704500160007	8
40	4	0.075	5.3935982597748895	8
40	5	0.075	4.706306240160468	8
40	6	0.075	-0.014173204984678276	8
40	7	0.075	0.004051598600294034	8
40	9	0.075	0.86704773283534	8
41	0	0.075	-7.60176282299897	5
41	1	0.075	-7.561242316131003	5
41	2	0.075	-7.434164354793709	5
41	3	0.075	-6.530839457002852	5
41	4	0.075	-7.762065132643909	5
41	6	0.075	-7.439350345036601	5
41	7	0.075	-7.6519146673497005	5
41	8	0.075	-7.402067628700034	5
41	9	0.075	-2.5052959022336707	5
42	0	0.075	-0.12776619113964852	2
42	1	0.075	4.801819237820807	2
42	3	0.075	7.7565905971651254	2
42	4	0.075	-0.14348798552705366	2
42	5	0.075	0.12097409325530384	2
42	6	0.075	2.0743561660380894	2
42	7	0.075	5.54082295808055	2
42	8	0.075	7.465256901724373	2
42	9	0.075	4.767127088287841	2
43	0	0.075	6.844048582965806	9
43	1	0.075	2.634166565440978	9
43	2	0.075	6.252153873263309	9
43	3	0.075	7.579858419794715	9
43	4	0.075	7.788498029017048	9
43	5	0.075	6.751177369598611	9
43	6	0.075	6.745539468916714	9
43	7	0.075	5.525486528894514	9
43	8	0.075	7.1614514780921175	9
44	0	0.075	7.013455449259561	2
44	1	0.075	0.04690503113957442	2
44	3	0.075	3.1516889422984664	2
44	4	0.075	6.7747291905952505	2
44	5	0.075	0.08266999956836688	2
44	6	0.075	7.744342694049509	2
44	7	0.075	6.7118289596956595	2
44	8	0.075	2.315970404131008	2
44	9	0.075	3.1565553735251033	2
45	0	0.075	0.41531237871784554	4
45	1	0.075	-0.23383402490142693	4
45	2	0.075	0.06922097875478284	4
45	3	0.075	-0.16334914486501503	4
45	5	0.075	-0.25380661569420526	4
45	6	0.075	3.958995578183083	4
45	7	0.075	5.394844717503524	4
45	8	0.075	6.09128288983226	4
45	9	0.075	6.759495318197449	4
46	0	0.075	-6.121678670268852	2
46	1	0.075	-7.487440827625313	2
46	3	0.075	-5.71335916902756	2
46	4	0.075	-7.778433520344926	2
46	5	0.075	-7.735619634283933	2
46	6	0.075	-7.845972208526262	2
46	7	0.075	-7.897514252729168	2
46	8	0.075	-6.7037705732622985	2
46	9	0.075	-7.869028074263052	2
47	0	0.075	6.009400894454982	7
47	1	0.075	5.087273315014748	7
47	2	0.075	4.330442099203611	7
48	1	0.075	-7.629299991975046	0
48	2	0.075	-7.487446266081622	0
48	3	0.075	-7.70518227050284	0
48	4	0.075	-7.570236016905913	0
48	5	0.075	-6.118746466723385	0
48	6	0.075	-5.4755194806854	0
48	7	0.075	-5.508085443002313	0
48	8	0.075	-7.688234688893115	0
48	9	0.075	-3.8650811110442587	0
49	0	0.075	-4.961427057351489	5
49	1	0.075	-2.1072446449968103	5
49	2	0.075	-6.027301218117271	5
49	3	0.075	1.0399953263621617	5
49	4	0.075	-5.901107131145293	5
49	6	0.075	-6.266706051133923	5
49	7	0.075	0.39263722531918577	5
49	8	0.075	-2.525570174970754	5
49	9	0.075	-3.322278311977922	5
50	0	0.075	5.092192939261317	1
50	2	0.075	2.5028074485483014	1
50	3	0.075	5.121411448438998	1
50	4	0.075	4.9992414518632415	1
50	5	0.075	4.368614584059326	1
50	6	0.075	2.6166862148965553	1
50	7	0.075	5.037749182312196	1
50	8	0.075	6.260200032138572	1
50	9	0.075	5.610030966030817	1
51	1	0.075	-6.201044142219279	0
51	2	0.075	0.5065014733599049	0
51	3	0.075	-6.247758735723541	0
51	4	0.075	-6.272699474144305	0
51	5	0.075	-6.140369264250527	0
51	6	0.075	-6.090201571669778	0
51	7	0.075	-6.28755156121065	0
51	8	0.075	-6.251917080471164	0
51	9	0.075	-5.225293573177264	0
52	0	0.075	4.265388162381832	7
52	1	0.075	5.459234226367516	7
52	2	0.075	1.7536593206182884	7
52	3	0.075	6.424533932565537	7
52	4	0.075	1.9945204905354594	7
52	5	0.075	4.532525721458383	7
52	6	0.075	2.371324710437653	7
52	8	0.075	5.450143453177208	7
52	9	0.075	6.441996462233711	7
53	0	0.075	6.382134538242115	9
53	1	0.075	4.031459529255727	9
53	2	0.075	6.529715177994915	9
53	3	0.075	7.639473580189925	9
53	4	0.075	7.7720219167233	9
53	5	0.075	7.517621433999294	9
53	6	0.075	7.638733127167454	9
53	7	0.075	7.77563250531331	9
53	8	0.075	7.561727166652462	9
54	0	0.075	6.2571152641664565	9
54	1	0.075	0.2535679079602736	9
54	2	0.075	6.6703457494943175	9
54	3	0.075	4.583536234563602	9
54	4	0.075	7.86995012996412	9
54	5	0.075	5.355100878473944	9
54	6	0.075	7.788584167155682	9
54	7	0.075	7.315492818847484	9
54	8	0.075	7.475831690254726	9
55	0	0.075	-4.846040581827833	9
55	1	0.075	-4.782648289562113	9
55	2	0.075	-4.72042970928671	9
55	3	0.075	-4.216713407782022	9
55	4	0.075	0.22916360736507538	9
55	5	0.075	-4.801057913374301	9
55	6	0.075	-4.4143996838843815	9
55	7	0.075	-1.9082622904125284	9
55	8	0.075	0.6379747323359413	9
56	0	0.075	-3.8780878601657056	6
56	1	0.075	-4.70378252517725	6
56	2	0.075	-4.56454385364757	6
56	3	0.075	-4.754638874199252	6
56	4	0.075	-0.9316725578673775	6
56	5	0.075	-4.409591920818991	6
56	7	0.075	-4.589896843460712	6
56	8	0.075	-3.744189964135945	6
56	9	0.075	1.7153172637665093	6
57	0	0.075	7.10701524273305	5
57	1	0.075	2.4866439816924872	5
57	2	0.075	0.5429354406095331	5
57	3	0.075	7.604083679142975	5
57	4	0.075	1.2214223019716204	5
57	6	0.075	3.7326582645928488	5
57	7	0.075	3.7149624872494633	5
57	8	0.075	6.567630933894994	5
57	9	0.075	7.914073455187326	5
58	0	0.075	-0.8029184898383784	8
58	1	0.075	-1.216787657181819	8
58	2	0.075	-0.6038939829994998	8
58	3	0.075	4.125719346519237	8
58	4	0.075	-0.24628439020429424	8
58	5	0.075	0.3456313334649879	8
58	6	0.075	-1.303614494625979	8
58	7	0.075	-1.3210026836902486	8
58	9	0.075	2.7857255648805297	8
59	0	0.075	3.5304770563137557	8
59	1	0.075	-2.71907347283869	8
59	2	0.075	3.2535637153751105	8
59	3	0.075	-2.2969600983574834	8
59	4	0.075	4.89649724638121	8
59	5	0.075	2.0246760315550367	8
59	6	0.075	3.1457876729337917	8
59	7	0.075	-1.8765457231564409	8
59	9	0.075	1.1063788576143623	8
60	0	0.075	0.8139748677232627	6
60	1	0.075	-2.524014260204626	6
60	2	0.075	3.93502053420341	6
60	3	0.075	-2.511791658182308	6
60	4	0.075	-0.7158378333508608	6
60	5	0.075	-1.7670616637830143	6
60	7	0.075	-2.6185830156687535	6
60	8	0.075	2.9638533345385047	6
60	9	0.075	-2.5503288324357234	6
61	0	0.075	3.9566387403489793	9
61	1	0.075	0.23346482260280532	9
61	2	0.075	1.2199251751961182	9
61	3	0.075	7.441198818807112	9
61	4	0.075	6.088326470933382	9
61	5	0.075	7.288497503934658	9
61	6	0.075	6.2567770531964735	9
61	7	0.075	6.199063247536016	9
61	8	0.075	6.126716942872007	9
63	0	0.075	0.41315922784261006	5
63	1	0.075	-4.3897919666173655	5
63	2	0.075	-5.172287889031411	5
63	3	0.075	-2.813373863293857	5
63	4	0.075	-4.443437736698712	5
63	6	0.075	-5.236097685053153	5
63	7	0.075	0.8882641351227939	5
63	8	0.075	-1.5382310345085413	5
63	9	0.075	-2.154553835413777	5
64	0	0.075	5.481475397407134	4
64	1	0.075	4.146683139892621	4
64	2	0.075	3.424927680280536	4
64	3	0.075	7.9057036324331245	4
64	5	0.075	3.268742196980333	4
64	6	0.075	7.130454596467887	4
64	7	0.075	7.538930723092063	4
64	8	0.075	6.764850642547622	4
64	9	0.075	7.431540003061615	4
65	0	0.075	0.3725960244917758	2
65	1	0.075	0.06492295518879666	2
65	3	0.075	7.155717438971754	2
65	4	0.075	-0.07133181555985182	2
65	5	0.075	-0.12469797615609529	2
65	6	0.075	-0.296760960109817	2
65	7	0.075	5.759024764733794	2
65	8	0.075	5.548707106515166	2
65	9	0.075	1.4954884746173411	2
66	0	0.075	-2.903743832940614	6
66	1	0.075	-7.6401762905059485	6
66	2	0.075	-7.5307823187756835	6
66	3	0.075	-7.751768096229672	6
66	4	0.075	-4.243685565232729	6
66	5	0.075	-4.98438403395257	6
66	7	0.075	-7.697496161269282	6
66	8	0.075	-7.191842043263055	6
66	9	0.075	-3.364861775940151	6
67	0	0.075	5.279054619313187	8
67	1	0.075	-2.095699990760771	8
67	2	0.075	-1.0249771392976612	8
67	3	0.075	4.930746045921703	8
67	4	0.075	-1.1649519323421376	8
67	5	0.075	-2.002462784833037	8
67	6	0.075	-1.8882768310466758	8
67	7	0.075	-2.160476183472115	8
67	9	0.075	2.436732535595328	8
68	0	0.075	5.252510496329573	1
68	2	0.075	7.352141761552004	1
68	3	0.075	7.87819491027429	1
68	4	0.075	6.408039847287568	1
68	5	0.075	6.027810155696544	1
68	6	0.075	6.288441033005828	1
68	7	0.075	6.250027067917643	1
68	8	0.075	7.752777978324407	1
68	9	0.075	7.539812512816713	1
69	1	0.075	-5.4583684681705344	0
69	2	0.075	-0.7645628024289821	0
69	3	0.075	-3.104393063672759	0
69	4	0.075	-5.481456428102917	0
69	5	0.075	-4.008732990666166	0
69	6	0.075	-1.144811943194734	0
69	7	0.075	1.5651780992505147	0
69	8	0.075	-5.535330031979308	0
69	9	0.075	-0.039542531734194114	0
70	0	0.075	1.329976004428343	6
70	1	0.075	-2.1919672929323446	6
70	2	0.075	3.673157326997572	6
70	3	0.075	-2.0508506031105034	6
70	4	0.075	2.8756407444498446	6
70	5	0.075	-0.5129947683337082	6
70	7	0.075	-0.20332946361692947	6
70	8	0.075	-1.7389374466296024	6
70	9	0.075	-2.2176434009179387	6
71	0	0.075	6.33892767748407	9
71	1	0.075	2.0908866998587445	9
71	2	0.075	6.110277005530695	9
71	3	0.075	8.0237734917247	9
71	4	0.075	6.245992693183235	9
71	5	0.075	7.858527113062716	9
71	6	0.075	7.164283635672281	9
71	7	0.075	7.781622576226436	9
71	8	0.075	7.6730444709430214	9
72	0	0.075	5.072344490075084	5
72	1	0.075	1.5676141781026731	5
72	2	0.075	0.5915204983007041	5
72	3	0.075	6.365722630888299	5
72	4	0.075	-0.41043714294436884	5
72	6	0.075	1.1796507304687422	5
72	7	0.075	4.2287233811986304	5
72	8	0.075	6.713339976647066	5
72	9	0.075	6.459530444145415	5
73	0	0.075	-1.2009844947344808	5
73	1	0.075	-1.9869709729862175	5
73	2	0.075	-1.9383918948802679	5
73	3	0.075	-1.8038871563508803	5
73	4	0.075	-2.2714931038097124	5
73	6	0.075	4.0771899891609396	5
73	7	0.075	-2.200461890792574	5
73	8	0.075	-2.0957388856262504	5
73	9	0.075	-0.8199291170599845	5
74	0	0.075	4.766198769873229	4
74	1	0.075	2.8532675074647487	4
74	2	0.075	0.011556302006897026	4
74	3	0.075	-0.185859030842503	4
74	5	0.075	1.206098931991439	4
74	6	0.075	5.329276998805752	4
74	7	0.075	4.181879711678462	4
74	8	0.075	5.911289161491448	4
74	9	0.075	7.1611521033121575	4
75	0	0.075	5.736463438182824	1
75	2	0.075	6.180572816932518	1
75	3	0.075	7.498129573897669	1
75	4	0.075	7.412355498911475	1
75	5	0.075	6.325117938731303	1
75	6	0.075	5.538035726453455	1
75	7	0.075	6.776258725229184	1
75	8	0.075	7.737693529010383	1
75	9	0.075	7.4815092183544705	1
76	0	0.075	-1.2634853615031374	6
76	1	0.075	0.4804950741943103	6
76	2	0.075	4.779443804849398	6
76	3	0.075	4.098600361927749	6
76	4	0.075	-0.7685036711720018	6
76	5	0.075	-1.5072823343265833	6
76	7	0.075	-1.5912188021800122	6
76	8	0.075	4.319835205005122	6
76	9	0.075	-1.6519760065547937	6
77	0	0.075	0.0536975570601642	7
77	1	0.075	0.12534109919781353	7
77	2	0.075	1.2117795716516901	7
77	3	0.075	7.070277967562259	7
77	4	0.075	0.057320498200258134	7
77	5	0.075	0.1554691229761723	7
77	6	0.075	-0.016313237417833238	7
77	8	0.075	0.442880479259472	7
77	9	0.075	4.141809840816618	7
78	0	0.075	7.553885702069498	5
78	1	0.075	0.36126721188114796	5
78	2	0.075	0.13137395718488618	5
78	3	0.075	4.583959711690023	5
78	4	0.075	2.041072185966494	5
78	6	0.075	5.37244276573387	5
78	7	0.075	-0.09747319691516183	5
78	8	0.075	2.762946440719212	5
78	9	0.075	1.9808503297538163	5
80	0	0.075	1.396931062453762	9
80	1	0.075	1.819371467824514	9
80	2	0.075	0.0006946477035807887	9
80	3	0.075	5.452679238200549	9
80	4	0.075	7.242928836524634	9
80	5	0.075	5.003743699109454	9
80	6	0.075	-0.23476388587023683	9
80	7	0.075	2.1440105101521545	9
80	8	0.075	3.1461937665840236	9
81	1	0.075	-0.2675415425717943	0
81	2	0.075	6.186447912686847	0
81	3	0.075	-0.33060802597459416	0
81	4	0.075	5.653803249389311	0
81	5	0.075	3.644255440513833	0
81	6	0.075	6.221191984546654	0
81	7	0.075	3.328875705083418	0
81	8	0.075	-0.34058028967688675	0
81	9	0.075	1.0895021420707418	0
82	0	0.075	5.107056832491817	6
82	1	0.075	-1.5500046209065563	6
82	2	0.075	4.418069331966283	6
82	3	0.075	-1.665154424231421	6
82	4	0.075	5.58326751264422	6
82	5	0.075	-1.4557516978458465	6
82	7	0.075	0.8559984187577897	6
82	8	0.075	0.868194123715579	6
82	9	0.075	0.322533286657011	6
83	0	0.075	-0.8557119569793634	4
83	1	0.075	-0.779747613947445	4
83	2	0.075	2.504676627299157	4
83	3	0.075	0.7726298135484664	4
83	5	0.075	1.9125090284147326	4
83	6	0.075	4.553137808565104	4
83	7	0.075	4.790883483338288	4
83	8	0.075	2.7309045756959214	4
83	9	0.075	1.4120948613461544	4
84	0	0.075	0.033058132289072006	4
84	1	0.075	0.6063573305148564	4
84	2	0.075	2.022352658597357	4
84	3	0.075	6.51036560225836	4
84	5	0.075	3.4653559395348776	4
84	6	0.075	1.319141004678605	4
84	7	0.075	5.8429059424496375	4
84	8	0.075	5.540173604815747	4
84	9	0.075	7.559220407542118	4
85	0	0.075	6.706438729405253	2
85	1	0.075	5.172814367823862	2
86	0	0.075	4.5726305062172505	8
86	1	0.075	6.164969169549437	8
86	2	0.075	6.580973277172617	8
86	3	0.075	7.9718759972467375	8
86	4	0.075	7.868322854195042	8
86	5	0.075	7.39246428169939	8
86	6	0.075	6.520875432576721	8
86	7	0.075	4.034381246712683	8
86	9	0.075	7.689163251998624	8
87	0	0.075	-5.0971392099209165	7
87	1	0.075	-3.8508603482907584	7
87	2	0.075	-3.496491574039255	7
87	3	0.075	0.8079353187760504	7
87	4	0.075	-0.5554290754864938	7
87	5	0.075	-4.472994403992507	7
87	6	0.075	-5.10952245073354	7
87	8	0.075	-1.9817288339919308	7
87	9	0.075	-4.671686266392932	7
88	0	0.075	-4.195681097804675	8
88	1	0.075	-5.817737669091513	8
88	2	0.075	-0.24816844317680964	8
88	3	0.075	-1.0954432552961184	8
88	4	0.075	-6.1332898827315425	8
88	5	0.075	-4.888502415331604	8
88	6	0.075	-6.0596621480978134	8
88	7	0.075	-6.05780228076389	8
88	9	0.075	-2.296808231686587	8
89	0	0.075	-0.21270441514288557	3
89	1	0.075	4.209936714067106	3
89	2	0.075	0.008997737901019277	3
89	4	0.075	-0.35974389163076775	3
89	5	0.075	4.647053432610307	3
89	6	0.075	-0.2521018237161616	3
89	7	0.075	-0.2649110558348702	3
89	8	0.075	0.6080653943319574	3
89	9	0.075	2.8382849126284166	3
90	1	0.075	-7.62529095710453	0
90	2	0.075	-7.066937212107676	0
90	3	0.075	-7.70308062068815	0
90	4	0.075	-7.716542146147869	0
90	5	0.075	-7.576325025721907	0
90	6	0.075	-6.781751342467841	0
90	7	0.075	-2.5907933887111914	0
90	8	0.075	-7.691710951802872	0
90	9	0.075	-7.046478565545091	0
91	0	0.075	-3.270664335615091	9
91	1	0.075	-3.2031023407422725	9
91	2	0.075	-3.185449350620292	9
91	3	0.075	1.768846271968979	9
91	4	0.075	-0.7269673341341448	9
91	5	0.075	-2.7963425697761597	9
91	6	0.075	-2.0821909588351706	9
91	7	0.075	2.0506567414868955	9
91	8	0.075	1.5609273661279641	9
92	1	0.075	4.114477802632068	0
92	2	0.075	5.974104402556831	0
92	3	0.075	7.316071143464192	0
92	4	0.075	1.4547177134733533	0
92	5	0.075	7.489683378247895	0
92	6	0.075	5.852219852841971	0
92	7	0.075	4.8327611494051705	0
92	8	0.075	7.259469383459711	0
92	9	0.075	5.32937930001865	0
93	0	0.075	0.4884338332553902	1
93	2	0.075	4.8961452439920325	1
93	3	0.075	7.685289080460086	1
93	4	0.075	6.5221458734020015	1
93	5	0.075	4.60593589714477	1
93	6	0.075	3.8871026958112855	1
93	7	0.075	5.623382099264718	1
93	8	0.075	7.740452942011314	1
93	9	0.075	7.631808101578106	1
94	0	0.075	-0.055666018309004146	1
94	2	0.075	2.3299783007437203	1
94	3	0.075	7.304769248521919	1
94	4	0.075	6.504045417774488	1
94	5	0.075	4.692233662011938	1
94	6	0.075	3.4820364697671753	1
94	7	0.075	5.543977270541452	1
94	8	0.075	6.534406410651707	1
94	9	0.075	7.031355580130581	1
95	0	0.075	5.111243492126567	9
95	1	0.075	-0.016623070723438913	9
95	2	0.075	-0.005721030785750099	9
95	3	0.075	7.140025272262489	9
95	4	0.075	0.0638116057433768	9
95	5	0.075	7.195716100076688	9
95	6	0.075	2.845791644608145	9
95	7	0.075	7.234057017126739	9
95	8	0.075	6.069016218125549	9
96	0	0.075	4.54890717486877	4
96	1	0.075	6.057783213885022	4
96	2	0.075	3.5107141916893956	4
96	3	0.075	7.000385489226866	4
96	5	0.075	3.39361049303772	4
96	6	0.075	7.245311947921672	4
96	7	0.075	6.554381520498605	4
96	8	0.075	6.781908000174996	4
96	9	0.075	8.005715196088524	4
97	0	0.075	3.8194293667086185	5
97	1	0.075	1.081385028668343	5
97	2	0.075	0.25314572786882783	5
98	0	0.075	7.528054106554122	9
98	1	0.075	6.242238046138681	9
98	2	0.075	7.912606560943557	9
98	3	0.075	7.696148213801449	9
100	0	0.075	-0.13400045493087223	6
100	1	0.075	-0.9289557532688073	6
100	2	0.075	2.4674582500005946	6
100	3	0.075	-1.2555089928828527	6
100	4	0.075	2.4943584023505987	6
100	5	0.075	0.4633438017216336	6
100	7	0.075	0.9666908890470431	6
100	8	0.075	3.9752269840647063	6
100	9	0.075	3.5325614961014065	6
101	0	0.075	0.2415357190615648	6
101	1	0.075	-0.6934098009967558	6
101	2	0.075	-0.5460665385323369	6
101	3	0.075	-0.6269898982892214	6
101	4	0.075	-0.8018658445134746	6
101	5	0.075	6.3635201610451855	6
101	7	0.075	-0.7838792517749924	6
101	8	0.075	5.028643622348444	6
101	9	0.075	-0.7493027467634504	6
102	1	0.075	-7.634933713524797	0
102	2	0.075	-1.3424096281775706	0
102	3	0.075	-7.697925520824945	0
102	4	0.075	-7.705254097677646	0
102	5	0.075	-7.574559727758839	0
102	6	0.075	-6.546659568034505	0
102	7	0.075	-7.352779077855596	0
102	8	0.075	-7.695736875160167	0
102	9	0.075	-7.3392017479397085	0
103	0	0.075	-3.042269729194212	7
103	1	0.075	-2.9919639886145735	7
103	2	0.075	-2.8537885140510633	7
103	3	0.075	1.7196089138970991	7
103	4	0.075	-2.98393966396107	7
103	5	0.075	3.8344353202872963	7
103	6	0.075	-1.2881642802802817	7
103	8	0.075	0.8629411235180074	7
103	9	0.075	3.4151489157912645	7
106	0	0.075	5.387376136466172	4
106	1	0.075	1.5347212690393948	4
106	2	0.075	7.744720977960094	4
106	3	0.075	7.827219148994189	4
106	5	0.075	6.4634573303617	4
106	6	0.075	7.842281170020025	4
106	7	0.075	5.979576646664395	4
106	8	0.075	7.045701656002031	4
106	9	0.075	2.4551023674052788	4
107	0	0.075	-2.085132281958846	8
107	1	0.075	-1.9605250992980299	8
107	2	0.075	-1.25773323712556	8
107	3	0.075	4.967529343726959	8
107	4	0.075	-2.211087291520336	8
107	5	0.075	1.0805595146970746	8
107	6	0.075	-2.0875855041132234	8
107	7	0.075	4.9991648238793625	8
107	9	0.075	1.652176637965168	8
108	0	0.075	5.192172201993381	8
109	0	0.075	6.908726500620721	1
109	2	0.075	7.492278791616574	1
110	0	0.075	2.249125734492243	8
110	1	0.075	0.5180476956028395	8
110	2	0.075	6.659632858746878	8
110	3	0.075	5.288775911085984	8
110	4	0.075	3.8870152203640047	8
110	5	0.075	7.5700895415822025	8
110	6	0.075	3.792168726400497	8
110	7	0.075	5.691611614404463	8
110	9	0.075	6.84030206428786	8
111	1	0.075	-0.772056485399625	0
111	2	0.075	2.04721080858353	0
111	3	0.075	0.37382000565671475	0
111	4	0.075	2.9386760336419036	0
111	5	0.075	5.026553910356781	0
111	6	0.075	4.25348446899054	0
111	7	0.075	2.704697591296956	0
111	8	0.075	5.575569978450795	0
111	9	0.075	3.808435861048209	0
112	0	0.075	5.939254033557042	2
112	1	0.075	3.250236352123477	2
112	3	0.075	6.1946577464219486	2
112	4	0.075	0.24436571089267628	2
112	5	0.075	-0.02758030595720954	2
112	6	0.075	-0.20698411785739096	2
112	7	0.075	1.7749533216485092	2
112	8	0.075	7.5708048713074865	2
112	9	0.075	6.9675000498841335	2
113	0	0.075	5.594010311800757	9
113	1	0.075	4.794912742295386	9
113	2	0.075	3.151985004644593	9
113	3	0.075	6.61195346558715	9
113	4	0.075	6.323589429759218	9
113	5	0.075	6.054011988364083	9
113	6	0.075	0.05496801295226594	9
113	7	0.075	7.568517488118794	9
113	8	0.075	7.790455024816154	9
114	0	0.075	6.280378020009083	1
114	2	0.075	6.140074946184474	1
114	3	0.075	7.364630350745881	1
114	4	0.075	6.331770450183015	1
114	5	0.075	3.934645032138425	1
114	6	0.075	7.2729662249910145	1
114	7	0.075	5.903998645517169	1
114	8	0.075	7.736576692017315	1
114	9	0.075	4.638407828239461	1
115	1	0.075	0.06690126606664915	0
115	2	0.075	5.474850578813684	0
115	3	0.075	1.9076393172739838	0
115	4	0.075	-0.00806632745813683	0
115	5	0.075	7.348422944533311	0
115	6	0.075	4.381287998214148	0
115	7	0.075	1.5458894250096689	0
115	8	0.075	0.015278651634932526	0
115	9	0.075	1.2143709720259326	0
116	0	0.075	0.7760998650954865	3
116	1	0.075	5.056752522867967	3
116	2	0.075	6.0494087922169175	3
116	4	0.075	-0.34425486499388913	3
116	5	0.075	4.422981835347233	3
116	6	0.075	-0.32663541298997534	3
116	7	0.075	-0.1738639213966773	3
116	8	0.075	4.573009750628128	3
116	9	0.075	5.424666657231482	3
117	0	0.075	3.4174121750431317	9
117	1	0.075	0.8826392539248618	9
117	2	0.075	4.340579561976061	9
117	3	0.075	7.696706665509118	9
117	4	0.075	5.441479200370001	9
117	5	0.075	5.450232806256504	9
117	6	0.075	5.760123373368224	9
117	7	0.075	5.734857148713501	9
117	8	0.075	5.872533609255768	9
118	0	0.075	-0.9800394494045234	7
118	1	0.075	-0.5638062764050259	7
118	2	0.075	-2.1085990255827896	7
118	3	0.075	5.1615469749118725	7
118	4	0.075	-2.4018987724143326	7
118	5	0.075	1.8195142899328376	7
118	6	0.075	-2.4611060058635563	7
118	8	0.075	3.513736678507986	7
118	9	0.075	4.685456124880633	7
119	1	0.075	-6.317473891122246	0
119	2	0.075	-5.997570950989249	0
119	3	0.075	-6.390266392522493	0
119	4	0.075	-6.39773596128594	0
119	5	0.075	-6.264397226613865	0
119	6	0.075	-5.297766680416103	0
119	7	0.075	-2.517563154206835	0
119	8	0.075	-6.381510358915407	0
119	9	0.075	-3.1028245445520914	0
120	0	0.075	3.393566415312663	4
120	1	0.075	-0.3787798954778472	4
120	2	0.075	-0.48414941926165284	4
120	3	0.075	-0.6288084314723621	4
120	5	0.075	-0.39779429149959233	4
120	6	0.075	4.791267243259993	4
120	7	0.075	4.7304750664945745	4
120	8	0.075	0.24394800256501945	4
120	9	0.075	7.204672635207644	4
121	0	0.075	5.17762392513088	9
121	1	0.075	-0.18510289083635814	9
121	2	0.075	3.1898695649729207	9
121	3	0.075	4.953411882583986	9
121	4	0.075	6.624161888480452	9
121	5	0.075	4.215781393382858	9
121	6	0.075	4.183616343231621	9
121	7	0.075	6.392043438920257	9
121	8	0.075	4.3692280308602385	9
122	0	0.075	-0.5647137351923804	6
122	1	0.075	-4.78731363258781	6
122	2	0.075	-4.0653964402428615	6
122	3	0.075	-4.8006842259693325	6
122	4	0.075	-4.754475985543308	6
122	5	0.075	-4.733977156022342	6
122	7	0.075	-4.8725714725630285	6
122	8	0.075	1.778189550434546	6
122	9	0.075	-4.128496694008345	6
123	0	0.075	0.8371835107931974	8
123	1	0.075	0.9080501962603671	8
123	2	0.075	6.441501765734812	8
123	3	0.075	7.75106082431688	8
123	4	0.075	0.20537570064789618	8
123	5	0.075	3.87325178256297	8
123	6	0.075	2.065581272789349	8
123	7	0.075	7.625670674354757	8
123	9	0.075	8.025880289329397	8
124	0	0.075	0.3373511746165321	9
124	1	0.075	2.5997065595012305	9
124	2	0.075	0.33574788152966833	9
124	3	0.075	7.96058522722441	9
124	4	0.075	7.066140761348653	9
124	5	0.075	6.534424753850447	9
124	6	0.075	7.477375408224243	9
124	7	0.075	7.680209272806858	9
124	8	0.075	7.419624912622088	9
125	0	0.075	-7.366929688217916	3
125	1	0.075	-5.09268542243501	3
125	2	0.075	-7.255164525957583	3
125	4	0.075	-7.560215119635614	3
125	5	0.075	-2.599538285691856	3
125	6	0.075	-7.537709763883597	3
125	7	0.075	-2.6444539277458343	3
125	8	0.075	-7.450451465639799	3
125	9	0.075	-1.8220928294126026	3
126	0	0.075	7.681589301824712	5
126	1	0.075	7.34861072645378	5
126	2	0.075	7.436437761212743	5
126	3	0.075	7.81419457083052	5
126	4	0.075	7.493048807730067	5
126	6	0.075	7.796830284247188	5
126	7	0.075	1.285844736199636	5
126	8	0.075	7.563952175941534	5
126	9	0.075	7.525853792172907	5
127	0	0.075	4.977697201099195	4
128	0	0.075	-1.609245833573685	3
128	1	0.075	-3.368120381906045	3
128	2	0.075	-3.187847311417534	3
128	4	0.075	-3.6419557689208895	3
128	5	0.075	1.0278968264435802	3
128	6	0.075	-3.5872417981817915	3
128	7	0.075	-3.4905517912955406	3
128	8	0.075	1.8240073527123402	3
128	9	0.075	1.7415623229048507	3
129	0	0.075	1.9545447762647734	2
129	1	0.075	5.9363198920706015	2
129	3	0.075	7.063373080555116	2
129	4	0.075	-0.1994605177856886	2
129	5	0.075	-0.08046259440683985	2
129	6	0.075	0.1664798137505771	2
129	7	0.075	-0.24334202548701234	2
129	8	0.075	5.003637161922719	2
129	9	0.075	2.4353854429195656	2
130	0	0.075	2.6665625395501857	2
130	1	0.075	2.4238109459315242	2
130	3	0.075	7.768454883170766	2
130	4	0.075	-0.12151099139541004	2
130	5	0.075	5.712069633888424	2
130	6	0.075	-0.14144194195366264	2
130	7	0.075	6.467123643542762	2
131	0	0.075	-0.2459059162997187	4
131	1	0.075	-0.5821934518939661	4
131	2	0.075	-0.6192401532001773	4
131	3	0.075	5.716383274166423	4
131	5	0.075	-0.6819369192235541	4
131	6	0.075	4.194266247266606	4
131	7	0.075	5.342005366858258	4
131	8	0.075	4.349638853885516	4
131	9	0.075	6.357228196728349	4
132	1	0.075	-0.36635914398306035	0
132	2	0.075	5.4488994267371345	0
132	3	0.075	-0.4053157262401785	0
132	4	0.075	-0.3462752914772724	0
132	5	0.075	-0.3077333656103844	0
132	6	0.075	3.9573629104649126	0
132	7	0.075	-0.10723694119997305	0
132	8	0.075	-0.4148978173437699	0
132	9	0.075	4.210304958993124	0
133	0	0.075	-1.4764512702070625	3
133	1	0.075	1.4988483458127106	3
133	2	0.075	0.9208420915483024	3
133	4	0.075	-1.182488066850336	3
133	5	0.075	0.8595332638076708	3
133	6	0.075	-3.152115994438483	3
133	7	0.075	-3.1356992555970957	3
133	8	0.075	-3.110187223361533	3
133	9	0.075	-2.459972935341695	3
134	0	0.075	6.8394915703035775	2
134	1	0.075	-0.10726284355425247	2
134	3	0.075	6.01190725387715	2
134	4	0.075	0.32143252881289525	2
134	5	0.075	0.3271239321779573	2
134	6	0.075	6.180508808430084	2
134	7	0.075	3.5824763319134103	2
134	8	0.075	-0.1418455859379563	2
134	9	0.075	-0.049871198080205424	2
135	0	0.075	-7.416948861797965	3
135	1	0.075	-4.635114096441513	3
135	2	0.075	-6.51052854989883	3
135	4	0.075	-6.732094132037457	3
135	5	0.075	-4.608559550223989	3
135	6	0.075	-7.4877831186790536	3
135	7	0.075	-7.407152752663553	3
135	8	0.075	-0.060803667562571426	3
135	9	0.075	-0.4654541967275002	3
136	0	0.075	3.38885952526186	5
136	1	0.075	4.904053658531673	5
136	2	0.075	4.26311755965398	5
136	3	0.075	7.654283011900592	5
136	4	0.075	0.993046807177507	5
136	6	0.075	1.0083998689559828	5
136	7	0.075	6.4619708553778885	5
136	8	0.075	7.12657262730504	5
136	9	0.075	6.977655588427461	5
137	0	0.075	5.346559513702262	1
137	2	0.075	5.94828122902994	1
137	3	0.075	6.394002988751623	1
137	4	0.075	5.114121438498862	1
137	5	0.075	5.5105544405033005	1
137	6	0.075	6.218894845247915	1
137	7	0.075	4.1511540991459395	1
137	8	0.075	7.7422158226238444	1
137	9	0.075	6.947756189268461	1
138	0	0.075	-0.05458048270041118	1
138	2	0.075	5.748503282501939	1
138	3	0.075	7.258483171157641	1
138	4	0.075	6.485948012300387	1
138	5	0.075	0.9377762808045907	1
138	6	0.075	1.080258862025971	1
138	7	0.075	5.870949140038441	1
138	8	0.075	7.127834841711866	1
138	9	0.075	7.159605848408168	1
139	0	0.075	-2.6933719852876963	2
139	1	0.075	3.5048051003528324	2
139	3	0.075	3.543519386992689	2
139	4	0.075	-2.7515806972256835	2
139	5	0.075	-2.573831443271498	2
139	6	0.075	-2.757906393031411	2
139	7	0.075	-0.8308769215906197	2
139	8	0.075	-0.24613688225607508	2
139	9	0.075	-2.3223658344732296	2
140	0	0.075	-1.116347862025139	4
140	1	0.075	-1.0606029467798177	4
140	2	0.075	-1.1817228745753487	4
140	3	0.075	0.9193098211410102	4
140	5	0.075	1.1569782781276534	4
140	6	0.075	3.9811613156593078	4
140	7	0.075	5.498414241277381	4
140	8	0.075	3.3030720550912096	4
140	9	0.075	5.210334022541643	4
141	0	0.075	3.3642511649818085	8
141	1	0.075	0.029534952211369925	8
141	2	0.075	5.863143870975988	8
141	3	0.075	6.189677894385813	8
141	4	0.075	0.6474567786895187	8
141	5	0.075	0.09739433653073372	8
141	6	0.075	6.921096581393468	8
141	7	0.075	-0.04684447563172657	8
141	9	0.075	4.975247450242825	8
142	0	0.075	4.096725351375084	2
142	1	0.075	1.2304034105792612	2
142	3	0.075	5.242803704100182	2
142	4	0.075	-0.527371170840327	2
142	5	0.075	-0.2416300768336466	2
142	6	0.075	3.4601935767869416	2
142	7	0.075	-0.19394444146074294	2
142	8	0.075	6.362125818428328	2
142	9	0.075	4.232392930909513	2
143	0	0.075	-2.5890282159255924	2
143	1	0.075	-3.3256237006632783	2
143	3	0.075	-0.6709587780911749	2
143	4	0.075	-3.3034263039379645	2
143	5	0.075	-3.269544119647052	2
143	6	0.075	-2.7477172909281236	2
143	7	0.075	-2.7078470256644307	2
143	8	0.075	-3.4375841771784033	2
143	9	0.075	-3.3664737836283263	2
144	0	0.075	0.9979551375484678	6
144	1	0.075	-2.4109802088467758	6
144	2	0.075	-1.687899995855954	6
144	3	0.075	-2.3763250695621045	6
144	4	0.075	2.2897456047624676	6
144	5	0.075	-2.3804429258980786	6
144	7	0.075	0.4529073518509004	6
144	8	0.075	3.113407634653506	6
144	9	0.075	0.9116052058191001	6
145	0	0.075	-0.4962391939877833	8
145	1	0.075	0.14430395730390036	8
145	2	0.075	5.942019923781802	8
145	3	0.075	3.9556419406283054	8
145	4	0.075	-1.60170177892333	8
145	5	0.075	2.5016287874194982	8
145	6	0.075	-1.589198285497061	8
145	7	0.075	-1.5853361678541191	8
145	9	0.075	3.7226969157592458	8
146	0	0.075	7.45073754545968	6
146	1	0.075	6.531410508434318	6
146	2	0.075	5.376075641542883	6
146	3	0.075	5.829905901177289	6
146	4	0.075	3.394723512336153	6
146	5	0.075	7.246755891192983	6
146	7	0.075	0.1252966739787321	6
147	0	0.075	4.118266595630312	1
147	2	0.075	5.9216534353857995	1
147	3	0.075	6.063067190648788	1
147	4	0.075	6.566785414079684	1
147	5	0.075	6.229869965614094	1
147	6	0.075	6.401286819335095	1
147	7	0.075	7.150940847694614	1
147	8	0.075	7.585051539089274	1
147	9	0.075	5.993226301108159	1
148	0	0.075	1.8585528897668853	7
148	1	0.075	7.553472684846049	7
148	2	0.075	7.956543513488432	7
149	1	0.075	-7.641836977131662	0
149	2	0.075	-7.4827603134200285	0
149	3	0.075	-7.707227127652039	0
149	4	0.075	-7.754048642525446	0
149	5	0.075	-6.512817328875653	0
149	6	0.075	-7.470504858386371	0
149	7	0.075	-6.87219737173696	0
149	8	0.075	-7.537056945069089	0
149	9	0.075	-7.410295634556805	0
150	0	0.075	7.08580342920061	6
150	1	0.075	0.3651606451264806	6
150	2	0.075	7.201790578223865	6
150	3	0.075	3.8528628523203934	6
150	4	0.075	7.809763975345299	6
150	5	0.075	6.01658349171126	6
150	7	0.075	4.5398634399899365	6
150	8	0.075	1.0764128145997012	6
150	9	0.075	0.6072854392721624	6
