Img	Target_Label	Epsilon	Objective_Value	Label
1	0	0.025	-7.592417911628576	2
1	1	0.025	-7.6100656251804475	2
1	3	0.025	-7.151039826690881	2
1	4	0.025	-7.7626324011921	2
1	5	0.025	-7.769413186909135	2
1	6	0.025	-7.81412944708503	2
1	7	0.025	-7.776745964613338	2
1	8	0.025	-7.665692238352713	2
1	9	0.025	-7.6945801577826884	2
2	1	0.025	-7.500519182783561	0
2	2	0.025	-7.584000072204255	0
2	3	0.025	-7.489405275756495	0
2	4	0.025	-7.636433066354072	0
2	5	0.025	-7.638883318426909	0
2	6	0.025	-7.617255907465218	0
2	7	0.025	-7.608348352681413	0
2	8	0.025	-7.524052820503987	0
2	9	0.025	-7.547856215802232	0
3	0	0.025	-7.911088145215667	4
3	1	0.025	-7.9148578781384815	4
3	2	0.025	-8.00161797650203	4
3	3	0.025	-7.986075811932652	4
3	5	0.025	-8.051502435425553	4
3	6	0.025	-8.069289390478064	4
3	7	0.025	-6.369810079766701	4
3	8	0.025	-7.929991983409538	4
3	9	0.025	-7.168146063867199	4
4	0	0.025	-6.970848575749998	8
4	1	0.025	-7.005615167930093	8
4	2	0.025	-7.12052452483129	8
4	3	0.025	-6.658545497754426	8
4	4	0.025	-7.207938522525644	8
4	5	0.025	-7.1702272200419035	8
4	6	0.025	-4.9607623648663015	8
4	7	0.025	-7.160419237205746	8
4	9	0.025	-7.087867641728385	8
5	0	0.025	-7.575194944405211	7
5	1	0.025	-7.513917476657666	7
5	2	0.025	-7.211259106340121	7
5	3	0.025	-7.502795586699523	7
5	4	0.025	-7.616933485491037	7
5	5	0.025	-7.736846229308211	7
5	6	0.025	-7.715217834880131	7
5	8	0.025	-7.5538603193402265	7
5	9	0.025	-7.484194218831402	7
6	0	0.025	-7.554215525950029	6
6	1	0.025	-7.6356948155573825	6
6	2	0.025	-7.722606379613835	6
6	3	0.025	-7.638541231696058	6
6	4	0.025	-7.768194394245307	6
6	5	0.025	-7.728788567264297	6
6	7	0.025	-7.740298560858196	6
6	8	0.025	-7.669262062286701	6
6	9	0.025	-7.707026504096399	6
7	1	0.025	-7.498635812812275	0
7	2	0.025	-7.583706510933466	0
7	3	0.025	-7.484867506159425	0
7	4	0.025	-7.645666997435866	0
7	5	0.025	-7.642658455058841	0
7	6	0.025	-7.670749825612632	0
7	7	0.025	-7.602863854241333	0
7	8	0.025	-7.521570582593575	0
7	9	0.025	-7.540472450989773	0
8	0	0.025	-7.5432561418706126	6
8	1	0.025	-7.608832031213666	6
8	2	0.025	-7.710492617042046	6
8	3	0.025	-7.5960807221801625	6
8	4	0.025	-7.763160106962336	6
8	5	0.025	-7.7060476071024535	6
8	7	0.025	-7.735152189199456	6
8	8	0.025	-2.729585301584438	6
8	9	0.025	-7.695350521835013	6
9	0	0.025	-5.719438208092835	3
9	1	0.025	-5.713701862114214	3
9	2	0.025	-5.864093029264225	3
9	4	0.025	-5.960563888213763	3
9	5	0.025	-5.739946594326224	3
9	6	0.025	-5.944128179543862	3
9	7	0.025	-5.856493467997624	3
9	8	0.025	-5.787973679811005	3
9	9	0.025	-5.802634032277568	3
10	0	0.025	-7.625958589501156	1
10	2	0.025	-7.063676356142936	1
10	3	0.025	-7.619137356585125	1
10	4	0.025	-7.79513850735322	1
10	5	0.025	-7.771773898845993	1
10	6	0.025	-7.812656305861335	1
10	7	0.025	-7.258250848675718	1
10	8	0.025	-7.3413355368209965	1
10	9	0.025	-7.695288747229213	1
11	0	0.025	-7.2761934220846145	8
11	1	0.025	-7.368465797204586	8
11	2	0.025	-7.138946274069666	8
11	3	0.025	-7.3197933257031895	8
11	4	0.025	-7.455586647306937	8
11	5	0.025	-7.429123765053439	8
11	6	0.025	0.22035109319437535	8
11	7	0.025	-7.469150911529246	8
11	9	0.025	-7.141794447871401	8
12	1	0.025	-7.48413944808897	0
12	2	0.025	-7.571623128998213	0
12	3	0.025	-7.468513167127904	0
12	4	0.025	-7.6253423508692935	0
12	5	0.025	-7.634065170983827	0
12	6	0.025	-7.657826053564348	0
12	7	0.025	-7.58306263103142	0
12	8	0.025	-7.510206958356316	0
12	9	0.025	-7.532474458173592	0
13	0	0.025	-7.573308944896141	7
13	1	0.025	-7.513933812012766	7
13	2	0.025	-7.4737224598788305	7
13	3	0.025	-7.225033296446962	7
13	4	0.025	-7.619366334115049	7
13	5	0.025	-7.734086153741569	7
13	6	0.025	-7.715378824096269	7
13	8	0.025	-7.554890079073696	7
13	9	0.025	-3.196577452577195	7
14	0	0.025	-7.228701058911221	9
14	1	0.025	-7.230206362980571	9
14	2	0.025	-7.304749078167841	9
14	3	0.025	-7.291017363802675	9
14	4	0.025	-7.155422715021572	9
14	5	0.025	-7.396437606283577	9
14	6	0.025	-7.36995532435488	9
14	7	0.025	-1.252291367297458	9
14	8	0.025	-6.634296317412612	9
15	0	0.025	-7.455470697712996	8
15	1	0.025	-7.497174411165312	8
15	2	0.025	-7.602653672962748	8
15	3	0.025	-7.302083525165415	8
15	4	0.025	-7.657490792785267	8
15	5	0.025	-7.667175305471873	8
15	6	0.025	-7.689131248467006	8
15	7	0.025	-7.638869849470523	8
15	9	0.025	-7.537322002840875	8
16	0	0.025	-5.304030380083452	4
16	1	0.025	-7.879398158634335	4
16	2	0.025	-7.9523836121501175	4
16	3	0.025	-7.931095302811996	4
16	5	0.025	-7.953702181103673	4
16	6	0.025	-7.191629943817865	4
16	7	0.025	-7.686833497797803	4
16	8	0.025	-7.871010764444025	4
16	9	0.025	-7.352919698382719	4
17	0	0.025	-6.448540359114133	5
17	1	0.025	-7.3479943546565565	5
17	2	0.025	-7.4682088469746235	5
17	3	0.025	-6.65864154670982	5
17	4	0.025	-7.481595902847242	5
17	6	0.025	-7.325248583600958	5
17	7	0.025	-7.481749156029526	5
17	8	0.025	-7.39686975090521	5
17	9	0.025	-7.347637373377358	5
18	0	0.025	-7.614764435254627	3
18	1	0.025	-7.439728011322375	3
18	2	0.025	-7.706946814226072	3
18	4	0.025	-7.846995044463756	3
18	5	0.025	-7.811453384205458	3
18	6	0.025	-7.8100854362088254	3
18	7	0.025	-7.711586577023004	3
18	8	0.025	-7.653044176990677	3
18	9	0.025	-6.639879592860393	3
19	0	0.025	-4.147794564097462	4
19	1	0.025	-4.143326161098265	4
19	2	0.025	-4.25207860661722	4
19	3	0.025	-4.076423369421836	4
19	5	0.025	-4.321895385177918	4
19	6	0.025	-4.310086878966955	4
19	7	0.025	-4.112505563333755	4
19	8	0.025	-2.5271915322599696	4
19	9	0.025	1.763143121343133	4
20	1	0.025	-5.415022374540633	0
20	2	0.025	-5.505258938567595	0
20	3	0.025	-5.40143782560913	0
20	4	0.025	-5.508834065148263	0
20	5	0.025	-4.821063709587674	0
20	6	0.025	-5.589335753857223	0
20	7	0.025	-5.361510572411862	0
20	8	0.025	-2.746864108477281	0
20	9	0.025	-5.445840439873558	0
21	0	0.025	-7.559948465999854	6
21	1	0.025	-7.6285845979137	6
21	2	0.025	-7.7083953655911035	6
21	3	0.025	-7.640397668415427	6
21	4	0.025	-7.71709101686892	6
21	5	0.025	-7.721435246024012	6
21	7	0.025	-6.060294254068904	6
21	8	0.025	-7.668083106079189	6
21	9	0.025	-7.688168585271712	6
22	0	0.025	-7.5693112833339224	6
22	1	0.025	-7.615702489959681	6
22	2	0.025	-7.572152272714659	6
22	3	0.025	-7.629923706391425	6
22	4	0.025	-7.738564743840597	6
22	5	0.025	-7.723641218504314	6
22	7	0.025	-6.805424818582526	6
22	8	0.025	-7.172538341881198	6
22	9	0.025	-7.680241253157839	6
23	0	0.025	-7.715843789735047	3
23	1	0.025	-7.687752706027769	3
23	2	0.025	-5.295729112548682	3
23	4	0.025	-7.97450067246659	3
23	5	0.025	-4.248385182040855	3
23	6	0.025	-7.924965851070631	3
23	7	0.025	-7.55328552297442	3
23	8	0.025	-7.765479279685246	3
23	9	0.025	-7.773943191062365	3
24	1	0.025	-7.486351813417006	0
24	2	0.025	-7.113856278611956	0
24	3	0.025	-7.468032165952524	0
24	4	0.025	-7.634945633491883	0
24	5	0.025	-7.629746886738184	0
24	6	0.025	-7.298792793116674	0
24	7	0.025	-7.601931667885732	0
24	8	0.025	-7.516468643629082	0
24	9	0.025	-7.542983506399992	0
25	0	0.025	-7.580613312554825	2
25	1	0.025	-6.884188061865329	2
25	3	0.025	-4.827295529493936	2
25	4	0.025	-7.779520150587038	2
25	5	0.025	-7.749309573673354	2
25	6	0.025	-7.152270501915922	2
25	7	0.025	-7.754709988697013	2
25	8	0.025	-7.624437277001344	2
25	9	0.025	-7.691462653755228	2
26	0	0.025	-7.73314822269938	3
26	1	0.025	-7.694822104644266	3
26	2	0.025	-7.637682151470164	3
26	4	0.025	-7.98564580659475	3
26	5	0.025	-7.3560911738958605	3
26	6	0.025	-7.933966310742751	3
26	7	0.025	-7.837500749561022	3
26	8	0.025	-7.779199595669079	3
26	9	0.025	-7.786917117892347	3
27	0	0.025	-7.5508496849547395	6
27	1	0.025	-7.465681774426875	6
27	2	0.025	-7.703899769691781	6
27	3	0.025	-7.597315322948059	6
27	4	0.025	-7.752589382977907	6
27	5	0.025	-7.7106750884604915	6
27	7	0.025	-7.733310679090366	6
27	8	0.025	-4.687286925964107	6
27	9	0.025	-7.695685178783358	6
28	0	0.025	-7.550443446904064	6
28	1	0.025	-7.633562404281032	6
28	2	0.025	-7.721209969888452	6
28	3	0.025	-7.631392519326809	6
28	4	0.025	-7.769772760588027	6
28	5	0.025	-7.513702226112677	6
28	7	0.025	-7.741063895204621	6
28	8	0.025	-7.668752815481515	6
28	9	0.025	-7.709089862808188	6
29	0	0.025	-7.467978086880255	7
29	1	0.025	-7.417819978486214	7
29	2	0.025	-7.3820110511378605	7
29	3	0.025	-7.2029217769707765	7
29	4	0.025	-7.513660820785865	7
29	5	0.025	-6.059176335406333	7
29	6	0.025	-7.626417530818916	7
29	8	0.025	-5.5763069370167475	7
29	9	0.025	-7.4054877424206635	7
30	0	0.025	-7.073987195899885	4
30	1	0.025	-7.08057266313947	4
30	2	0.025	-7.150017715729453	4
30	3	0.025	-7.151363621695093	4
30	5	0.025	-7.216456207315611	4
30	6	0.025	-7.230955880740597	4
30	7	0.025	-0.7789114143669759	4
30	8	0.025	-7.0781453324908545	4
30	9	0.025	-6.4185992070842195	4
32	0	0.025	-7.732793461881254	3
32	1	0.025	-7.6917788495651145	3
32	2	0.025	-7.638328178756767	3
32	4	0.025	-7.980510447639811	3
32	5	0.025	-7.957448048286146	3
32	6	0.025	-7.930744640178549	3
32	7	0.025	-7.830561923705562	3
32	8	0.025	-7.7747250523818305	3
32	9	0.025	-7.782106179251186	3
33	0	0.025	-7.206446221000431	8
33	1	0.025	-7.485634746231712	8
33	2	0.025	-7.0548899501441165	8
33	3	0.025	-3.4558420411259076	8
33	4	0.025	-7.660988932112635	8
33	5	0.025	-7.63566525445435	8
33	6	0.025	-7.670634141846195	8
33	7	0.025	-7.624422430638926	8
33	9	0.025	-6.586889870622585	8
35	0	0.025	-7.304301999685129	5
35	1	0.025	-7.361651015535803	5
35	2	0.025	-7.480137521261935	5
35	3	0.025	-6.674533925151381	5
35	4	0.025	-7.530306756352415	5
35	6	0.025	-7.340216079925327	5
35	7	0.025	-7.496892612211101	5
35	8	0.025	-7.408881242451671	5
35	9	0.025	-6.3528681735854295	5
36	0	0.025	-6.502555302655393	4
36	1	0.025	-6.551388995089653	4
36	2	0.025	-6.626706627142578	4
36	3	0.025	-6.599668538202253	4
36	5	0.025	-6.65455331499229	4
36	6	0.025	-6.68919418966244	4
36	7	0.025	-6.61492758981432	4
36	8	0.025	-2.6234645711307913	4
36	9	0.025	-4.603707320895225	4
37	0	0.025	-6.189421752481903	2
37	1	0.025	-6.181425964201473	2
37	3	0.025	1.3710771583484485	2
37	4	0.025	-6.419153004355737	2
37	5	0.025	-6.376329182574138	2
37	6	0.025	-6.401944453262065	2
37	7	0.025	-6.317142057809128	2
37	8	0.025	-6.243377709141898	2
37	9	0.025	-6.278104803191277	2
38	0	0.025	-7.291739333170672	5
38	1	0.025	-7.342414417328665	5
38	2	0.025	-7.460571763036563	5
38	3	0.025	-6.646102320089716	5
38	4	0.025	-7.525953263363402	5
38	6	0.025	-7.569049039330541	5
38	7	0.025	-7.487160167191392	5
38	8	0.025	-7.368331955725513	5
38	9	0.025	-7.417395546438704	5
39	0	0.025	0.24749223568959372	5
39	1	0.025	0.2389036375463473	5
39	2	0.025	0.11873852496590472	5
39	3	0.025	0.5763217565545974	5
39	4	0.025	0.10674727118727406	5
39	6	0.025	0.8212006283934646	5
39	7	0.025	0.08554453817885574	5
39	8	0.025	1.5626159840326852	5
39	9	0.025	2.257674290887111	5
40	0	0.025	-7.449706727208036	8
40	1	0.025	-7.48756950118682	8
40	2	0.025	-7.597132936401108	8
40	3	0.025	-7.442386232713899	8
40	4	0.025	-7.6710403101994125	8
40	5	0.025	-7.649925433014401	8
40	6	0.025	-7.6860733618213555	8
40	7	0.025	-7.6402551824826	8
40	9	0.025	-7.5614204275883035	8
41	0	0.025	-7.296016697574551	5
41	1	0.025	-7.3426461039746025	5
41	2	0.025	-7.46758695146175	5
41	3	0.025	-6.242754947780219	5
41	4	0.025	-7.521999462625038	5
41	6	0.025	-7.557501444742534	5
41	7	0.025	-7.454348301719615	5
41	8	0.025	-7.389498433827733	5
41	9	0.025	-5.867018766248434	5
42	0	0.025	-7.564379093441172	2
42	1	0.025	-7.575786290185326	2
42	3	0.025	-0.1467907971002016	2
42	4	0.025	-7.739358886773196	2
42	5	0.025	-7.7301678899343536	2
42	6	0.025	-7.776269568689854	2
42	7	0.025	-7.712797503235519	2
42	8	0.025	-4.78857492085408	2
42	9	0.025	-7.592899125285033	2
43	0	0.025	-3.350755369320591	9
43	1	0.025	-3.3383561354504487	9
43	2	0.025	-3.4385904455899308	9
43	3	0.025	-3.28124853279731	9
43	4	0.025	-1.0820722281791058	9
43	5	0.025	-3.5352386566475023	9
43	6	0.025	-3.5055718620326153	9
43	7	0.025	-3.4100466024889338	9
43	8	0.025	-3.3587175041883466	9
44	0	0.025	-7.594885073104399	2
44	1	0.025	-7.614873082576378	2
44	3	0.025	-7.415425074380689	2
44	4	0.025	-7.716069469214077	2
44	5	0.025	-7.722207325801168	2
44	6	0.025	-2.90414579083984	2
44	7	0.025	-7.7488931690514065	2
44	8	0.025	-7.663841582406136	2
44	9	0.025	-7.695851197188025	2
45	0	0.025	-7.877765254785443	4
45	1	0.025	-7.919659966175644	4
45	2	0.025	-8.000183538341403	4
45	3	0.025	-7.9781997472094455	4
45	5	0.025	-8.031766978882382	4
45	6	0.025	-8.062600525051286	4
45	7	0.025	-7.985003101151572	4
45	8	0.025	-5.924806256074283	4
45	9	0.025	-6.5242873667909285	4
46	0	0.025	-7.598632170214636	2
46	1	0.025	-7.373963513939454	2
46	3	0.025	-7.307768335952327	2
46	4	0.025	-7.785665607078739	2
46	5	0.025	-7.775124125829514	2
46	6	0.025	-7.820116016431022	2
46	7	0.025	-7.785229938557476	2
46	8	0.025	-7.666271608005863	2
46	9	0.025	-7.704432604449588	2
47	0	0.025	-7.558082434483168	7
47	1	0.025	-7.493657036777021	7
47	2	0.025	-7.341546718892027	7
47	3	0.025	-2.624537858910188	7
47	4	0.025	-7.547080106445649	7
47	5	0.025	-7.71661602380808	7
47	6	0.025	-7.689777294969077	7
47	8	0.025	-7.534567470327741	7
47	9	0.025	-6.454298229456584	7
48	1	0.025	-7.493572278186708	0
48	2	0.025	-7.5758300801469325	0
48	3	0.025	-7.483409974355916	0
48	4	0.025	-7.638554333480454	0
48	5	0.025	-7.633587791314005	0
48	6	0.025	-7.66363260435931	0
48	7	0.025	-6.981497729988558	0
48	8	0.025	-7.5158651743773985	0
48	9	0.025	-6.6910923422281865	0
49	0	0.025	-7.29041514044041	5
49	1	0.025	-7.334418385402594	5
49	2	0.025	-7.455121748654871	5
49	3	0.025	-6.357522602618921	5
49	4	0.025	-7.513036098557488	5
49	6	0.025	-7.557648867603393	5
49	7	0.025	-7.461716078086458	5
49	8	0.025	-7.312476817255953	5
49	9	0.025	-7.370547171362698	5
50	0	0.025	-7.608718437254393	1
50	2	0.025	-7.315153185132089	1
50	3	0.025	-7.612989765724949	1
50	4	0.025	-7.796090470768948	1
50	5	0.025	-7.747422388775772	1
50	6	0.025	-7.331869688015514	1
50	7	0.025	-7.279145518814744	1
50	8	0.025	-5.105004469417456	1
50	9	0.025	-7.693838288492657	1
51	1	0.025	-7.493346430848458	0
51	2	0.025	-7.577030346864759	0
51	3	0.025	-7.478254481373251	0
51	4	0.025	-7.63275382566283	0
51	5	0.025	-7.634578009088613	0
51	6	0.025	-7.666544569972702	0
51	7	0.025	-7.605804111604725	0
51	8	0.025	-7.519265667298642	0
51	9	0.025	-7.541222927978929	0
52	0	0.025	-7.57401545694276	7
52	1	0.025	-7.508279920543637	7
52	2	0.025	-6.9817259571780905	7
52	3	0.025	-4.277098657101883	7
52	4	0.025	-7.613534147847475	7
52	5	0.025	-7.732210007740829	7
52	6	0.025	-7.713215517533112	7
52	8	0.025	-7.24814897587327	7
52	9	0.025	-7.284050410574714	7
53	0	0.025	-7.729342935005354	9
53	1	0.025	-7.735997990125812	9
53	2	0.025	-7.824162474665313	9
53	3	0.025	-7.648651351718716	9
53	4	0.025	-5.5356067068719526	9
53	5	0.025	-7.899235244941222	9
53	6	0.025	-7.875489427680243	9
53	7	0.025	-5.5026515906413636	9
53	8	0.025	-7.736560589293047	9
54	0	0.025	-7.38478606540609	9
54	1	0.025	-7.430068061853906	9
54	2	0.025	-7.505492390674465	9
54	3	0.025	-7.502549504818494	9
54	4	0.025	0.49136446346217005	9
54	5	0.025	-7.53936153830463	9
54	6	0.025	-7.556886946356214	9
54	7	0.025	-7.4761411798216075	9
54	8	0.025	-7.409658834497248	9
55	0	0.025	-7.723360332106164	9
55	1	0.025	-7.761197421269381	9
55	2	0.025	-7.847080697093955	9
55	3	0.025	-7.81480668436051	9
55	4	0.025	-7.616493007537064	9
55	5	0.025	-7.92561546433518	9
55	6	0.025	-7.8960928744149985	9
55	7	0.025	-7.51975200535835	9
55	8	0.025	-7.76263256820897	9
56	0	0.025	-7.5646359867716555	6
56	1	0.025	-7.639203064652773	6
56	2	0.025	-7.720596864272992	6
56	3	0.025	-7.649031454314704	6
56	4	0.025	-7.578987860378538	6
56	5	0.025	-7.724278749687386	6
56	7	0.025	-7.73995735890837	6
56	8	0.025	-7.674453205998897	6
56	9	0.025	-7.704733572716912	6
57	0	0.025	-7.2876001977343945	5
57	1	0.025	-7.344672402501288	5
57	2	0.025	-7.4641494167504225	5
57	3	0.025	-6.877201148129957	5
57	4	0.025	-7.458247858705187	5
57	6	0.025	-7.556422296436017	5
57	7	0.025	-7.47583444992598	5
57	8	0.025	-7.390124976067839	5
57	9	0.025	-2.0432887692607875	5
58	0	0.025	-7.454962082728976	8
58	1	0.025	-7.4909008021752195	8
58	2	0.025	-7.600885350490371	8
58	3	0.025	-7.446397930114475	8
58	4	0.025	-7.658182747715005	8
58	5	0.025	-7.656679700463883	8
58	6	0.025	-7.684917354122482	8
58	7	0.025	-7.642609660592867	8
58	9	0.025	-7.546790264067202	8
59	0	0.025	-7.451010173161216	8
59	1	0.025	-7.488192811963163	8
59	2	0.025	-7.594896707605178	8
59	3	0.025	-7.4406149063435825	8
59	4	0.025	-7.6509295518191145	8
59	5	0.025	-7.646906452575527	8
59	6	0.025	-7.681698341452614	8
59	7	0.025	-7.637637705232858	8
59	9	0.025	-7.552588339359791	8
60	0	0.025	-7.555252183351441	6
60	1	0.025	-7.626778354849692	6
60	2	0.025	-6.1813006938855475	6
60	3	0.025	-7.626616508732019	6
60	4	0.025	-7.778721004183822	6
60	5	0.025	-7.717222793370145	6
60	7	0.025	-7.7409714425707055	6
60	8	0.025	-7.669124780473247	6
60	9	0.025	-7.704725444531247	6
61	0	0.025	-7.747863970620613	9
61	1	0.025	-7.749799395989652	9
61	2	0.025	-7.849274013917027	9
61	3	0.025	-6.284270335398068	9
61	4	0.025	-7.651448882913443	9
61	5	0.025	-7.929366993860892	9
61	6	0.025	-7.896306046543899	9
61	7	0.025	-7.587245944615124	9
61	8	0.025	-7.412516891752045	9
62	0	0.025	-4.620765465161905	9
62	1	0.025	-5.184087339723255	9
62	2	0.025	-5.266120339760984	9
62	3	0.025	-5.209520168128853	9
62	4	0.025	-4.9912554638349675	9
62	5	0.025	-5.330349318442463	9
62	6	0.025	-5.327282621743538	9
62	7	0.025	-5.255884408273994	9
62	8	0.025	-3.6577843322793067	9
63	0	0.025	-7.29924343949379	5
63	1	0.025	-7.3459291473794375	5
63	2	0.025	-7.469508856470672	5
63	3	0.025	-7.2799224376179215	5
63	4	0.025	-7.5017822101946035	5
63	6	0.025	-7.570761275822135	5
63	7	0.025	-7.476183991001848	5
63	8	0.025	-7.397581704255005	5
63	9	0.025	-7.41258038009942	5
64	0	0.025	-7.868787965234995	4
64	1	0.025	-7.168378430165764	4
64	2	0.025	-7.919056828932496	4
64	3	0.025	-7.624197516550961	4
64	5	0.025	-7.9790437827751965	4
64	6	0.025	-7.99984223266133	4
64	7	0.025	-3.4469174048978237	4
64	8	0.025	-7.853592507250324	4
64	9	0.025	-6.936908247818051	4
65	0	0.025	-7.586432105052614	2
65	1	0.025	-7.581690258912503	2
65	3	0.025	-2.0949191023439404	2
65	4	0.025	-7.764379772066831	2
65	5	0.025	-7.749534431239262	2
65	6	0.025	-7.786679007643773	2
65	7	0.025	-7.0979914494044225	2
65	8	0.025	-7.645632815787569	2
65	9	0.025	-7.669714790303976	2
66	0	0.025	-7.561933478972739	6
66	1	0.025	-7.6404667931586205	6
66	2	0.025	-7.725768286173101	6
66	3	0.025	-7.650019148432368	6
66	4	0.025	-7.767118134293983	6
66	5	0.025	-7.727552267286405	6
66	7	0.025	-7.740922704311952	6
66	8	0.025	-7.677304577139505	6
66	9	0.025	-7.714733285516457	6
67	0	0.025	-3.704192773192279	8
67	1	0.025	-5.9071010099632915	8
67	2	0.025	-6.014149698164911	8
67	3	0.025	-3.9010539597081566	8
67	4	0.025	-6.036355968821209	8
67	5	0.025	-6.068513141638206	8
67	6	0.025	-6.092042239432494	8
67	7	0.025	-6.046326679505303	8
67	9	0.025	-2.2556741391837107	8
68	0	0.025	-7.613420579477641	1
68	2	0.025	-7.543786475302742	1
68	3	0.025	-2.905333577338299	1
68	4	0.025	-7.800630583758535	1
68	5	0.025	-7.755382336880567	1
68	6	0.025	-7.799046393552004	1
68	7	0.025	-5.443568780110238	1
68	8	0.025	-5.163026864578372	1
68	9	0.025	-7.676012017689379	1
69	1	0.025	-7.038862233610202	0
69	2	0.025	-7.106192224349827	0
69	3	0.025	-7.04839198355915	0
69	4	0.025	-7.1548880509001815	0
69	5	0.025	-7.16026241321938	0
69	6	0.025	-6.930825962888157	0
69	7	0.025	-3.7041362271976364	0
69	8	0.025	-7.0612583513672895	0
69	9	0.025	-7.066452065714765	0
70	0	0.025	-7.563751169858409	6
70	1	0.025	-7.6404166200228465	6
70	2	0.025	-7.721435130729429	6
70	3	0.025	-7.647882688422296	6
70	4	0.025	-7.597159609674594	6
70	5	0.025	-7.724959284355468	6
70	7	0.025	-7.74112452077465	6
70	8	0.025	-7.676262877041633	6
70	9	0.025	-7.713184606673638	6
71	0	0.025	-7.732723487939183	9
71	1	0.025	-7.747624428846041	9
71	2	0.025	-7.851476442429227	9
71	3	0.025	-7.763193390439021	9
71	4	0.025	-7.655888038971772	9
71	5	0.025	-7.876753683050705	9
71	6	0.025	-7.901070730675125	9
71	7	0.025	-7.348282155999633	9
71	8	0.025	-7.761995161721364	9
72	0	0.025	-7.290570156055377	5
72	1	0.025	-7.330051861189952	5
72	2	0.025	-7.454493053945676	5
72	3	0.025	-5.583720919035991	5
72	4	0.025	-7.46756903846416	5
72	6	0.025	-7.550126736264511	5
72	7	0.025	-7.424062173335392	5
72	8	0.025	-6.946589057201981	5
72	9	0.025	-6.883002669910046	5
73	0	0.025	-7.301413483280754	5
73	1	0.025	-7.352710989894964	5
73	2	0.025	-7.472947579672686	5
73	3	0.025	-6.452282446879727	5
73	4	0.025	-7.536319815784497	5
73	6	0.025	-7.110387954660684	5
73	7	0.025	-7.491171682846556	5
73	8	0.025	-7.400198069928893	5
73	9	0.025	-7.332965818801152	5
74	0	0.025	-7.914794348123447	4
74	1	0.025	-7.943567530903172	4
74	2	0.025	-8.028786929868534	4
74	3	0.025	-8.00606866089456	4
74	5	0.025	-8.07155051757783	4
74	6	0.025	-8.09415638553242	4
74	7	0.025	-8.024318497637733	4
74	8	0.025	-7.949419017788734	4
74	9	0.025	-7.3781547016642035	4
75	0	0.025	-7.636835632738687	1
75	2	0.025	-7.711224264885572	1
75	3	0.025	-7.625422458477401	1
75	4	0.025	-7.803188751763356	1
75	5	0.025	-7.789981656503842	1
75	6	0.025	-7.819188322819481	1
75	7	0.025	-7.625120978460926	1
75	8	0.025	-7.664982245235351	1
75	9	0.025	-7.69845017148887	1
76	0	0.025	-7.553069578132013	6
76	1	0.025	-7.610034305041984	6
76	2	0.025	-2.782336054588473	6
76	3	0.025	-4.989369223365052	6
76	4	0.025	-7.7724500682264965	6
76	5	0.025	-7.699646059711644	6
76	7	0.025	-7.731942217014833	6
76	8	0.025	-7.654491379505962	6
76	9	0.025	-7.697897219485602	6
77	0	0.025	-7.543970621359413	7
77	1	0.025	-7.489754881380244	7
77	2	0.025	-3.2329240271979542	7
77	3	0.025	-5.974458858269129	7
77	4	0.025	-7.620290419437163	7
77	5	0.025	-7.6874379477226364	7
77	6	0.025	-7.694774072860762	7
77	8	0.025	-7.533238451396814	7
77	9	0.025	-7.477952078535717	7
78	0	0.025	-7.2923319729209926	5
78	1	0.025	-7.345204677000265	5
78	2	0.025	-7.462097298907989	5
78	3	0.025	-7.272880281700099	5
78	4	0.025	-7.4952585498859525	5
78	6	0.025	-7.560614703877555	5
78	7	0.025	-7.47325772607275	5
78	8	0.025	-7.391355705151285	5
78	9	0.025	-6.990538896068931	5
79	0	0.025	-7.596646834847042	2
79	1	0.025	-7.6052202505654884	2
79	3	0.025	-6.684887723307345	2
79	4	0.025	-4.299067477935064	2
79	5	0.025	-7.723483661565345	2
79	6	0.025	-7.79222743557037	2
79	7	0.025	-5.8078706106473765	2
79	8	0.025	-7.649103790206486	2
79	9	0.025	-7.677544651454782	2
80	0	0.025	-5.91062853880213	9
80	1	0.025	-5.8989781665572325	9
80	2	0.025	-5.99683959849184	9
80	3	0.025	-4.800977276505202	9
80	4	0.025	-5.549578577150185	9
80	5	0.025	-6.090320603466043	9
80	6	0.025	-6.052218463773794	9
80	7	0.025	-4.930891739531146	9
80	8	0.025	-5.912092329668515	9
81	1	0.025	-7.492084867117126	0
81	2	0.025	-7.574799294370748	0
81	3	0.025	-7.484108630854615	0
81	4	0.025	-7.5062239209463915	0
81	5	0.025	-7.607654712384175	0
81	6	0.025	-6.799852905262628	0
81	7	0.025	-7.594821517775789	0
81	8	0.025	-7.523195239715708	0
81	9	0.025	-7.5492856302400035	0
82	0	0.025	-7.557354076913434	6
82	1	0.025	-7.64003752815419	6
82	2	0.025	-7.725086008639094	6
82	3	0.025	-7.6480237851992845	6
82	4	0.025	-7.767998469516001	6
82	5	0.025	-7.619981265867203	6
82	7	0.025	-7.741301528835113	6
82	8	0.025	-7.676859523439306	6
82	9	0.025	-7.714226284991217	6
83	0	0.025	-7.869472915334778	4
83	1	0.025	-7.908509383160561	4
83	2	0.025	-7.990277269198595	4
83	3	0.025	-7.969231457744602	4
83	5	0.025	-8.029316306673444	4
83	6	0.025	-7.633345060844832	4
83	7	0.025	-6.465946714725827	4
83	8	0.025	-7.91497995436019	4
83	9	0.025	-7.185049716817586	4
84	0	0.025	-7.909391990132494	4
84	1	0.025	-7.92100687024569	4
84	2	0.025	-8.009669006069439	4
84	3	0.025	-7.9922961734181674	4
84	5	0.025	-8.060902212436236	4
84	6	0.025	-8.074320761456516	4
84	7	0.025	-7.987305192128724	4
84	8	0.025	-7.85239893308141	4
84	9	0.025	-6.965248444807516	4
85	0	0.025	-7.289150868789777	2
85	1	0.025	-7.390353014061075	2
85	3	0.025	-6.919286727886838	2
85	4	0.025	-7.5435218891443405	2
85	5	0.025	-7.561983810950334	2
85	6	0.025	-7.588161577042816	2
85	7	0.025	-0.009470565614711017	2
85	8	0.025	-6.119076681288572	2
85	9	0.025	-7.39351085031119	2
86	0	0.025	-7.4494152534539	8
86	1	0.025	-7.467141234267396	8
86	2	0.025	-7.581129996898154	8
86	3	0.025	-4.289231287281949	8
86	4	0.025	-7.627579409108744	8
86	5	0.025	-7.636340406232074	8
86	6	0.025	-7.667168150150375	8
86	7	0.025	-7.6075332270873295	8
86	9	0.025	-7.530907628064879	8
87	0	0.025	-7.573351644189811	7
87	1	0.025	-7.514583715981344	7
87	2	0.025	-7.116025393230811	7
87	3	0.025	-7.588197030135377	7
87	4	0.025	-7.607638625420896	7
87	5	0.025	-7.737124038013327	7
87	6	0.025	-7.715572097062742	7
87	8	0.025	-7.55292559614159	7
87	9	0.025	-7.48368900832845	7
88	0	0.025	-7.457284333408733	8
88	1	0.025	-7.490420292984649	8
88	2	0.025	-6.1709061386600474	8
88	3	0.025	-7.442160432531075	8
88	4	0.025	-7.685662418370961	8
88	5	0.025	-7.651521015143067	8
88	6	0.025	-7.688843069629489	8
88	7	0.025	-7.644879323726274	8
88	9	0.025	-7.559841481831274	8
89	0	0.025	-7.698940615364812	3
89	1	0.025	-7.685559119503325	3
89	2	0.025	-7.843381432312575	3
89	4	0.025	-7.918421615193831	3
89	5	0.025	-5.029179702257696	3
89	6	0.025	-7.910359085556464	3
89	7	0.025	-7.810660685458916	3
89	8	0.025	-7.757061142836757	3
89	9	0.025	-6.147224070749949	3
90	1	0.025	-7.499366080608386	0
90	2	0.025	-7.5838335663637135	0
90	3	0.025	-7.487498170974959	0
90	4	0.025	-7.649478623894928	0
90	5	0.025	-7.6426230138592635	0
90	6	0.025	-7.620766212083631	0
90	7	0.025	-7.609622094074208	0
90	8	0.025	-7.524429514466503	0
90	9	0.025	-7.548383457272207	0
91	0	0.025	-7.755192178583393	9
91	1	0.025	-7.7633930913881795	9
91	2	0.025	-7.8602836724264735	9
91	3	0.025	-7.667780918095385	9
91	4	0.025	-7.654861790845958	9
91	5	0.025	-7.946165045641111	9
91	6	0.025	-7.907854442633802	9
91	7	0.025	-7.817842918907631	9
91	8	0.025	-7.773699488872567	9
92	1	0.025	-7.499355527585141	0
92	2	0.025	-7.584803565048111	0
92	3	0.025	-7.486549804927989	0
92	4	0.025	-7.6527917500314935	0
92	5	0.025	-7.6436862164822035	0
92	6	0.025	-7.62209061966668	0
92	7	0.025	-7.607546949646549	0
92	8	0.025	-7.525041316120981	0
92	9	0.025	-7.54982969905548	0
93	0	0.025	-7.599940914980973	1
93	2	0.025	-7.698445717077901	1
93	3	0.025	-7.325127781601848	1
93	4	0.025	-7.757497774261268	1
93	5	0.025	-7.744889781548855	1
93	6	0.025	-7.7925781733004165	1
93	7	0.025	-7.718330721151533	1
93	8	0.025	-3.332344589498443	1
93	9	0.025	-7.657757300917988	1
94	0	0.025	-7.6288039844576865	1
94	2	0.025	-7.7126113149783215	1
94	3	0.025	-5.715854961631538	1
94	4	0.025	-7.7967612568243165	1
94	5	0.025	-7.778209817494338	1
94	6	0.025	-7.812430311719317	1
94	7	0.025	-7.726910563167869	1
94	8	0.025	-6.3946055190528375	1
94	9	0.025	-7.694892117536627	1
95	0	0.025	-7.75217694305214	9
95	1	0.025	-7.755086103161148	9
95	2	0.025	-7.848467875387725	9
95	3	0.025	-7.625141125742828	9
95	4	0.025	-7.675405304768962	9
95	5	0.025	-7.933756691007855	9
95	6	0.025	-7.902696172417455	9
95	7	0.025	-6.051368614178706	9
95	8	0.025	-7.764355209698262	9
96	0	0.025	-7.918731289057915	4
96	1	0.025	-7.908782005217824	4
96	2	0.025	-8.003800836710454	4
96	3	0.025	-7.996798977021617	4
96	5	0.025	-8.062765152200162	4
96	6	0.025	-8.072744121226998	4
96	7	0.025	-7.970407702658107	4
96	8	0.025	-7.9205240282241025	4
96	9	0.025	-6.77711258933809	4
97	0	0.025	-5.883334938489704	5
97	1	0.025	-5.917386659287892	5
97	2	0.025	-6.045014571330743	5
97	3	0.025	0.3430927676570937	5
97	4	0.025	-6.139169081127161	5
97	6	0.025	-3.243363305834647	5
97	7	0.025	-6.051338309899421	5
97	8	0.025	-5.986895188079846	5
97	9	0.025	-6.009862306103543	5
98	0	0.025	-7.344643617629478	9
98	1	0.025	-7.438460574192659	9
98	2	0.025	-7.521723265919202	9
98	3	0.025	-7.485934527649768	9
98	4	0.025	-7.308570824390137	9
98	5	0.025	-7.604327190197242	9
98	6	0.025	-7.578132799791655	9
98	7	0.025	-7.3528443492739335	9
98	8	0.025	-7.450487587537198	9
99	0	0.025	-0.29071572418597097	7
100	0	0.025	-7.55336580081915	6
100	1	0.025	-7.637620568980787	6
100	2	0.025	-7.722365760368624	6
100	3	0.025	-7.640083308184877	6
100	4	0.025	-7.767050712155826	6
100	5	0.025	-7.620186128821356	6
100	7	0.025	-7.7402121929533685	6
100	8	0.025	-7.674305153428749	6
100	9	0.025	-7.707556903307687	6
101	0	0.025	-7.54066102700999	6
101	1	0.025	-7.615405324404892	6
101	2	0.025	-7.71492583439521	6
101	3	0.025	-7.60338436161749	6
101	4	0.025	-7.77829346852101	6
101	5	0.025	-6.734507191403157	6
101	7	0.025	-7.732536192404471	6
101	8	0.025	-5.206390450740288	6
101	9	0.025	-7.699431854065281	6
102	1	0.025	-7.497772773965861	0
102	2	0.025	-7.052719095543062	0
102	3	0.025	-7.485479030893694	0
102	4	0.025	-7.648129167108826	0
102	5	0.025	-7.635774154714293	0
102	6	0.025	-7.672080893705243	0
102	7	0.025	-7.609505958290724	0
102	8	0.025	-7.523781868337719	0
102	9	0.025	-7.548352502263428	0
103	0	0.025	-7.155714644125052	7
103	1	0.025	-7.099106895078283	7
103	2	0.025	-7.183840690289475	7
103	3	0.025	-6.178472001580035	7
103	4	0.025	-7.1871688190510685	7
103	5	0.025	-7.320748506844896	7
103	6	0.025	-7.295898052651924	7
103	8	0.025	-7.136292858535816	7
103	9	0.025	-5.3582632898914975	7
104	0	0.025	-1.7991144810262996	7
104	1	0.025	-1.7854347455332926	7
104	2	0.025	-1.8914841304863803	7
104	3	0.025	-1.8091351178216473	7
104	4	0.025	-1.8263521828376832	7
104	5	0.025	-1.983413424560415	7
104	6	0.025	-1.9667762263668973	7
104	8	0.025	2.75066860196067	7
104	9	0.025	-1.7048420954469177	7
105	0	0.025	-2.682454981349325	8
105	1	0.025	-2.6463693180992194	8
105	2	0.025	-2.5545432887795467	8
105	3	0.025	2.4272768208209787	8
105	4	0.025	-2.8147844364536563	8
105	5	0.025	-2.874832168859101	8
105	6	0.025	-2.859928324074096	8
105	7	0.025	-2.7701508913926136	8
105	9	0.025	-1.6232145547745958	8
106	0	0.025	-5.640652858683182	4
106	1	0.025	-5.679577862872005	4
106	2	0.025	-4.527817326035886	4
106	3	0.025	-5.715139554230526	4
106	5	0.025	-5.793435137509822	4
106	6	0.025	-4.183471140828326	4
106	7	0.025	-5.773798961588946	4
106	8	0.025	-5.703282256974517	4
106	9	0.025	-5.663489869898671	4
107	0	0.025	-7.466434718757163	8
107	1	0.025	-7.478648567225042	8
107	2	0.025	-7.099408311937797	8
107	3	0.025	-5.495262567894889	8
107	4	0.025	-7.657069848906996	8
107	5	0.025	-7.666762222746348	8
107	6	0.025	-7.680609793862567	8
107	7	0.025	-4.249509976018594	8
107	9	0.025	-7.059998600106935	8
109	0	0.025	-6.86108948027611	1
109	2	0.025	-6.959860966312686	1
109	3	0.025	-5.9770951937661545	1
109	4	0.025	-7.048317986904866	1
109	5	0.025	-7.008826725081516	1
109	6	0.025	-7.058119771809718	1
109	7	0.025	-6.992583808613601	1
109	8	0.025	-2.864474748749882	1
109	9	0.025	-6.947948438252775	1
110	0	0.025	-4.922658138848154	8
110	1	0.025	-4.979661098627686	8
110	2	0.025	-5.073528273339099	8
110	3	0.025	-4.933006594020842	8
110	4	0.025	-5.102976521867871	8
110	5	0.025	-5.1370983220065325	8
110	6	0.025	-5.165200855229933	8
110	7	0.025	-5.119425662536436	8
110	9	0.025	-5.028084930585384	8
111	1	0.025	-7.500303667540431	0
111	2	0.025	-7.585433842060984	0
111	3	0.025	-7.490151210314908	0
111	4	0.025	-7.6268789811647935	0
111	5	0.025	-7.63368300993647	0
111	6	0.025	-7.620249421460487	0
111	7	0.025	-7.60428790932115	0
111	8	0.025	-6.6555616366283825	0
111	9	0.025	-7.543739726924358	0
112	0	0.025	-7.585187220863638	2
112	1	0.025	-7.609541792341396	2
112	3	0.025	-7.301080465096867	2
112	4	0.025	-7.788172299261143	2
112	5	0.025	-7.762350789917454	2
112	6	0.025	-7.81609193657289	2
112	7	0.025	-7.778381634780344	2
112	8	0.025	-6.997684315778999	2
112	9	0.025	-7.698407515783746	2
113	0	0.025	-4.57863884502105	9
113	1	0.025	-4.435136943387895	9
113	2	0.025	-4.652368423310235	9
113	3	0.025	-4.613070642429319	9
113	4	0.025	-4.057901251369208	9
113	5	0.025	-4.755103591896528	9
113	6	0.025	-4.725258270733492	9
113	7	0.025	-1.5652507726262805	9
113	8	0.025	-3.44614394725139	9
114	0	0.025	-7.610671664373411	1
114	2	0.025	-7.5798352135557145	1
114	3	0.025	-7.622515660637944	1
114	4	0.025	-7.785378634359198	1
114	5	0.025	-7.767952691757701	1
114	6	0.025	-7.401422574483692	1
114	7	0.025	-7.748254252929471	1
114	8	0.025	-7.656750112959602	1
114	9	0.025	-7.692417056057359	1
115	1	0.025	-7.488643932585584	0
115	2	0.025	-7.574381399348022	0
115	3	0.025	-7.459389753472367	0
115	4	0.025	-7.634528849957652	0
115	5	0.025	-7.426775384441829	0
115	6	0.025	-7.665339652680896	0
115	7	0.025	-7.604609409517947	0
115	8	0.025	-7.514929642600956	0
115	9	0.025	-7.538065738472882	0
116	0	0.025	-7.732040948817828	3
116	1	0.025	-7.692420612296387	3
116	2	0.025	-7.2581377433649745	3
116	4	0.025	-7.981018502969158	3
116	5	0.025	-7.95566393181034	3
116	6	0.025	-7.931317961364743	3
116	7	0.025	-7.833850617767466	3
116	8	0.025	-7.774572856860085	3
116	9	0.025	-7.782646590186565	3
117	0	0.025	-7.7587940029033255	9
117	1	0.025	-7.757258614513366	9
117	2	0.025	-7.854256424137375	9
117	3	0.025	-7.650294259517355	9
117	4	0.025	-7.663101583653627	9
117	5	0.025	-7.941014611121379	9
117	6	0.025	-7.903277544600243	9
117	7	0.025	-7.586380272721057	9
117	8	0.025	-7.766030407441223	9
118	0	0.025	-7.573288992805336	7
118	1	0.025	-7.51656196674906	7
118	2	0.025	-7.343120171856481	7
118	3	0.025	-7.594539430930466	7
118	4	0.025	-7.6105852604132735	7
118	5	0.025	-7.738542739574516	7
118	6	0.025	-7.716302504321606	7
118	8	0.025	-7.553468907427221	7
118	9	0.025	-7.4499523703155015	7
119	1	0.025	-7.501476059665175	0
119	2	0.025	-7.586123834325126	0
119	3	0.025	-7.491141975845039	0
119	4	0.025	-7.6446321796397605	0
119	5	0.025	-7.64358379501728	0
119	6	0.025	-7.621982515216391	0
119	7	0.025	-7.610146844344977	0
119	8	0.025	-7.525951930266481	0
119	9	0.025	-7.550167487026256	0
120	0	0.025	-7.891413128228861	4
120	1	0.025	-7.938036364000916	4
120	2	0.025	-8.023679250517088	4
120	3	0.025	-8.000167348705165	4
120	5	0.025	-8.058499227901866	4
120	6	0.025	-8.087624543792689	4
120	7	0.025	-8.017325233633485	4
120	8	0.025	-7.939682703713852	4
120	9	0.025	-7.004504755702151	4
121	0	0.025	-7.727290702667614	9
121	1	0.025	-7.741661860977238	9
121	2	0.025	-7.828521070791803	9
121	3	0.025	-7.655873112582663	9
121	4	0.025	-5.88826927271838	9
121	5	0.025	-7.9046355437409375	9
121	6	0.025	-7.880570562369005	9
121	7	0.025	-6.498974978911308	9
121	8	0.025	-7.738130085263239	9
122	0	0.025	-7.546613487430033	6
122	1	0.025	-7.625550250208731	6
122	2	0.025	-6.052614438726184	6
122	3	0.025	-7.621166511182711	6
122	4	0.025	-7.774412706090155	6
122	5	0.025	-7.720004053555327	6
122	7	0.025	-7.739059780614394	6
122	8	0.025	-7.636110854735996	6
122	9	0.025	-7.705978603938478	6
123	0	0.025	-4.083551966679602	8
123	1	0.025	-4.058323072070568	8
123	2	0.025	-4.159653060614935	8
123	3	0.025	-0.605723884233047	8
123	4	0.025	-4.153190439813655	8
123	5	0.025	-4.256782255042242	8
123	6	0.025	-4.246850077399416	8
123	7	0.025	-0.9638178428755084	8
123	9	0.025	-2.6393747924947166	8
124	0	0.025	-7.406895940563101	9
124	1	0.025	-7.40257465684307	9
124	2	0.025	-7.502537004324007	9
124	3	0.025	-6.498494591254434	9
124	4	0.025	-7.339812657236537	9
124	5	0.025	-7.570724570189438	9
124	6	0.025	-7.555696059186817	9
124	7	0.025	-7.140290577456279	9
124	8	0.025	-0.09940191053666221	9
125	0	0.025	-7.701287555623615	3
125	1	0.025	-7.665898529359786	3
125	2	0.025	-7.8217444816764035	3
125	4	0.025	-7.900672584420416	3
125	5	0.025	-7.920353523593125	3
125	6	0.025	-7.888585299529834	3
125	7	0.025	-7.708477379546525	3
125	8	0.025	-7.728878757687266	3
125	9	0.025	-6.243450465436928	3
126	0	0.025	1.2247430450169512	5
126	1	0.025	0.233940169094487	5
126	2	0.025	0.1154847885688612	5
126	3	0.025	3.697275545498755	5
126	4	0.025	0.04924592071078129	5
126	6	0.025	4.867356156602767	5
126	7	0.025	0.07826811768008098	5
126	8	0.025	0.6391551788390195	5
126	9	0.025	0.6703084007759164	5
127	0	0.025	-7.648738375355921	4
127	1	0.025	-7.691555089779407	4
127	2	0.025	-7.769198394965467	4
127	3	0.025	-7.765452302876798	4
127	5	0.025	-7.7640151513947835	4
127	6	0.025	-0.5040892913934225	4
127	7	0.025	-7.153197069465613	4
127	8	0.025	-7.695692442467096	4
127	9	0.025	-6.918975165190135	4
128	0	0.025	-7.728914868262487	3
128	1	0.025	-7.689449827321949	3
128	2	0.025	-7.85088114081278	3
128	4	0.025	-7.976354432712458	3
128	5	0.025	-7.954840301918948	3
128	6	0.025	-7.927465404588638	3
128	7	0.025	-7.829699179605933	3
128	8	0.025	-7.7711710246261125	3
128	9	0.025	-7.710733707650307	3
129	0	0.025	-7.5851887145277495	2
129	1	0.025	-7.135980838195933	2
129	3	0.025	-7.306367061871817	2
129	4	0.025	-7.779975220019416	2
129	5	0.025	-7.758433674474339	2
129	6	0.025	-7.486387702425219	2
129	7	0.025	-7.780389618875599	2
129	8	0.025	-7.443187147337939	2
129	9	0.025	-7.705724721545347	2
130	0	0.025	-0.5767150932251665	2
130	1	0.025	-0.6039747601810216	2
130	3	0.025	0.3185456937561436	2
130	4	0.025	-0.8247436828934415	2
130	5	0.025	-0.7962168942047448	2
130	6	0.025	-0.823504956994936	2
130	7	0.025	-0.7695073094251837	2
130	8	0.025	4.175915658084696	2
130	9	0.025	-0.6922909044236286	2
131	0	0.025	-7.922698296100503	4
131	1	0.025	-7.926197607349168	4
131	2	0.025	-8.011656636462915	4
131	3	0.025	-8.00523070792484	4
131	5	0.025	-8.061822987783849	4
131	6	0.025	-8.082071630483615	4
131	7	0.025	-6.192190092624598	4
131	8	0.025	-7.9367032471746475	4
131	9	0.025	-6.804566470960219	4
132	1	0.025	-7.498895807675922	0
132	2	0.025	-7.581024530730146	0
132	3	0.025	-7.48847169962071	0
132	4	0.025	-7.630060308553338	0
132	5	0.025	-7.631770595358499	0
132	6	0.025	-7.615288730171077	0
132	7	0.025	-7.604416522160059	0
132	8	0.025	-7.522225279624101	0
132	9	0.025	-7.547138254046508	0
133	0	0.025	-7.4747268760503305	3
133	1	0.025	-7.552370686824722	3
133	2	0.025	-7.850528254054945	3
133	4	0.025	-7.963969258306014	3
133	5	0.025	-7.9483538671299625	3
133	6	0.025	-7.924242246309318	3
133	7	0.025	-7.829482595647	3
133	8	0.025	-7.769844313501265	3
133	9	0.025	-7.357507789811729	3
134	0	0.025	-4.270521140757128	2
134	1	0.025	-7.199057743006757	2
134	3	0.025	-6.976123586417322	2
134	4	0.025	-7.347088999134777	2
134	5	0.025	-7.313059601197436	2
134	6	0.025	-7.269994004451035	2
134	7	0.025	-7.344751623441962	2
134	8	0.025	-7.244910689719517	2
134	9	0.025	-7.288154628448636	2
135	0	0.025	-7.725623103789794	3
135	1	0.025	-7.688874085381552	3
135	2	0.025	-7.849558255625741	3
135	4	0.025	-7.946715552563564	3
135	5	0.025	-7.843351478667883	3
135	6	0.025	-7.922145815106716	3
135	7	0.025	-7.821016377143296	3
135	8	0.025	-7.7205918824638555	3
135	9	0.025	-7.770663589987184	3
136	0	0.025	-3.0696878463108352	5
136	1	0.025	-3.047664116790059	5
136	2	0.025	-2.979765149960214	5
136	3	0.025	1.613503376273984	5
136	4	0.025	-3.268693468681111	5
136	6	0.025	-3.291348924615528	5
136	7	0.025	-3.1875981957824178	5
136	8	0.025	-3.1198051961851294	5
136	9	0.025	-3.1072466296401995	5
137	0	0.025	-7.613569731970406	1
137	2	0.025	-7.705401203063725	1
137	3	0.025	-7.618822400372582	1
137	4	0.025	-7.793950002003257	1
137	5	0.025	-7.765215291979326	1
137	6	0.025	-7.809544674363873	1
137	7	0.025	-6.899123430121022	1
137	8	0.025	-5.414467456110338	1
137	9	0.025	-7.693534608471515	1
138	0	0.025	-5.696396126186426	1
138	2	0.025	-5.768621065509445	1
138	3	0.025	-1.5014124512913039	1
138	4	0.025	-5.251009512370747	1
138	5	0.025	-5.840829465628827	1
138	6	0.025	-5.850972119041871	1
138	7	0.025	-4.573427879339144	1
138	8	0.025	-4.520087740298618	1
138	9	0.025	-1.2214955037750093	1
139	0	0.025	-7.591882168289505	2
139	1	0.025	-5.738938080121675	2
139	3	0.025	-7.148005568268373	2
139	4	0.025	-7.781200477923066	2
139	5	0.025	-7.758128197887232	2
139	6	0.025	-7.8051449477905805	2
139	7	0.025	-6.857124963252358	2
139	8	0.025	-6.601820516551788	2
139	9	0.025	-7.69028907538833	2
140	0	0.025	-7.908214825786733	4
140	1	0.025	-7.939990880169726	4
140	2	0.025	-8.023488455685728	4
140	3	0.025	-8.003164345444858	4
140	5	0.025	-8.063889698328342	4
140	6	0.025	-8.088423149000981	4
140	7	0.025	-7.587549267501675	4
140	8	0.025	-7.942367700221807	4
140	9	0.025	-7.00489017138484	4
141	0	0.025	-7.424861935035775	8
141	1	0.025	-7.4717716572846085	8
141	2	0.025	-6.574385240501103	8
141	3	0.025	-4.059258208454299	8
141	4	0.025	-7.653201460810586	8
141	5	0.025	-7.616271829340752	8
141	6	0.025	-5.213120183176733	8
141	7	0.025	-7.6125970100681455	8
141	9	0.025	-7.540636438768679	8
142	0	0.025	-7.588771248624817	2
142	1	0.025	-7.597486035982578	2
142	3	0.025	-5.042683616581274	2
142	4	0.025	-7.780340233207626	2
142	5	0.025	-7.765548786365415	2
142	6	0.025	-7.803686826658675	2
142	7	0.025	-7.49187503162057	2
142	8	0.025	-7.630388401243098	2
142	9	0.025	-7.689994214391982	2
143	0	0.025	-7.589444968267245	2
143	1	0.025	-7.607065321787295	2
143	3	0.025	-7.2761918052485255	2
143	4	0.025	-7.767998515118009	2
143	5	0.025	-7.764281928218974	2
143	6	0.025	-7.8105423531934335	2
143	7	0.025	-7.761821247342684	2
143	8	0.025	-7.665177200623723	2
143	9	0.025	-7.696729245172147	2
144	0	0.025	-7.565957593131057	6
144	1	0.025	-7.637946442589401	6
144	2	0.025	-7.698858009207226	6
144	3	0.025	-7.649860059610574	6
144	4	0.025	-7.73640672191762	6
144	5	0.025	-7.728673791841573	6
144	7	0.025	-7.738919016754657	6
144	8	0.025	-7.676936806949214	6
144	9	0.025	-7.694295150064156	6
145	0	0.025	-7.445555310181359	8
145	1	0.025	-7.467719168853978	8
145	2	0.025	0.1251031027923411	8
145	3	0.025	-6.967619383529544	8
145	4	0.025	-7.6589494052724865	8
145	5	0.025	-7.598711678662743	8
145	6	0.025	-7.671618184860702	8
145	7	0.025	-7.622571748154706	8
145	9	0.025	-7.539952184237519	8
146	0	0.025	-4.766183527680148	6
146	1	0.025	-7.21040271253588	6
146	2	0.025	-7.698175508462246	6
146	3	0.025	-7.339066657678844	6
146	4	0.025	-7.787450441468449	6
146	5	0.025	-7.6120042662840435	6
146	7	0.025	-7.715347687526326	6
146	8	0.025	-5.569760849002086	6
146	9	0.025	-7.684642008313586	6
147	0	0.025	-7.186577137805799	1
147	2	0.025	-1.2535861972142457	1
147	3	0.025	-7.197466929973025	1
147	4	0.025	-7.3622482753429095	1
147	5	0.025	-7.3083444921482394	1
147	6	0.025	-7.391134156914656	1
147	7	0.025	-7.346473182170271	1
147	8	0.025	-5.944221474261219	1
147	9	0.025	-7.301377994395531	1
148	0	0.025	-2.7927160261296664	7
148	1	0.025	1.4059487857024207	7
148	2	0.025	1.6266601844166357	7
148	3	0.025	4.042361051763198	7
148	4	0.025	-2.5426454919966286	7
148	5	0.025	-2.9214332519596904	7
148	6	0.025	-2.9391896743095858	7
148	8	0.025	-2.801072779220109	7
148	9	0.025	-2.7788505895060083	7
149	1	0.025	-7.50085379793225	0
149	2	0.025	-5.078517517568665	0
149	3	0.025	-7.489057594815698	0
149	4	0.025	-7.6494924889369935	0
149	5	0.025	-7.628522671936525	0
149	6	0.025	-7.67218270124276	0
149	7	0.025	-7.610162198937084	0
149	8	0.025	-7.523478157248899	0
149	9	0.025	-7.548784427421889	0
150	0	0.025	-7.264603643965374	6
150	1	0.025	-7.63197286574436	6
150	2	0.025	-6.038516616465366	6
150	3	0.025	-7.634283316228742	6
150	4	0.025	-7.748599497436557	6
150	5	0.025	-7.71640356746077	6
150	7	0.025	-7.727289160218838	6
150	8	0.025	-7.6698679964833	6
150	9	0.025	-7.694252941079795	6
1	0	0.075	2.4579756248483546	2
1	1	0.075	-0.10943433543416849	2
1	3	0.075	5.658659330426005	2
1	4	0.075	-0.05978839212882877	2
1	5	0.075	-0.8734257723271777	2
1	6	0.075	5.145476717236015	2
1	7	0.075	2.255143773285411	2
1	8	0.075	1.3923964445024448	2
1	9	0.075	1.8023695663212875	2
2	1	0.075	-5.641400096247007	0
2	2	0.075	-2.778570879899087	0
2	3	0.075	-5.619392270457467	0
2	4	0.075	-5.749464481308086	0
2	5	0.075	-5.7694502207318905	0
2	6	0.075	-5.354324365328028	0
2	7	0.075	-5.749858355819808	0
2	8	0.075	-5.663959067318292	0
2	9	0.075	-5.405375109928766	0
3	0	0.075	-3.85567610534743	4
3	1	0.075	-3.689953632994723	4
3	2	0.075	-2.4569305806363433	4
3	3	0.075	-0.015749789092763408	4
3	5	0.075	-3.975603872030185	4
3	6	0.075	-3.510383214475895	4
3	7	0.075	3.064866315943975	4
3	8	0.075	-1.7661668949653826	4
3	9	0.075	-0.44149478429829914	4
4	0	0.075	6.394645770462252	8
4	1	0.075	5.948057146285438	8
4	2	0.075	6.862251923550751	8
4	3	0.075	7.819111427556811	8
4	4	0.075	2.8884498455415337	8
4	5	0.075	7.553047812267449	8
4	6	0.075	7.707853299222208	8
4	7	0.075	4.24879696935941	8
4	9	0.075	6.746824768602332	8
5	0	0.075	-6.78895219790719	7
5	1	0.075	-6.741480419191088	7
5	2	0.075	0.4968050037174887	7
5	3	0.075	-0.994849922848769	7
5	4	0.075	-6.804069025998614	7
5	5	0.075	-6.92989643892452	7
5	6	0.075	-6.940888449985139	7
5	8	0.075	-5.546821945922097	7
5	9	0.075	-6.115042426102371	7
6	0	0.075	-3.1834098148904073	6
6	1	0.075	-3.2532987352118536	6
6	2	0.075	1.1512392917404788	6
6	3	0.075	-1.3665432894265241	6
6	4	0.075	-2.922168289050092	6
6	5	0.075	-1.7637788505675585	6
6	7	0.075	-0.8328576962418692	6
6	8	0.075	-1.0988396352021828	6
6	9	0.075	-3.317555511971911	6
7	1	0.075	-7.466339493017214	0
7	2	0.075	-3.8504329291429524	0
7	3	0.075	-5.555147742924912	0
7	4	0.075	-7.618373280254123	0
7	5	0.075	-7.303768954210751	0
7	6	0.075	-7.6369038454326486	0
7	7	0.075	-5.627131735321727	0
7	8	0.075	-7.487993852366897	0
7	9	0.075	-5.330391686673721	0
8	0	0.075	1.8967398441461158	6
8	1	0.075	1.7756124657280674	6
8	2	0.075	6.205885471390108	6
8	3	0.075	4.595974010287725	6
8	4	0.075	2.1654621202576156	6
8	5	0.075	5.894854520079738	6
8	7	0.075	0.08905737996755975	6
8	8	0.075	7.694196950532027	6
8	9	0.075	1.8791362003519343	6
9	0	0.075	-0.07351884834807904	3
9	1	0.075	1.3405988882944166	3
9	2	0.075	0.2395009350591998	3
9	4	0.075	-0.2884369600411394	3
9	5	0.075	5.9951986535252875	3
9	6	0.075	-0.32161103208360553	3
9	7	0.075	-0.2515413219228676	3
9	8	0.075	-0.09206605370988609	3
9	9	0.075	-0.09066826477737522	3
10	0	0.075	5.191932513787693	1
10	2	0.075	7.4493491700884515	1
10	3	0.075	5.577484903531487	1
10	4	0.075	4.896380531458969	1
10	5	0.075	5.07640525543826	1
10	6	0.075	5.70086328076941	1
10	7	0.075	5.552509531533262	1
10	8	0.075	7.300475806442741	1
10	9	0.075	1.5016318042986834	1
11	0	0.075	2.863568092995807	8
11	1	0.075	0.09974962464555179	8
11	2	0.075	7.071950886929071	8
11	3	0.075	4.349484627409826	8
11	4	0.075	2.9609372585595395	8
11	5	0.075	7.5336071896683325	8
11	6	0.075	7.70244295414913	8
11	7	0.075	-0.010714726322891117	8
11	9	0.075	7.128021325717002	8
12	1	0.075	-5.352159774060441	0
12	2	0.075	-3.2253972073549204	0
12	3	0.075	-0.620606969330383	0
12	4	0.075	-3.9974091426947496	0
12	5	0.075	-5.482597676774249	0
12	6	0.075	-3.0726159365778276	0
12	7	0.075	-5.3370818733535685	0
12	8	0.075	-3.470428278144585	0
12	9	0.075	-0.7523646405311071	0
13	0	0.075	-0.4919021297272606	7
13	1	0.075	-2.325070932542407	7
13	2	0.075	1.0028418711869753	7
13	3	0.075	4.670623623335845	7
13	4	0.075	-2.3755569227875926	7
13	5	0.075	-1.952360285241514	7
13	6	0.075	-2.451626983273781	7
13	8	0.075	-2.3559847227126767	7
13	9	0.075	4.810407531351611	7
14	0	0.075	3.530526875702397	9
14	1	0.075	-0.011368938993190183	9
14	2	0.075	0.28925446255347637	9
14	3	0.075	1.2148928772800895	9
14	4	0.075	1.965416373952	9
14	5	0.075	-0.15186706701819888	9
14	6	0.075	-0.1753976010955877	9
14	7	0.075	7.52188890072329	9
14	8	0.075	6.78864083854139	9
15	0	0.075	2.359464423677819	8
15	1	0.075	-0.7098961562659595	8
15	2	0.075	2.5494080599035356	8
15	3	0.075	6.13266167362057	8
15	4	0.075	-0.38539893584041734	8
15	5	0.075	-0.8584769432186964	8
15	6	0.075	2.725303112840358	8
15	7	0.075	2.116418582781139	8
15	9	0.075	4.957000453731974	8
16	0	0.075	1.8654525710656773	4
16	1	0.075	-3.268920821015411	4
16	2	0.075	-3.3309264806220735	4
16	3	0.075	-3.3098608285452804	4
16	5	0.075	-3.294946319200988	4
16	6	0.075	4.05969075118581	4
16	7	0.075	-2.031203766344191	4
16	8	0.075	-2.0249790801377165	4
16	9	0.075	-2.973517994070277	4
17	0	0.075	1.9789229976288236	5
17	1	0.075	-3.8993174694570256	5
17	2	0.075	-4.241924511625735	5
17	3	0.075	1.8658148726221686	5
17	4	0.075	-4.152457239461403	5
17	6	0.075	1.3057247657259206	5
17	7	0.075	-4.235735475746255	5
17	8	0.075	-3.2129530203594157	5
17	9	0.075	-2.5433511668401345	5
18	0	0.075	5.7645427570959695	3
18	1	0.075	5.778027571220797	3
18	2	0.075	3.3676789216452208	3
18	4	0.075	1.3604828893485768	3
18	5	0.075	5.742044088474138	3
18	6	0.075	4.102784381362158	3
18	7	0.075	3.704611647936789	3
18	8	0.075	2.7604213809281717	3
18	9	0.075	7.1314580373041165	3
19	0	0.075	3.5362097945575446	4
19	1	0.075	7.049155768119099	4
19	2	0.075	3.3685110465682353	4
19	3	0.075	7.963735232261313	4
19	5	0.075	6.909321039875627	4
19	6	0.075	1.5385884751655263	4
19	7	0.075	7.589300865212087	4
19	8	0.075	7.770401346535693	4
19	9	0.075	7.886607989017146	4
20	1	0.075	0.02070653705019001	0
20	2	0.075	4.047509469092395	0
20	3	0.075	0.2885902158740951	0
20	4	0.075	1.6830103763071418	0
20	5	0.075	7.32441002695048	0
20	6	0.075	2.608233471918114	0
20	7	0.075	4.8744811586772	0
20	8	0.075	7.365118456022885	0
20	9	0.075	3.1261416346757374	0
21	0	0.075	6.026572569185885	6
21	1	0.075	5.817275487066701	6
21	2	0.075	7.671256130895265	6
21	3	0.075	6.1310391058299505	6
21	4	0.075	7.741928917099643	6
21	5	0.075	5.564039355646862	6
21	7	0.075	6.902665047331872	6
21	8	0.075	7.076322679188729	6
21	9	0.075	6.880469180712216	6
22	0	0.075	0.34524877091456685	6
22	1	0.075	2.1842303386772683	6
22	2	0.075	7.400330592447785	6
22	3	0.075	6.132731657958482	6
22	4	0.075	5.969574627680608	6
22	5	0.075	0.9900451575629787	6
22	7	0.075	7.055885259449257	6
22	8	0.075	7.386167641767487	6
22	9	0.075	6.106730195664666	6
23	0	0.075	4.863257452748733	3
23	1	0.075	6.293270967738555	3
23	2	0.075	6.379168930767606	3
23	4	0.075	-0.271929322899181	3
23	5	0.075	6.75536430573477	3
23	6	0.075	0.10314186504103408	3
23	7	0.075	5.161101133862178	3
23	8	0.075	-0.052323539401650784	3
23	9	0.075	5.619075040112849	3
24	1	0.075	-4.751559470839994	0
24	2	0.075	2.1122395041081807	0
24	3	0.075	-4.3286322684617335	0
24	4	0.075	-4.849147257596499	0
24	5	0.075	-3.129855058376279	0
24	6	0.075	1.9637996410789218	0
24	7	0.075	-4.870921674344294	0
24	8	0.075	-3.86025782131297	0
24	9	0.075	-1.9135447163136974	0
25	0	0.075	4.598112968767707	2
25	1	0.075	3.665968593112638	2
25	3	0.075	6.508592085714059	2
25	4	0.075	-0.7141021549772247	2
25	5	0.075	-0.6138537103067269	2
25	6	0.075	5.695840302905046	2
25	7	0.075	-0.6272723897079493	2
25	8	0.075	4.561642989920627	2
25	9	0.075	-0.609417293645262	2
26	0	0.075	-4.724794220471998	3
26	1	0.075	-4.662154535381744	3
26	2	0.075	-2.402341823563726	3
26	4	0.075	-4.92349444711571	3
26	5	0.075	-2.6774886533848297	3
26	6	0.075	-4.9329402590635345	3
26	7	0.075	-4.845472688989213	3
26	8	0.075	-4.6895203227741575	3
26	9	0.075	1.8064870550548242	3
27	0	0.075	6.644384974708813	6
27	1	0.075	7.26004384748997	6
27	2	0.075	7.448637424448751	6
27	3	0.075	7.962239196618774	6
27	4	0.075	7.349121921610301	6
27	5	0.075	7.611818315806409	6
27	7	0.075	2.4728055159069537	6
27	8	0.075	7.730915102676421	6
27	9	0.075	6.031813193565217	6
28	0	0.075	-3.348964996144698	6
28	1	0.075	-2.9188405732027594	6
28	2	0.075	1.754942776834118	6
28	3	0.075	2.261896622957864	6
28	4	0.075	-1.7360415097628772	6
28	5	0.075	-0.7862786294010448	6
28	7	0.075	-3.6558115738658565	6
28	8	0.075	0.4231360448317181	6
28	9	0.075	-3.6140178298117727	6
29	0	0.075	6.599730384519795	7
29	1	0.075	4.626129231071753	7
29	2	0.075	6.998712565274186	7
29	3	0.075	6.83771582913664	7
29	4	0.075	2.9691019080459404	7
29	5	0.075	7.038765240917313	7
29	6	0.075	2.6287542344359918	7
29	8	0.075	7.475657028638762	7
29	9	0.075	2.330160545195038	7
30	0	0.075	6.451605623122819	4
30	1	0.075	0.20771786828096123	4
30	2	0.075	7.131610998446563	4
30	3	0.075	3.6414132032012105	4
30	5	0.075	0.39679470316666987	4
30	6	0.075	5.3955808653571795	4
30	7	0.075	7.771246171918209	4
30	8	0.075	7.235273915639568	4
30	9	0.075	7.802453813611839	4
32	0	0.075	-7.66821613403217	3
32	1	0.075	-7.651973053537026	3
32	2	0.075	-4.550623313948484	3
32	4	0.075	-7.814155233664603	3
32	5	0.075	-7.867937501557421	3
32	6	0.075	-7.855791332551846	3
32	7	0.075	-7.621335645426606	3
32	8	0.075	-6.933848508499145	3
32	9	0.075	-3.7617028381016824	3
33	0	0.075	2.87868548101833	8
33	1	0.075	-0.14244068619841863	8
33	2	0.075	4.6718503919683085	8
33	3	0.075	6.128202865319473	8
33	4	0.075	-0.49046210564616993	8
33	5	0.075	-0.5268214876690703	8
33	6	0.075	5.2539580776446035	8
33	7	0.075	-0.5267077618393513	8
33	9	0.075	3.2431716906948247	8
34	0	0.075	7.179879504063635	7
35	0	0.075	-2.357704703177483	5
35	1	0.075	-2.4013694267700183	5
35	2	0.075	-2.5224453669674447	5
35	3	0.075	2.9938030904005983	5
35	4	0.075	-2.5345378656209627	5
35	6	0.075	1.1041984610242852	5
35	7	0.075	-2.5367423066826746	5
35	8	0.075	-1.7981574328971222	5
35	9	0.075	0.9743152587094619	5
36	0	0.075	-0.2026811723333421	4
36	1	0.075	-0.366358813026243	4
36	2	0.075	1.804727137168921	4
36	3	0.075	-0.3871970117878607	4
36	5	0.075	-0.45985809335610606	4
36	6	0.075	0.5527261261602149	4
36	7	0.075	5.183600820593951	4
36	8	0.075	6.945412875149029	4
36	9	0.075	6.212411559946273	4
37	0	0.075	3.5965294640135226	2
37	1	0.075	3.3875545710597916	2
38	0	0.075	1.9185214484362976	5
38	1	0.075	-1.4483505065472295	5
38	2	0.075	2.9207807099848493	5
38	3	0.075	2.6539992632304603	5
38	4	0.075	-0.8598717934709746	5
38	6	0.075	3.1947161367109578	5
38	7	0.075	-0.8331840251145862	5
38	8	0.075	4.713594874238663	5
38	9	0.075	-1.4862266695088928	5
39	0	0.075	7.664891279887529	5
39	1	0.075	7.832974727640445	5
39	2	0.075	7.827244696553434	5
39	3	0.075	7.973760646066696	5
39	4	0.075	8.095160288802855	5
39	6	0.075	7.8272338483590564	5
39	7	0.075	7.755307440908667	5
39	8	0.075	7.713330160464282	5
40	0	0.075	3.505707875846627	8
40	1	0.075	4.807016375597201	8
40	2	0.075	5.022453317308968	8
40	3	0.075	7.57409847203983	8
40	4	0.075	2.536695532219049	8
40	5	0.075	6.3157005286321155	8
40	6	0.075	0.06521377919319866	8
40	7	0.075	-0.0232928648809274	8
40	9	0.075	3.516118034266741	8
41	0	0.075	-7.123417697302927	5
41	1	0.075	-7.15655020854854	5
41	2	0.075	-7.285250721125699	5
41	3	0.075	-0.8382752066305653	5
41	4	0.075	-7.290737723011775	5
41	6	0.075	-7.3782551514752175	5
41	7	0.075	-7.26859083920145	5
41	8	0.075	-7.163984890398207	5
41	9	0.075	0.18637207915334114	5
42	0	0.075	3.262395049997746	2
42	1	0.075	0.46953420317429617	2
42	3	0.075	7.847503777225544	2
42	4	0.075	0.06233662016424352	2
42	5	0.075	0.02769989759089594	2
42	6	0.075	0.4705127153575914	2
42	7	0.075	3.70997622719488	2
42	8	0.075	7.310955962989934	2
42	9	0.075	2.7944255894694843	2
43	0	0.075	6.957001410532701	9
43	1	0.075	0.5100477174960085	9
43	2	0.075	6.609258365945977	9
43	3	0.075	7.071847973534883	9
43	4	0.075	7.907166981549662	9
43	5	0.075	0.4386796596127243	9
43	6	0.075	5.599093168937509	9
43	7	0.075	7.167163943372809	9
43	8	0.075	7.02273248470021	9
44	0	0.075	5.254123993256083	2
44	1	0.075	0.030369555825902998	2
44	3	0.075	4.1013794876394565	2
44	4	0.075	2.782573613353736	2
44	5	0.075	-0.08358549053903676	2
44	6	0.075	7.343747228582854	2
44	7	0.075	4.408862976907924	2
44	8	0.075	-0.01879450198089892	2
44	9	0.075	-0.016016268059004704	2
45	0	0.075	1.9561915969920278	4
45	1	0.075	-0.013585408470998778	4
45	2	0.075	6.362207589618427	4
45	3	0.075	-0.033642747777757546	4
45	5	0.075	-0.0590679360416847	4
45	6	0.075	4.220941742482347	4
45	7	0.075	6.263158441877624	4
45	8	0.075	7.167990129852	4
45	9	0.075	6.61577280732617	4
46	0	0.075	-7.31411152554824	2
46	1	0.075	-5.1154597885843325	2
46	3	0.075	-5.070855128252618	2
46	4	0.075	-7.773058207109676	2
46	5	0.075	-7.736666939902029	2
46	6	0.075	-7.674430608005127	2
46	7	0.075	-7.752058400073039	2
46	8	0.075	-6.005755287448741	2
46	9	0.075	-7.688816635366836	2
47	0	0.075	0.3175664970317581	7
47	1	0.075	2.580340773374765	7
47	2	0.075	5.458104017091132	7
47	3	0.075	7.7908010096594005	7
47	4	0.075	4.233505767703477	7
47	5	0.075	-0.00712118343922213	7
47	6	0.075	0.06867737443379794	7
47	8	0.075	6.528618038476032	7
47	9	0.075	7.070651573446718	7
48	1	0.075	-7.470699398274616	0
48	2	0.075	-5.252560856432444	0
48	3	0.075	-7.33971652326049	0
48	4	0.075	-7.6013418938627675	0
48	5	0.075	-7.289407647010067	0
48	6	0.075	-7.280545036175799	0
48	7	0.075	-1.40329546266773	0
48	8	0.075	-7.484924302413978	0
48	9	0.075	-2.3258477256427232	0
49	0	0.075	-2.9743633397569864	5
49	1	0.075	-3.129947740722576	5
49	2	0.075	-3.2589438925627534	5
49	3	0.075	2.6121137619685095	5
49	4	0.075	-3.2386940966751916	5
49	6	0.075	-3.3531105086980677	5
49	7	0.075	-3.238378717796106	5
49	8	0.075	0.782262106518982	5
49	9	0.075	-0.2312578571135358	5
50	0	0.075	4.991143135363917	1
50	2	0.075	7.014888734147375	1
50	3	0.075	5.458313036103761	1
50	4	0.075	5.063426034806256	1
50	5	0.075	5.333139536116848	1
50	6	0.075	5.188502593449061	1
50	7	0.075	4.957564944275289	1
50	8	0.075	7.238900901808791	1
50	9	0.075	3.6513877834824986	1
51	1	0.075	-0.8921713756668938	0
51	2	0.075	4.096888153019178	0
51	3	0.075	-0.19559665498937429	0
51	4	0.075	-0.21638657295327357	0
51	5	0.075	-0.959248643951902	0
51	6	0.075	0.9898135999499816	0
51	7	0.075	-0.889351746990461	0
51	8	0.075	2.0440964126141683	0
51	9	0.075	4.246317297453133	0
52	0	0.075	-1.075771152325972	7
52	1	0.075	-0.9432790978334742	7
52	2	0.075	3.3429915609071164	7
52	3	0.075	5.068154246157319	7
52	4	0.075	-2.3850957501540955	7
52	5	0.075	-2.3039817093217883	7
52	6	0.075	-2.4661554334817892	7
52	8	0.075	4.525854575789659	7
52	9	0.075	3.9906429019207086	7
53	0	0.075	4.969180096825341	9
53	1	0.075	0.5674222216196002	9
53	2	0.075	6.443149716838082	9
53	3	0.075	5.923394240317814	9
53	4	0.075	7.8380124037372125	9
53	5	0.075	0.08576986133545071	9
53	6	0.075	3.494169844241566	9
53	7	0.075	7.6526800945932	9
53	8	0.075	7.543662162874731	9
54	0	0.075	0.11418096115866092	9
54	1	0.075	-0.0573172448161471	9
54	2	0.075	6.835426277040518	9
54	3	0.075	-0.021411713797931	9
55	0	0.075	-0.7594988436375166	9
55	1	0.075	-1.0008701988264752	9
55	2	0.075	-1.0772302003220287	9
55	3	0.075	1.066967236708592	9
55	4	0.075	1.9547814665189107	9
55	5	0.075	1.385009635280969	9
55	6	0.075	-1.1529171257573152	9
55	7	0.075	3.635199623711218	9
55	8	0.075	4.9762237451754725	9
56	0	0.075	-3.4344856716859167	6
56	1	0.075	-5.155507481686391	6
56	2	0.075	0.6290260494420482	6
56	3	0.075	-5.012178020098191	6
56	4	0.075	0.12196762920615006	6
56	5	0.075	-4.753790957743682	6
56	7	0.075	-3.443609237360519	6
56	8	0.075	-4.269812477493612	6
56	9	0.075	-4.995661131321281	6
57	0	0.075	6.044962102904403	5
57	1	0.075	0.29634408442416316	5
57	2	0.075	0.1583306633110273	5
57	3	0.075	7.968401507714341	5
57	4	0.075	0.4989133331145758	5
57	6	0.075	3.439597015315006	5
57	7	0.075	0.22283775994932828	5
57	8	0.075	7.370954524617973	5
57	9	0.075	7.957841959824992	5
58	0	0.075	3.697667654296017	8
58	1	0.075	-1.1794273991779964	8
58	2	0.075	-0.7739492878637105	8
58	3	0.075	4.892550759257718	8
58	4	0.075	0.2593260067346496	8
58	5	0.075	-1.3222880928908043	8
58	6	0.075	3.9848204514148975	8
58	7	0.075	-1.2926668998503188	8
58	9	0.075	3.1781052182637133	8
59	0	0.075	2.7861066959431735	8
59	1	0.075	-2.7612489570045744	8
59	2	0.075	3.5232022168066788	8
59	3	0.075	-0.5232583244419269	8
59	4	0.075	1.6323442344580803	8
59	5	0.075	-2.8777804245246004	8
59	6	0.075	-2.4695465536396477	8
59	7	0.075	-2.8979810310267773	8
59	9	0.075	0.28223476375956946	8
60	0	0.075	-0.4178886685578724	6
60	1	0.075	-1.0053992831492478	6
60	2	0.075	6.106652902719068	6
60	3	0.075	-0.6673863600847856	6
60	4	0.075	0.6757823655420848	6
60	5	0.075	2.992634673718201	6
60	7	0.075	-1.3874508711615798	6
60	8	0.075	4.437322970942146	6
60	9	0.075	0.7280507089942899	6
61	0	0.075	0.09045065869405364	9
61	1	0.075	0.0719079917582378	9
61	2	0.075	1.6458754238609512	9
61	3	0.075	6.786006536511166	9
61	4	0.075	3.3929142133302523	9
61	5	0.075	5.060936201105601	9
61	6	0.075	-0.11431928722075214	9
61	7	0.075	6.679054899493087	9
61	8	0.075	5.6912607559447395	9
62	0	0.075	6.903725349946913	9
62	1	0.075	-0.0894698753630876	9
62	2	0.075	-0.1690737403718991	9
62	3	0.075	-0.10148435928514238	9
62	4	0.075	2.845245756755412	9
62	5	0.075	-0.09835095031596668	9
62	6	0.075	-0.2519674547614408	9
62	7	0.075	1.9724358442753593	9
62	8	0.075	4.597190271608271	9
63	0	0.075	-0.3804606876843195	5
63	1	0.075	1.0726432695316763	5
63	2	0.075	-3.7443656129194665	5
63	3	0.075	1.2399778546795268	5
63	4	0.075	-3.4731108964774653	5
63	6	0.075	-3.8445183907410607	5
63	7	0.075	1.2252061649708146	5
63	8	0.075	-1.3343598940666208	5
63	9	0.075	-3.6599567137374986	5
64	0	0.075	0.3021663737490769	4
64	1	0.075	6.306659463381351	4
64	2	0.075	6.667418308344736	4
64	3	0.075	6.434204528241134	4
64	5	0.075	0.16546097395996523	4
64	6	0.075	5.6746115987198475	4
64	7	0.075	7.602767429319835	4
64	8	0.075	6.779011505326514	4
64	9	0.075	7.4100039080716575	4
65	0	0.075	0.4803899395799195	2
65	1	0.075	-0.030662976519041575	2
65	3	0.075	6.946378748514293	2
65	4	0.075	-0.28497345820842046	2
65	5	0.075	-0.33982128556182417	2
65	6	0.075	0.13374946714985314	2
65	7	0.075	4.9868208823526885	2
65	8	0.075	3.928872819660327	2
65	9	0.075	1.3705383360860237	2
66	0	0.075	-5.082862346336134	6
66	1	0.075	-6.854714046108259	6
66	2	0.075	-7.628327982123429	6
66	3	0.075	-7.628854332790929	6
66	4	0.075	-3.8840893098961353	6
66	5	0.075	-7.484087035392366	6
66	7	0.075	-6.3393572508423235	6
66	8	0.075	-7.651934759559226	6
66	9	0.075	-7.366401749029417	6
67	0	0.075	7.397081432271453	8
67	1	0.075	0.09780197042291333	8
67	2	0.075	3.4115635913554074	8
67	3	0.075	7.132630238340072	8
67	4	0.075	1.6162250269135805	8
67	5	0.075	0.2454629337985987	8
67	6	0.075	4.4116118700660145	8
67	7	0.075	-0.009172813839841119	8
67	9	0.075	6.374909007238673	8
68	0	0.075	2.5605071142531823	1
68	2	0.075	7.640905944253221	1
68	3	0.075	7.767527747420661	1
68	4	0.075	2.938280350726861	1
68	5	0.075	6.076827287099137	1
68	6	0.075	6.82074955877169	1
68	7	0.075	7.315186158837691	1
68	8	0.075	7.600010613019866	1
68	9	0.075	6.50192913246362	1
69	1	0.075	-0.7741221175566358	0
69	2	0.075	-1.3404637293443549	0
69	3	0.075	-0.7543162062074688	0
69	4	0.075	-1.4052796188703867	0
69	5	0.075	-0.769242374930832	0
69	6	0.075	4.0452996678585516	0
69	7	0.075	5.840918577227098	0
69	8	0.075	-1.4502267597672782	0
69	9	0.075	2.835012593312896	0
70	0	0.075	-1.5392290438930873	6
70	1	0.075	-4.125351270994307	6
70	2	0.075	2.14401773832641	6
70	3	0.075	-3.0894427397279816	6
70	4	0.075	2.429701727099962	6
70	5	0.075	-1.2386089687979533	6
70	7	0.075	-0.26595618165435847	6
70	8	0.075	-1.8133257459125216	6
70	9	0.075	-4.189621154475707	6
71	0	0.075	4.504234415957626	9
71	1	0.075	1.991266799848123	9
71	2	0.075	2.8373544711943777	9
71	3	0.075	7.732159403840528	9
71	4	0.075	4.6609389683002425	9
71	5	0.075	7.336152779712348	9
71	6	0.075	-0.038085348435508	9
71	7	0.075	7.2589364854468075	9
71	8	0.075	6.525606114204726	9
72	0	0.075	6.456843627739657	5
72	1	0.075	0.623659436196469	5
72	2	0.075	1.850589922564634	5
72	3	0.075	7.878340161147813	5
72	4	0.075	0.5313270376401777	5
72	6	0.075	2.59230572387243	5
72	7	0.075	7.009903129460666	5
72	8	0.075	6.37454791564942	5
72	9	0.075	7.5825474688150205	5
73	0	0.075	-3.943553560633753	5
73	1	0.075	-3.9278796134045333	5
73	2	0.075	-4.108262525791539	5
73	3	0.075	1.0041237322188572	5
73	4	0.075	-4.154906171860616	5
73	6	0.075	1.0151019337203564	5
73	7	0.075	-4.121805857796575	5
73	8	0.075	-4.0416676391870725	5
73	9	0.075	-2.8473595251362247	5
74	0	0.075	-4.160441070303062	4
74	1	0.075	-4.199303008454195	4
74	2	0.075	0.7819325156770609	4
74	3	0.075	-4.243471736765868	4
74	5	0.075	-4.284912323304919	4
74	6	0.075	-4.164368947580025	4
74	7	0.075	0.8849413642174933	4
74	8	0.075	0.123403890915046	4
74	9	0.075	0.8446046244884318	4
75	0	0.075	2.355399451073301	1
75	2	0.075	5.7746858783122	1
75	3	0.075	6.075741898037168	1
75	4	0.075	3.186233328282066	1
75	5	0.075	2.55894380364366	1
75	6	0.075	3.111589532729298	1
75	7	0.075	5.122208166134325	1
75	8	0.075	6.913122963780886	1
75	9	0.075	1.3830969617965774	1
76	0	0.075	-2.1218439262307602	6
76	1	0.075	3.088696508438912	6
76	2	0.075	5.357469635624699	6
76	3	0.075	4.001354121975411	6
76	4	0.075	-2.2552778420334842	6
76	5	0.075	-2.245810951515591	6
76	7	0.075	-2.302008786680339	6
76	8	0.075	2.0255831165987024	6
76	9	0.075	-2.2548939799042884	6
77	0	0.075	0.4736587328190918	7
77	1	0.075	0.128961211839169	7
77	2	0.075	7.332562655035908	7
77	3	0.075	7.0168902829419535	7
77	4	0.075	1.008138622788	7
77	5	0.075	-0.04029560298594284	7
77	6	0.075	-0.08423417791096177	7
77	8	0.075	6.410076328568525	7
77	9	0.075	5.940858437381625	7
78	0	0.075	5.9715932785507695	5
78	1	0.075	0.22869441461937265	5
78	2	0.075	0.10890559526435467	5
78	3	0.075	4.254892165465919	5
78	4	0.075	1.346931587264654	5
78	6	0.075	4.695618131651149	5
78	7	0.075	0.10660489786982624	5
78	8	0.075	3.5229212563684635	5
78	9	0.075	4.619627163877012	5
79	0	0.075	4.156284191730624	2
79	1	0.075	7.0754850265320135	2
79	3	0.075	7.113317676678602	2
79	4	0.075	7.994286994886718	2
79	5	0.075	7.475692207490179	2
79	6	0.075	7.359074408816779	2
79	7	0.075	7.709023998514068	2
79	8	0.075	6.194573698933458	2
79	9	0.075	1.8339457395351344	2
80	0	0.075	3.1662801340900657	9
80	1	0.075	1.1682169093958035	9
80	2	0.075	2.1815611729282636	9
80	3	0.075	6.9532319991443075	9
80	4	0.075	7.552542324775938	9
80	5	0.075	0.0016940728000518542	9
80	6	0.075	-0.065212673475102	9
80	7	0.075	5.8131269959716425	9
80	8	0.075	7.209655694913502	9
81	1	0.075	0.8716418329311069	0
81	2	0.075	3.1249093748046266	0
81	3	0.075	-0.693322022371552	0
81	4	0.075	4.140225132605064	0
81	5	0.075	-0.8144058687429644	0
81	6	0.075	5.4783095755532125	0
81	7	0.075	-0.6838532103126356	0
81	8	0.075	-0.7583648206976638	0
81	9	0.075	0.019642864842562984	0
82	0	0.075	1.0260371517105784	6
82	1	0.075	-5.851962857359585	6
82	2	0.075	-1.5939272489088068	6
82	3	0.075	-5.844227448993003	6
82	4	0.075	0.4238074798875775	6
82	5	0.075	-1.699818418429312	6
82	7	0.075	-5.60629841439433	6
82	8	0.075	-3.7188739227731467	6
82	9	0.075	-5.766038389078065	6
83	0	0.075	0.6926389026396147	4
83	1	0.075	0.2961663331850289	4
83	2	0.075	3.45389518314503	4
83	3	0.075	0.07159590013821919	4
83	5	0.075	0.6727982700712449	4
83	6	0.075	7.315143719064982	4
83	7	0.075	6.334000312780753	4
83	8	0.075	1.9579024359127621	4
83	9	0.075	4.100927582301169	4
84	0	0.075	-0.15037040110000072	4
84	1	0.075	-0.1647917623449337	4
84	2	0.075	1.0569821577796936	4
84	3	0.075	1.0771408683736834	4
84	5	0.075	-0.3117844588322852	4
84	6	0.075	-0.027683218206080273	4
84	7	0.075	3.6143660608979298	4
84	8	0.075	2.0905800660770284	4
84	9	0.075	6.224343976504293	4
85	0	0.075	6.831065502349917	2
85	1	0.075	0.9905910420586586	2
85	3	0.075	7.500863664607622	2
85	4	0.075	0.15842208664622484	2
85	5	0.075	0.02746912972059214	2
85	6	0.075	-0.013551932138864353	2
85	7	0.075	7.686526029902589	2
85	8	0.075	7.645153671556169	2
85	9	0.075	6.43326450552691	2
86	0	0.075	6.269748896178903	8
86	1	0.075	7.320284667046737	8
86	2	0.075	7.524937862550334	8
86	3	0.075	7.793669443728306	8
86	4	0.075	7.894691899456297	8
86	5	0.075	6.661105507061786	8
86	6	0.075	4.525457055657464	8
86	7	0.075	7.481042150232316	8
86	9	0.075	6.785960022242227	8
87	0	0.075	-4.623255770146831	7
87	1	0.075	-3.806037616814057	7
87	2	0.075	2.233287689622449	7
87	3	0.075	1.645619343832125	7
87	4	0.075	-3.454126531189658	7
87	5	0.075	-4.9579947982001675	7
87	6	0.075	-5.106849235646346	7
87	8	0.075	1.5074602418216512	7
87	9	0.075	-4.842610837479883	7
88	0	0.075	-3.2049028376049105	8
88	1	0.075	-5.300324152091364	8
88	2	0.075	2.1731935688766093	8
88	3	0.075	-1.2691647758895022	8
88	4	0.075	-5.479592286753284	8
88	5	0.075	-5.436386148329953	8
88	6	0.075	-5.502231594152704	8
88	7	0.075	-5.451806389021075	8
88	9	0.075	-5.236877880071863	8
89	0	0.075	2.6385177947074503	3
89	1	0.075	1.7704268649462473	3
89	2	0.075	0.1982691306593592	3
89	4	0.075	5.073138438777804	3
89	5	0.075	6.678746429706751	3
89	6	0.075	-0.15452799813904877	3
89	7	0.075	-0.06533955386827583	3
89	8	0.075	3.3841222330127008	3
89	9	0.075	7.1543623561491225	3
90	1	0.075	-7.48598279989902	0
90	2	0.075	-3.2380113332186777	0
90	3	0.075	-7.466136338741174	0
90	4	0.075	-7.5950137904991815	0
90	5	0.075	-7.575086908836937	0
90	6	0.075	-2.0250554268661594	0
90	7	0.075	-7.584001847755328	0
90	8	0.075	-7.507962958003227	0
90	9	0.075	-5.669543764104554	0
91	0	0.075	-1.7940310518628635	9
91	1	0.075	-1.8006309393889042	9
91	2	0.075	-1.8813543268025918	9
91	3	0.075	0.6723157237777876	9
91	4	0.075	0.02844496820954503	9
91	5	0.075	-1.9517495265018017	9
91	6	0.075	-1.9520730137198405	9
91	7	0.075	4.553844309518986	9
91	8	0.075	1.6245887496447922	9
92	1	0.075	3.7578280424927786	0
92	2	0.075	4.658878837717252	0
92	3	0.075	2.8422685201235467	0
92	4	0.075	-0.7455217067852883	0
92	5	0.075	5.745879618737829	0
92	6	0.075	5.289487237936127	0
92	7	0.075	3.430082843309704	0
92	8	0.075	3.6706860192373076	0
92	9	0.075	0.7723832375809837	0
93	0	0.075	-0.19972933310370763	1
93	2	0.075	5.243117279122611	1
93	3	0.075	6.434478941271622	1
93	4	0.075	4.426433215418144	1
93	5	0.075	-0.07014648365824494	1
93	6	0.075	4.01051053264495	1
93	7	0.075	5.343570120584466	1
93	8	0.075	6.95822253473403	1
93	9	0.075	6.3439934752719624	1
94	0	0.075	1.123469497874975	1
94	2	0.075	6.341141765008071	1
94	3	0.075	7.73167903977691	1
94	4	0.075	6.555573161332017	1
94	5	0.075	1.5997862582434144	1
94	6	0.075	6.223973635770888	1
94	7	0.075	7.592909810305243	1
94	8	0.075	7.5674382599458525	1
94	9	0.075	6.865435080275142	1
95	0	0.075	0.9034386204571767	9
95	1	0.075	-2.3012371991008163	9
95	2	0.075	-2.3938677193624627	9
95	3	0.075	3.4161974738137006	9
95	4	0.075	0.5336897727208201	9
95	5	0.075	4.285436348656453	9
95	6	0.075	-2.4683099781375395	9
95	7	0.075	4.07560542240782	9
95	8	0.075	2.423512869372636	9
96	0	0.075	0.2813368068015233	4
96	1	0.075	2.3821926734714483	4
96	2	0.075	6.3704003922197145	4
96	3	0.075	3.7293069225135334	4
96	5	0.075	0.0011536950816187434	4
96	6	0.075	1.7693923888987502	4
96	7	0.075	6.838490181231176	4
96	8	0.075	6.633792995139596	4
96	9	0.075	7.5828483293050475	4
97	0	0.075	7.08812580349011	5
97	1	0.075	6.669454166202833	5
97	2	0.075	6.948456948119952	5
97	3	0.075	7.968633924295073	5
97	4	0.075	6.797746200169885	5
97	6	0.075	7.689975256155002	5
97	7	0.075	1.7080204349175439	5
97	8	0.075	7.665624636821441	5
97	9	0.075	1.5170101047762332	5
98	0	0.075	7.164671196601172	9
98	1	0.075	3.4137755583409692	9
98	2	0.075	7.662439764361697	9
98	3	0.075	7.132914295367984	9
98	4	0.075	7.842983466285037	9
98	5	0.075	6.774665462953835	9
98	6	0.075	7.183218048804489	9
98	7	0.075	7.746572824611862	9
98	8	0.075	7.164578612269408	9
100	0	0.075	2.8052673209953234	6
100	1	0.075	0.48965150555019393	6
100	2	0.075	6.12159454752594	6
100	3	0.075	-0.434441552639824	6
100	4	0.075	5.033678676317895	6
100	5	0.075	4.0119730833971055	6
100	7	0.075	2.509650377718878	6
100	8	0.075	4.107980355232839	6
100	9	0.075	0.6982534397841376	6
101	0	0.075	3.875370819508698	6
101	1	0.075	1.862539668321033	6
101	2	0.075	4.637584256976898	6
101	3	0.075	5.676289326887053	6
101	4	0.075	0.17005385438375528	6
101	5	0.075	6.345677068271219	6
101	7	0.075	-0.17421093285833666	6
101	8	0.075	6.388166545463531	6
101	9	0.075	2.7964501336508594	6
102	1	0.075	-7.4854461764907825	0
102	2	0.075	-6.145795153551823	0
102	3	0.075	-7.471044816523966	0
102	4	0.075	-7.614641967722699	0
102	5	0.075	-7.609611742176097	0
102	6	0.075	-7.187506242133503	0
102	7	0.075	-7.596766751566155	0
102	8	0.075	-7.513636616362592	0
102	9	0.075	-5.674028131633159	0
103	0	0.075	-2.0088272803163845	7
103	1	0.075	-1.8908028395185268	7
103	2	0.075	-0.41629061557832736	7
103	3	0.075	4.569062314886078	7
103	4	0.075	-2.027033301697034	7
103	5	0.075	1.024310707338566	7
103	6	0.075	-2.174179179122951	7
103	8	0.075	0.8295363111429878	7
103	9	0.075	2.342670672216935	7
105	0	0.075	5.855321128523546	8
105	1	0.075	6.458678747430485	8
105	2	0.075	7.694608359145997	8
105	3	0.075	7.804871061289782	8
105	4	0.075	5.563496113801262	8
105	5	0.075	1.218730581298664	8
105	6	0.075	0.5159182054546632	8
105	7	0.075	7.436418484509487	8
105	9	0.075	7.74549606361797	8
106	0	0.075	7.2201724659457405	4
106	1	0.075	2.7487298033139167	4
106	2	0.075	7.824730201975314	4
106	3	0.075	2.7087580240000655	4
106	5	0.075	5.772472733332227	4
106	6	0.075	7.865023658034585	4
106	7	0.075	7.665986354695568	4
106	8	0.075	3.4646711754090527	4
106	9	0.075	3.384199691409382	4
107	0	0.075	3.9371084615501344	8
107	1	0.075	-0.4750030450600189	8
107	2	0.075	5.151627979514563	8
107	3	0.075	6.549723299781857	8
107	4	0.075	-0.636608625829252	8
107	5	0.075	-0.6668783493993546	8
107	6	0.075	-0.6927388842384019	8
107	7	0.075	6.647592868209645	8
107	9	0.075	1.7204940189633249	8
108	0	0.075	2.8313972007120993	8
109	0	0.075	3.65336446986216	1
109	2	0.075	7.673360349698617	1
109	3	0.075	7.7753611089285455	1
109	4	0.075	7.13652207138205	1
109	5	0.075	7.081056614937493	1
109	6	0.075	7.690461230294933	1
109	7	0.075	7.147651078313792	1
109	8	0.075	7.623300784462548	1
109	9	0.075	7.006249503213398	1
110	0	0.075	3.955571902786457	8
110	1	0.075	0.5187089146585356	8
110	2	0.075	7.313682709525714	8
110	3	0.075	6.972122828417557	8
110	4	0.075	4.673364449792216	8
110	5	0.075	6.804495380537122	8
110	6	0.075	7.024412694864267	8
110	7	0.075	0.7694561891157736	8
110	9	0.075	5.732301323142335	8
111	1	0.075	-3.9920233303798143	0
111	2	0.075	-2.44155136038648	0
111	3	0.075	-0.6730211052721501	0
111	4	0.075	-3.5153579955704437	0
111	5	0.075	1.1581593274636357	0
111	6	0.075	0.0866615451824544	0
111	7	0.075	-3.108694875152349	0
111	8	0.075	0.4434114428689657	0
111	9	0.075	-3.510594843335473	0
112	0	0.075	4.924494204558748	2
112	1	0.075	0.03449440865925721	2
112	3	0.075	4.463935324098398	2
112	4	0.075	-0.48874483659186907	2
112	5	0.075	-0.43943129569488765	2
112	6	0.075	2.555443945803243	2
112	7	0.075	1.2273971865290667	2
112	8	0.075	7.156556328405896	2
112	9	0.075	-0.3984063295973932	2
113	0	0.075	6.625255933143837	9
113	1	0.075	6.3087033643634	9
113	2	0.075	7.228998352050017	9
113	3	0.075	7.493426088902388	9
113	4	0.075	7.329468326072426	9
113	5	0.075	0.10102141377702477	9
113	6	0.075	-0.023318662531277873	9
113	7	0.075	7.670145676215814	9
113	8	0.075	7.663599817078617	9
114	0	0.075	5.719498671898812	1
114	2	0.075	7.626829382645644	1
114	3	0.075	7.268884014179432	1
114	4	0.075	5.891251103158741	1
114	5	0.075	2.9383192595915664	1
114	6	0.075	7.41360756769481	1
114	7	0.075	5.855032094647484	1
114	8	0.075	7.599543687989452	1
114	9	0.075	2.6054635345053434	1
115	1	0.075	-0.10297171389841081	0
115	2	0.075	5.61291315365787	0
115	3	0.075	4.288463972827237	0
115	4	0.075	-0.21586921193507136	0
115	5	0.075	4.382768572563416	0
115	6	0.075	5.36423180364078	0
115	7	0.075	0.12838873254851618	0
115	8	0.075	-0.12102405415175929	0
115	9	0.075	1.1999508252827162	0
116	0	0.075	0.9523128451702018	3
116	1	0.075	3.685523985736813	3
116	2	0.075	5.753406725781526	3
116	4	0.075	2.6309705366255787	3
116	5	0.075	6.08690526233364	3
116	6	0.075	-0.4462411449880608	3
116	7	0.075	0.6530098371103908	3
116	8	0.075	3.1739444737207174	3
116	9	0.075	5.875572927096776	3
117	0	0.075	0.17623553348821736	9
117	1	0.075	0.05232578270587069	9
117	2	0.075	6.13499472988389	9
117	3	0.075	7.449549985384556	9
117	4	0.075	3.4457113592081448	9
117	5	0.075	-0.07776996142341211	9
117	6	0.075	-0.12749426158576083	9
117	7	0.075	7.065602006987711	9
117	8	0.075	6.093716803680746	9
118	0	0.075	-2.5283094924426686	7
118	1	0.075	-2.995299198354614	7
118	2	0.075	3.3414177191506615	7
118	3	0.075	1.03667860012716	7
118	4	0.075	-2.998027368334166	7
118	5	0.075	-2.217620463738601	7
118	6	0.075	-3.1895737170290013	7
118	8	0.075	2.062036571687581	7
118	9	0.075	3.44639082406597	7
119	1	0.075	-7.489606972232311	0
119	2	0.075	-4.99435506250498	0
119	3	0.075	-7.470054075301585	0
119	4	0.075	-7.623504189986337	0
119	5	0.075	-7.502006452009481	0
119	6	0.075	-4.25459859493003	0
119	7	0.075	-7.590459403139583	0
119	8	0.075	-7.5124400577795285	0
119	9	0.075	-7.2099464246719664	0
120	0	0.075	-5.557528220050999	4
120	1	0.075	-5.683141293665645	4
120	2	0.075	-5.755896177535752	4
120	3	0.075	-5.742729307280061	4
120	5	0.075	-5.798227100323217	4
120	6	0.075	-5.344928829517057	4
120	7	0.075	-1.8630471176136907	4
120	8	0.075	-5.680904316507679	4
120	9	0.075	-0.7001889967151184	4
121	0	0.075	5.618392074242353	9
121	1	0.075	-0.030295834926217353	9
121	2	0.075	4.77829470513714	9
121	3	0.075	5.297847406153081	9
121	4	0.075	7.375781405891916	9
121	5	0.075	-0.07474521286078369	9
121	6	0.075	-0.1775787527498386	9
121	7	0.075	7.349471363078896	9
121	8	0.075	4.452548346119277	9
122	0	0.075	-1.417537774779765	6
122	1	0.075	-2.258930366625779	6
122	2	0.075	3.651640603567044	6
122	3	0.075	-2.142017295360511	6
122	4	0.075	-2.374916839647657	6
122	5	0.075	-0.9308030777168999	6
122	7	0.075	-2.3921416017906565	6
122	8	0.075	2.968427547805336	6
122	9	0.075	-2.333736094356422	6
123	0	0.075	5.908686102028773	8
123	1	0.075	0.10950391978706571	8
123	2	0.075	6.915933723595006	8
123	3	0.075	7.736621991600864	8
123	4	0.075	0.19406675041277144	8
123	5	0.075	1.109405329065534	8
123	6	0.075	-0.09232782537215162	8
123	7	0.075	7.615548825422721	8
123	9	0.075	7.787172116378132	8
124	0	0.075	0.7776213795248071	9
124	1	0.075	5.025302513202691	9
124	2	0.075	5.207781052588702	9
124	3	0.075	7.7872075767846765	9
124	4	0.075	7.132121333544832	9
124	5	0.075	6.891841896393135	9
124	6	0.075	4.53241632151244	9
124	7	0.075	7.4409480993103205	9
124	8	0.075	7.688359057658947	9
125	0	0.075	-7.627727709837073	3
125	1	0.075	-7.611758142485641	3
125	2	0.075	-7.735094835849782	3
125	4	0.075	-7.740557377773859	3
125	5	0.075	-5.6386311746886575	3
125	6	0.075	-7.798395797574719	3
125	7	0.075	-2.5542446489476	3
125	8	0.075	-7.1616727273872165	3
125	9	0.075	-0.88041646506974	3
126	0	0.075	7.627718599691001	5
126	1	0.075	7.750673337421479	5
126	2	0.075	7.64828231673566	5
127	0	0.075	5.092261889812732	4
127	1	0.075	3.642343474207961	4
127	2	0.075	6.6750261901701125	4
127	3	0.075	7.12729761630151	4
127	5	0.075	6.120093427781452	4
127	6	0.075	7.903467813264156	4
127	7	0.075	7.729483103455142	4
127	8	0.075	2.662193727820514	4
127	9	0.075	7.243724987893834	4
128	0	0.075	-6.467199757611849	3
128	1	0.075	-6.4407969133192005	3
128	2	0.075	-3.957155310413669	3
128	4	0.075	-6.700040974968535	3
128	5	0.075	-2.8538862192889143	3
128	6	0.075	-6.667989917571349	3
128	7	0.075	-6.56984607238803	3
128	8	0.075	-6.434378008635716	3
128	9	0.075	-2.972213981561251	3
129	0	0.075	3.162482253127558	2
129	1	0.075	5.7822900494339855	2
129	3	0.075	5.136423894340385	2
129	4	0.075	-0.6803896609026386	2
129	5	0.075	-0.5888510077379229	2
129	6	0.075	6.1659045922158064	2
129	7	0.075	-0.6236724606201561	2
129	8	0.075	6.115725216761705	2
129	9	0.075	-0.5984483689004042	2
131	0	0.075	-1.776274858193279	4
131	1	0.075	-2.2729084103622172	4
131	2	0.075	-2.1339734035943003	4
131	3	0.075	-2.3300362966849026	4
131	5	0.075	-2.399082692338663	4
131	6	0.075	-0.828956924827602	4
131	7	0.075	5.116537581427138	4
131	8	0.075	-0.44039741769225726	4
131	9	0.075	3.606640066397463	4
132	1	0.075	-4.580075750186598	0
132	2	0.075	0.48410906243810065	0
132	3	0.075	-4.320917529330494	0
132	4	0.075	-3.9813890062442643	0
132	5	0.075	-4.683489425356588	0
132	6	0.075	-1.0050453522608935	0
132	7	0.075	-4.673871826976485	0
132	8	0.075	-3.837854827999826	0
132	9	0.075	-3.255527550228527	0
133	0	0.075	2.7893369936057892	3
133	1	0.075	4.561082175983207	3
133	2	0.075	5.446193518324261	3
133	4	0.075	0.48951868301420026	3
133	5	0.075	5.285780779609295	3
133	6	0.075	0.4530041444736584	3
133	7	0.075	-0.8809459339488995	3
133	8	0.075	1.2548981424736152	3
133	9	0.075	4.974846368285449	3
134	0	0.075	7.190019094511682	2
134	1	0.075	0.04781775912338215	2
134	3	0.075	3.1034613240018873	2
134	4	0.075	-0.0009141024532414955	2
134	5	0.075	-0.06901977103347193	2
134	6	0.075	3.5635441061492976	2
134	7	0.075	1.2376571118725428	2
134	8	0.075	-0.009620603766154739	2
134	9	0.075	-0.03206589580777727	2
135	0	0.075	-1.8739773030254019	3
135	1	0.075	0.7313572269892384	3
135	2	0.075	2.226547594104673	3
135	4	0.075	1.0990870157010577	3
135	5	0.075	2.3474894871916576	3
135	6	0.075	-2.0791610158349236	3
135	7	0.075	-1.910439242674373	3
135	8	0.075	5.218411529039408	3
135	9	0.075	3.930539506130406	3
136	0	0.075	3.860859216188192	5
137	0	0.075	4.44149698297891	1
137	2	0.075	7.277570225348979	1
137	3	0.075	6.2610265096689455	1
137	4	0.075	3.0614935352852375	1
137	5	0.075	5.0355764237135014	1
137	6	0.075	6.267796474859736	1
137	7	0.075	5.975305695486141	1
137	8	0.075	7.560874272162708	1
137	9	0.075	0.8287570528401952	1
138	0	0.075	0.10965076212346786	1
138	2	0.075	6.975903947832613	1
138	3	0.075	7.723300561702749	1
138	4	0.075	6.952640202481285	1
138	5	0.075	0.015590192838499686	1
138	6	0.075	3.6997510572254804	1
138	7	0.075	7.469745933071622	1
138	8	0.075	7.434606622085822	1
138	9	0.075	7.566007824973176	1
139	0	0.075	-2.3614822848377517	2
139	1	0.075	4.169501095344857	2
139	3	0.075	2.3202411618075587	2
139	4	0.075	-2.7055237387525133	2
139	5	0.075	-2.436286446512538	2
139	6	0.075	-2.5745513425332662	2
139	7	0.075	2.4576165513909674	2
139	8	0.075	3.7369411170980995	2
139	9	0.075	-2.6190234416702864	2
140	0	0.075	-7.824519235448375	4
140	1	0.075	-7.895013162478653	4
140	2	0.075	-6.793628472480409	4
140	3	0.075	-7.949923404192779	4
140	5	0.075	-7.955809873820808	4
140	6	0.075	-6.694207302229984	4
140	7	0.075	-1.8561563993225074	4
140	8	0.075	-3.062093961570631	4
140	9	0.075	-4.509442869283889	4
141	0	0.075	5.560006700089392	8
141	1	0.075	1.4390036238721897	8
141	2	0.075	7.362631491234583	8
141	3	0.075	7.587267894349486	8
141	4	0.075	2.0363059958523775	8
141	5	0.075	0.15085683395515773	8
141	6	0.075	7.702722360357821	8
141	7	0.075	-0.0008162213140419407	8
141	9	0.075	3.2257490890742093	8
142	0	0.075	2.977729296477469	2
142	1	0.075	1.160097398852325	2
142	3	0.075	3.8100902547694817	2
142	4	0.075	-2.094710389587827	2
142	5	0.075	-2.3265788600066486	2
142	6	0.075	2.121191619362982	2
142	7	0.075	1.060504430640873	2
142	8	0.075	4.112256626240807	2
142	9	0.075	-2.2998031100617053	2
143	0	0.075	-2.417891336250912	2
143	1	0.075	-6.934189814043765	2
143	3	0.075	0.6353400447071551	2
143	4	0.075	-5.932401394715159	2
143	5	0.075	-7.05547487681193	2
143	6	0.075	-6.70379934643987	2
143	7	0.075	-6.815312675799168	2
143	8	0.075	-4.3791292112483875	2
143	9	0.075	-7.025862677091052	2
144	0	0.075	-3.912846352942051	6
144	1	0.075	-7.626549140726188	6
144	2	0.075	-3.7454946764889243	6
144	3	0.075	-7.632547334071991	6
144	4	0.075	-5.363467243678041	6
144	5	0.075	-7.6832422894611465	6
144	7	0.075	-7.72145338413085	6
144	8	0.075	-7.660110268645841	6
144	9	0.075	-7.333914516820941	6
145	0	0.075	0.16487629737113613	8
146	0	0.075	7.268384477806153	6
146	1	0.075	5.846306880595324	6
146	2	0.075	5.638158491949087	6
146	3	0.075	7.46690533931462	6
146	4	0.075	1.2938344185911392	6
146	5	0.075	6.571947624610181	6
146	7	0.075	0.13630508912347428	6
146	8	0.075	7.103515861583218	6
146	9	0.075	0.1829051534236537	6
147	0	0.075	3.961641920852719	1
147	2	0.075	7.700773810462064	1
147	3	0.075	6.830432449938225	1
147	4	0.075	6.323149558417437	1
147	5	0.075	5.910919792423812	1
147	6	0.075	7.272773116323825	1
147	7	0.075	7.151856509689483	1
147	8	0.075	7.583556667907847	1
147	9	0.075	0.3526566551857556	1
148	0	0.075	0.18502947772160705	7
148	1	0.075	7.7319634958303185	7
148	2	0.075	7.78742549653222	7
149	1	0.075	-7.488385737285034	0
149	2	0.075	0.07078965455747233	0
149	3	0.075	-7.466390415351463	0
149	4	0.075	-7.631709382543439	0
149	5	0.075	-6.711014409190149	0
149	6	0.075	-7.658975462893595	0
149	7	0.075	-7.31469269763127	0
149	8	0.075	-7.504455351960578	0
149	9	0.075	-5.815377733367236	0
150	0	0.075	6.3935133481256035	6
150	1	0.075	0.7530102146646559	6
150	2	0.075	6.247083536851298	6
150	3	0.075	4.210100480429417	6
150	4	0.075	6.816280248258982	6
150	5	0.075	3.1390121179060495	6
150	7	0.075	4.994989271115871	6
150	8	0.075	1.068375194887358	6
150	9	0.075	1.012225985950311	6
