Img	Time(s)	Epsilon
1	29.278	0.025
2	17.252	0.025
3	18.675	0.025
4	18.483	0.025
5	17.087	0.025
6	19.505	0.025
7	19.157	0.025
8	21.01	0.025
9	20.929	0.025
10	19.833	0.025
11	16.998	0.025
12	20.141	0.025
13	19.324	0.025
14	18.52	0.025
15	17.887	0.025
16	17.547	0.025
17	18.954	0.025
18	18.338	0.025
19	18.73	0.025
20	17.748	0.025
21	19.448	0.025
22	19.958	0.025
23	17.852	0.025
24	18.243	0.025
25	18.811	0.025
26	16.482	0.025
27	19.404	0.025
28	17.956	0.025
29	19.113	0.025
30	19.411	0.025
31	19.347	0.025
32	16.642	0.025
33	18.171	0.025
34	2.311	0.025
35	17.119	0.025
36	19.705	0.025
37	18.61	0.025
38	18.018	0.025
39	19.729	0.025
40	18.109	0.025
41	17.161	0.025
42	18.98	0.025
43	8.778	0.025
44	17.742	0.025
45	17.965	0.025
46	18.112	0.025
47	19.384	0.025
48	16.981	0.025
49	16.543	0.025
50	22.027	0.025
51	20.982	0.025
52	19.886	0.025
53	19.594	0.025
54	19.95	0.025
55	19.33	0.025
56	18.857	0.025
57	20.666	0.025
58	18.796	0.025
59	18.317	0.025
60	18.799	0.025
61	18.79	0.025
62	20.653	0.025
63	20.856	0.025
64	20.49	0.025
65	20.036	0.025
66	18.447	0.025
67	18.949	0.025
68	21.48	0.025
69	19.408	0.025
70	18.233	0.025
71	20.191	0.025
72	18.896	0.025
73	17.805	0.025
74	19.197	0.025
75	20.854	0.025
76	21.074	0.025
77	19.535	0.025
78	20.491	0.025
79	22.686	0.025
80	20.354	0.025
81	20.454	0.025
82	20.779	0.025
83	21.244	0.025
84	20.056	0.025
85	6.959	0.025
86	22.382	0.025
87	17.729	0.025
88	16.94	0.025
89	18.291	0.025
90	17.689	0.025
91	18.168	0.025
92	17.59	0.025
93	18.302	0.025
94	17.899	0.025
95	17.509	0.025
96	19.222	0.025
97	20.076	0.025
98	21.693	0.025
99	2.009	0.025
100	20.192	0.025
101	20.5	0.025
102	19.206	0.025
103	20.588	0.025
104	2.246	0.025
105	20.174	0.025
106	23.453	0.025
107	20.102	0.025
108	2.247	0.025
109	20.331	0.025
110	18.688	0.025
111	19.851	0.025
112	20.775	0.025
113	21.905	0.025
114	20.84	0.025
115	18.175	0.025
116	21.413	0.025
117	21.559	0.025
118	17.393	0.025
119	19.364	0.025
120	22.826	0.025
121	19.364	0.025
122	18.51	0.025
123	18.388	0.025
124	18.344	0.025
125	17.091	0.025
126	19.464	0.025
127	18.417	0.025
128	18.224	0.025
129	17.712	0.025
130	18.242	0.025
131	20.641	0.025
132	18.363	0.025
133	20.36	0.025
134	22.677	0.025
135	19.085	0.025
136	21.076	0.025
137	18.743	0.025
138	17.957	0.025
139	18.542	0.025
140	16.288	0.025
141	18.343	0.025
142	22.344	0.025
143	19.449	0.025
144	19.36	0.025
145	18.184	0.025
146	18.446	0.025
147	18.216	0.025
148	1.94	0.025
149	16.691	0.025
150	16.941	0.025
1	21.146	0.05
2	18.584	0.05
3	19.384	0.05
4	23.655	0.05
5	22.486	0.05
6	21.129	0.05
7	23.784	0.05
8	24.586	0.05
9	19.496	0.05
10	22.687	0.05
11	20.757	0.05
12	18.315	0.05
13	19.854	0.05
14	18.172	0.05
15	18.206	0.05
16	18.695	0.05
17	17.788	0.05
18	19.792	0.05
19	20.56	0.05
20	20.892	0.05
21	24.284	0.05
22	26.811	0.05
23	20.935	0.05
24	18.265	0.05
25	18.42	0.05
26	17.179	0.05
27	25.629	0.05
28	19.485	0.05
29	20.46	0.05
30	20.626	0.05
31	22.22	0.05
32	17.504	0.05
33	19.399	0.05
34	2.791	0.05
35	19.055	0.05
36	20.576	0.05
37	19.653	0.05
38	18.741	0.05
39	22.248	0.05
40	20.454	0.05
41	19.33	0.05
42	19.903	0.05
43	12.086	0.05
44	20.982	0.05
45	18.827	0.05
46	18.608	0.05
47	21.768	0.05
48	18.507	0.05
49	17.512	0.05
50	20.175	0.05
51	19.319	0.05
52	20.107	0.05
53	22.156	0.05
54	19.934	0.05
55	20.128	0.05
56	17.458	0.05
57	20.052	0.05
58	18.278	0.05
59	18.327	0.05
60	18.456	0.05
61	18.916	0.05
62	19.251	0.05
63	21.128	0.05
64	20.255	0.05
65	18.645	0.05
66	20.455	0.05
67	18.085	0.05
68	22.783	0.05
69	19.519	0.05
70	18.114	0.05
71	20.091	0.05
72	18.848	0.05
73	19.375	0.05
74	18.854	0.05
75	22.028	0.05
76	20.345	0.05
77	18.812	0.05
78	20.384	0.05
79	23.508	0.05
80	10.282	0.05
81	18.821	0.05
82	19.043	0.05
83	18.742	0.05
84	19.463	0.05
85	19.358	0.05
86	21.351	0.05
87	18.364	0.05
88	19.548	0.05
89	19.988	0.05
90	19.271	0.05
91	18.423	0.05
92	20.347	0.05
93	19.946	0.05
94	20.416	0.05
95	18.998	0.05
96	18.627	0.05
97	20.387	0.05
98	22.844	0.05
99	2.752	0.05
100	20.973	0.05
101	18.763	0.05
102	19.088	0.05
103	19.499	0.05
104	8.514	0.05
105	20.263	0.05
106	23.268	0.05
107	19.666	0.05
108	2.178	0.05
109	24.543	0.05
110	20.825	0.05
111	19.184	0.05
112	20.911	0.05
113	19.351	0.05
114	22.12	0.05
115	18.477	0.05
116	21.395	0.05
117	19.408	0.05
118	18.913	0.05
119	18.798	0.05
120	18.103	0.05
121	19.774	0.05
122	18.984	0.05
123	20.085	0.05
124	20.2	0.05
125	17.322	0.05
126	22.442	0.05
127	19.398	0.05
128	18.933	0.05
129	19.183	0.05
130	19.279	0.05
131	18.921	0.05
132	19.537	0.05
133	19.526	0.05
134	20.482	0.05
135	19.323	0.05
136	20.472	0.05
137	20.217	0.05
138	19.608	0.05
139	19.97	0.05
140	16.39	0.05
141	19.589	0.05
142	19.119	0.05
143	19.331	0.05
144	18.255	0.05
145	19.479	0.05
146	19.811	0.05
147	20.396	0.05
148	2.109	0.05
149	17.143	0.05
150	20.701	0.05
1	26.942	0.075
2	19.174	0.075
3	20.52	0.075
4	28.131	0.075
5	21.68	0.075
6	20.578	0.075
7	21.586	0.075
8	25.919	0.075
9	21.155	0.075
10	26.238	0.075
11	23.839	0.075
12	19.139	0.075
13	20.368	0.075
14	18.552	0.075
15	18.577	0.075
16	19.089	0.075
17	20.551	0.075
18	21.416	0.075
19	21.815	0.075
20	20.962	0.075
21	28.56	0.075
22	30.242	0.075
23	22.354	0.075
24	19.911	0.075
25	20.171	0.075
26	20.17	0.075
27	31.524	0.075
28	22.983	0.075
29	28.745	0.075
30	23.818	0.075
31	24.39	0.075
32	19.083	0.075
33	21.382	0.075
34	2.817	0.075
35	20.693	0.075
36	22.662	0.075
37	23.011	0.075
38	18.739	0.075
39	29.949	0.075
40	25.394	0.075
41	20.854	0.075
42	23.32	0.075
43	26.579	0.075
44	25.776	0.075
45	21.496	0.075
46	20.368	0.075
47	25.966	0.075
48	20.0	0.075
49	20.058	0.075
50	23.914	0.075
51	21.62	0.075
52	24.786	0.075
53	30.845	0.075
54	24.72	0.075
55	21.65	0.075
56	19.221	0.075
57	24.116	0.075
58	20.622	0.075
59	19.212	0.075
60	20.077	0.075
61	20.171	0.075
62	19.029	0.075
63	25.808	0.075
64	22.698	0.075
65	20.242	0.075
66	22.085	0.075
67	21.265	0.075
68	27.511	0.075
69	20.145	0.075
70	19.823	0.075
71	23.546	0.075
72	23.438	0.075
73	21.285	0.075
74	19.795	0.075
75	26.394	0.075
76	24.704	0.075
77	20.64	0.075
78	23.734	0.075
79	30.001	0.075
80	22.731	0.075
81	19.651	0.075
82	22.123	0.075
83	20.673	0.075
84	22.044	0.075
85	22.018	0.075
86	24.872	0.075
87	19.96	0.075
88	20.371	0.075
89	20.771	0.075
90	19.311	0.075
91	21.364	0.075
92	25.014	0.075
93	24.542	0.075
94	24.996	0.075
95	21.624	0.075
96	21.094	0.075
97	22.452	0.075
98	26.536	0.075
99	3.042	0.075
100	21.194	0.075
101	21.954	0.075
102	19.419	0.075
103	22.698	0.075
104	2.237	0.075
105	22.995	0.075
106	25.88	0.075
107	20.571	0.075
108	2.914	0.075
109	27.885	0.075
110	20.585	0.075
111	24.262	0.075
112	24.841	0.075
113	20.65	0.075
114	25.69	0.075
115	18.44	0.075
116	26.153	0.075
117	21.69	0.075
118	21.483	0.075
119	19.18	0.075
120	18.916	0.075
121	28.182	0.075
122	19.878	0.075
123	22.656	0.075
124	27.022	0.075
125	18.19	0.075
126	33.951	0.075
127	21.66	0.075
128	21.23	0.075
129	21.749	0.075
130	22.495	0.075
131	20.663	0.075
132	21.692	0.075
133	24.94	0.075
134	22.486	0.075
135	22.169	0.075
136	23.57	0.075
137	26.224	0.075
138	26.228	0.075
139	22.886	0.075
140	19.759	0.075
141	23.675	0.075
142	22.218	0.075
143	21.018	0.075
144	19.806	0.075
145	21.199	0.075
146	23.346	0.075
147	26.244	0.075
148	2.986	0.075
149	18.163	0.075
150	23.086	0.075
1	27.221	0.1
2	19.692	0.1
3	25.049	0.1
4	31.461	0.1
5	23.536	0.1
6	22.866	0.1
7	21.789	0.1
8	27.529	0.1
9	22.609	0.1
10	37.654	0.1
11	30.236	0.1
12	21.536	0.1
13	25.867	0.1
14	20.767	0.1
15	23.83	0.1
16	21.162	0.1
17	23.709	0.1
18	24.784	0.1
19	27.397	0.1
20	24.495	0.1
21	30.486	0.1
22	31.969	0.1
23	30.17	0.1
24	24.966	0.1
25	22.251	0.1
26	22.473	0.1
27	29.518	0.1
28	29.757	0.1
29	28.456	0.1
30	29.951	0.1
31	29.213	0.1
32	20.929	0.1
33	24.962	0.1
34	3.396	0.1
35	24.395	0.1
36	26.013	0.1
37	29.771	0.1
38	22.365	0.1
39	33.209	0.1
40	28.121	0.1
41	25.333	0.1
42	25.579	0.1
43	13.254	0.1
44	27.96	0.1
45	26.087	0.1
46	23.612	0.1
47	33.89	0.1
48	21.322	0.1
49	22.707	0.1
50	30.925	0.1
51	23.466	0.1
52	35.482	0.1
53	28.824	0.1
54	29.697	0.1
55	26.355	0.1
56	22.176	0.1
57	29.245	0.1
58	25.821	0.1
59	24.276	0.1
60	22.005	0.1
61	25.667	0.1
62	22.45	0.1
63	32.782	0.1
64	28.255	0.1
65	23.094	0.1
66	24.317	0.1
67	25.433	0.1
68	32.997	0.1
69	22.055	0.1
70	24.103	0.1
71	29.912	0.1
72	26.455	0.1
73	24.559	0.1
74	23.244	0.1
75	29.624	0.1
76	26.746	0.1
77	27.985	0.1
78	27.799	0.1
79	33.033	0.1
80	27.004	0.1
81	24.39	0.1
82	24.59	0.1
83	22.964	0.1
84	23.783	0.1
85	12.675	0.1
86	33.823	0.1
87	23.273	0.1
88	25.5	0.1
89	23.538	0.1
90	22.731	0.1
91	24.286	0.1
92	30.463	0.1
93	32.766	0.1
94	33.102	0.1
95	26.796	0.1
96	28.083	0.1
97	30.555	0.1
98	33.394	0.1
99	3.189	0.1
100	27.03	0.1
101	27.264	0.1
102	21.409	0.1
103	31.211	0.1
104	2.353	0.1
105	30.685	0.1
106	31.383	0.1
107	22.76	0.1
108	3.474	0.1
109	32.622	0.1
110	24.189	0.1
111	28.612	0.1
112	34.188	0.1
113	27.868	0.1
114	33.738	0.1
115	23.236	0.1
116	29.519	0.1
117	27.297	0.1
118	22.916	0.1
119	20.087	0.1
120	21.613	0.1
121	31.085	0.1
122	22.694	0.1
123	27.242	0.1
124	28.844	0.1
125	20.405	0.1
126	33.149	0.1
127	32.703	0.1
128	25.019	0.1
129	26.494	0.1
130	26.036	0.1
131	25.459	0.1
132	25.969	0.1
133	30.918	0.1
134	25.173	0.1
135	24.99	0.1
136	29.628	0.1
137	51.765	0.1
138	42.042	0.1
139	26.246	0.1
140	21.024	0.1
141	28.644	0.1
142	31.183	0.1
143	24.377	0.1
144	24.37	0.1
145	25.236	0.1
146	30.374	0.1
147	40.467	0.1
148	3.533	0.1
149	19.129	0.1
150	29.021	0.1
