Img	Time(s)	Epsilon
1	10.722	0.025
2	10.513	0.025
3	10.803	0.025
4	10.864	0.025
5	10.393	0.025
6	10.665	0.025
7	10.398	0.025
8	10.342	0.025
9	11.068	0.025
10	10.602	0.025
11	11.009	0.025
12	10.438	0.025
13	10.768	0.025
14	11.149	0.025
15	10.418	0.025
16	10.59	0.025
17	11.074	0.025
18	10.452	0.025
19	11.369	0.025
20	10.663	0.025
21	11.176	0.025
22	10.658	0.025
23	11.248	0.025
24	10.419	0.025
25	10.351	0.025
26	10.135	0.025
27	10.732	0.025
28	10.95	0.025
29	10.502	0.025
30	10.381	0.025
31	1.332	0.025
32	10.3	0.025
33	10.9	0.025
34	1.163	0.025
35	10.644	0.025
36	10.601	0.025
37	10.725	0.025
38	10.375	0.025
39	11.15	0.025
40	10.621	0.025
41	11.037	0.025
42	11.107	0.025
43	11.134	0.025
44	10.328	0.025
45	10.49	0.025
46	10.247	0.025
47	10.941	0.025
48	10.489	0.025
49	10.528	0.025
50	10.796	0.025
51	10.798	0.025
52	10.728	0.025
53	10.501	0.025
54	10.622	0.025
55	10.33	0.025
56	10.283	0.025
57	10.256	0.025
58	10.995	0.025
59	10.618	0.025
60	10.237	0.025
61	10.777	0.025
62	11.042	0.025
63	10.467	0.025
64	10.87	0.025
65	10.65	0.025
66	9.993	0.025
67	10.285	0.025
68	11.017	0.025
69	10.71	0.025
70	10.271	0.025
71	10.412	0.025
72	10.6	0.025
73	10.97	0.025
74	10.221	0.025
75	10.778	0.025
76	10.709	0.025
77	10.599	0.025
78	10.472	0.025
79	11.202	0.025
80	11.103	0.025
81	10.822	0.025
82	10.246	0.025
83	10.6	0.025
84	10.312	0.025
85	10.766	0.025
86	11.309	0.025
87	10.22	0.025
88	10.527	0.025
89	10.78	0.025
90	10.083	0.025
91	10.231	0.025
92	10.593	0.025
93	11.49	0.025
94	10.409	0.025
95	10.797	0.025
96	11.038	0.025
97	11.046	0.025
98	10.971	0.025
99	2.849	0.025
100	10.339	0.025
101	10.602	0.025
102	10.222	0.025
103	10.401	0.025
104	11.215	0.025
105	12.241	0.025
106	10.536	0.025
107	10.49	0.025
108	1.321	0.025
109	10.884	0.025
110	10.814	0.025
111	10.579	0.025
112	10.797	0.025
113	11.031	0.025
114	10.729	0.025
115	11.217	0.025
116	10.862	0.025
117	11.321	0.025
118	9.954	0.025
119	9.812	0.025
120	9.993	0.025
121	10.198	0.025
122	10.347	0.025
123	10.73	0.025
124	10.857	0.025
125	10.015	0.025
126	11.041	0.025
127	11.285	0.025
128	10.003	0.025
129	10.241	0.025
130	10.523	0.025
131	10.265	0.025
132	10.228	0.025
133	11.392	0.025
134	10.067	0.025
135	13.936	0.025
136	13.523	0.025
137	11.984	0.025
138	13.625	0.025
139	11.08	0.025
140	10.518	0.025
141	11.172	0.025
142	10.689	0.025
143	10.495	0.025
144	11.742	0.025
145	14.416	0.025
146	10.612	0.025
147	10.593	0.025
148	11.701	0.025
149	12.986	0.025
150	12.647	0.025
1	13.029	0.05
2	12.934	0.05
3	13.471	0.05
4	12.686	0.05
5	12.366	0.05
6	11.353	0.05
7	11.416	0.05
8	13.825	0.05
9	11.634	0.05
10	12.161	0.05
11	11.63	0.05
12	11.323	0.05
13	12.402	0.05
14	10.879	0.05
15	11.012	0.05
16	10.937	0.05
17	11.898	0.05
18	14.291	0.05
19	13.331	0.05
20	11.148	0.05
21	11.916	0.05
22	12.059	0.05
23	11.949	0.05
24	11.254	0.05
25	11.089	0.05
26	11.085	0.05
27	11.875	0.05
28	11.121	0.05
29	11.367	0.05
30	11.291	0.05
31	1.297	0.05
32	10.338	0.05
33	10.748	0.05
34	2.809	0.05
35	11.049	0.05
36	10.765	0.05
37	11.209	0.05
38	10.838	0.05
39	13.052	0.05
40	13.618	0.05
41	10.945	0.05
42	11.713	0.05
43	13.393	0.05
44	12.411	0.05
45	21.704	0.05
46	10.968	0.05
47	11.838	0.05
48	11.603	0.05
49	11.572	0.05
50	12.272	0.05
51	11.315	0.05
52	11.948	0.05
53	11.911	0.05
54	6.608	0.05
55	11.194	0.05
56	12.764	0.05
57	15.261	0.05
58	13.148	0.05
59	12.758	0.05
60	12.656	0.05
61	11.783	0.05
62	11.992	0.05
63	12.237	0.05
64	12.355	0.05
65	12.803	0.05
66	14.956	0.05
67	12.283	0.05
68	12.626	0.05
69	12.159	0.05
70	11.19	0.05
71	11.878	0.05
72	11.887	0.05
73	12.335	0.05
74	11.06	0.05
75	12.823	0.05
76	13.472	0.05
77	12.104	0.05
78	12.092	0.05
79	12.357	0.05
80	11.349	0.05
81	11.572	0.05
82	13.995	0.05
83	12.098	0.05
84	11.935	0.05
85	12.035	0.05
86	12.205	0.05
87	11.907	0.05
88	16.676	0.05
89	12.321	0.05
90	10.32	0.05
91	10.552	0.05
92	10.869	0.05
93	11.788	0.05
94	12.756	0.05
95	11.112	0.05
96	11.481	0.05
97	11.959	0.05
98	12.338	0.05
99	1.391	0.05
100	11.853	0.05
101	11.426	0.05
102	10.59	0.05
103	11.201	0.05
104	5.287	0.05
105	11.759	0.05
106	12.75	0.05
107	11.338	0.05
108	2.731	0.05
109	11.731	0.05
110	11.454	0.05
111	10.623	0.05
112	11.775	0.05
113	11.489	0.05
114	11.517	0.05
115	11.276	0.05
116	11.335	0.05
117	12.417	0.05
118	10.851	0.05
119	10.845	0.05
120	10.774	0.05
121	12.363	0.05
122	12.836	0.05
123	12.099	0.05
124	11.708	0.05
125	10.946	0.05
126	7.873	0.05
127	12.235	0.05
128	11.101	0.05
129	11.469	0.05
130	16.567	0.05
131	12.748	0.05
132	12.693	0.05
133	12.123	0.05
134	11.397	0.05
135	11.403	0.05
136	11.239	0.05
137	14.062	0.05
138	13.614	0.05
139	11.95	0.05
140	11.217	0.05
141	12.754	0.05
142	13.074	0.05
143	11.564	0.05
144	10.965	0.05
145	12.07	0.05
146	12.058	0.05
147	13.142	0.05
148	11.97	0.05
149	11.372	0.05
150	12.322	0.05
1	12.911	0.075
2	12.484	0.075
3	12.386	0.075
4	13.236	0.075
5	12.58	0.075
6	13.296	0.075
7	12.957	0.075
8	12.861	0.075
9	13.011	0.075
10	13.51	0.075
11	13.709	0.075
12	12.882	0.075
13	12.576	0.075
14	12.225	0.075
15	12.875	0.075
16	12.46	0.075
17	12.403	0.075
18	12.416	0.075
19	13.23	0.075
20	12.889	0.075
21	12.945	0.075
22	13.406	0.075
23	12.27	0.075
24	12.549	0.075
25	13.22	0.075
26	13.258	0.075
27	13.886	0.075
28	13.896	0.075
29	13.589	0.075
30	12.318	0.075
31	1.493	0.075
32	12.929	0.075
33	13.182	0.075
34	2.977	0.075
35	12.1	0.075
36	12.48	0.075
37	5.036	0.075
38	13.451	0.075
39	13.499	0.075
40	13.581	0.075
41	13.299	0.075
42	13.056	0.075
43	12.176	0.075
44	12.041	0.075
45	12.903	0.075
46	12.23	0.075
47	13.711	0.075
48	13.796	0.075
49	12.363	0.075
50	14.431	0.075
51	13.029	0.075
52	13.686	0.075
53	13.681	0.075
54	12.29	0.075
55	13.036	0.075
56	12.318	0.075
57	12.505	0.075
58	11.858	0.075
59	18.594	0.075
60	11.596	0.075
61	13.937	0.075
62	11.707	0.075
63	13.84	0.075
64	13.166	0.075
65	13.149	0.075
66	12.359	0.075
67	18.455	0.075
68	14.733	0.075
69	11.676	0.075
70	12.7	0.075
71	12.99	0.075
72	16.648	0.075
73	14.444	0.075
74	13.103	0.075
75	12.754	0.075
76	12.31	0.075
77	12.432	0.075
78	12.679	0.075
79	12.157	0.075
80	12.293	0.075
81	13.168	0.075
82	18.28	0.075
83	15.407	0.075
84	16.419	0.075
85	18.073	0.075
86	14.426	0.075
87	19.872	0.075
88	17.059	0.075
89	13.888	0.075
90	15.657	0.075
91	14.86	0.075
92	14.593	0.075
93	17.522	0.075
94	13.885	0.075
95	14.73	0.075
96	12.737	0.075
97	15.227	0.075
98	14.479	0.075
99	1.982	0.075
100	14.751	0.075
101	11.864	0.075
102	11.935	0.075
103	12.049	0.075
104	1.177	0.075
105	14.683	0.075
106	13.467	0.075
107	13.634	0.075
108	3.707	0.075
109	15.11	0.075
110	12.69	0.075
111	12.684	0.075
112	12.064	0.075
113	13.253	0.075
114	13.302	0.075
115	14.395	0.075
116	16.259	0.075
117	13.721	0.075
118	12.136	0.075
119	11.729	0.075
120	14.242	0.075
121	13.751	0.075
122	13.132	0.075
123	14.736	0.075
124	13.35	0.075
125	11.715	0.075
126	8.597	0.075
127	13.682	0.075
128	11.291	0.075
129	12.442	0.075
130	18.242	0.075
131	20.738	0.075
132	15.062	0.075
133	14.653	0.075
134	13.794	0.075
135	17.084	0.075
136	5.846	0.075
137	13.27	0.075
138	14.567	0.075
139	23.847	0.075
140	13.146	0.075
141	13.679	0.075
142	14.766	0.075
143	13.058	0.075
144	16.07	0.075
145	12.65	0.075
146	17.484	0.075
147	17.697	0.075
148	14.759	0.075
149	18.754	0.075
150	15.405	0.075
1	14.999	0.1
2	17.49	0.1
3	15.205	0.1
4	14.404	0.1
5	12.767	0.1
6	17.41	0.1
7	11.793	0.1
8	13.548	0.1
9	13.0	0.1
10	20.204	0.1
11	13.225	0.1
12	13.477	0.1
13	12.292	0.1
14	11.963	0.1
15	12.727	0.1
16	11.447	0.1
17	12.353	0.1
18	13.244	0.1
19	12.931	0.1
20	11.882	0.1
21	13.486	0.1
22	13.443	0.1
23	14.703	0.1
24	13.379	0.1
25	13.018	0.1
26	16.088	0.1
27	18.917	0.1
28	15.168	0.1
29	13.96	0.1
30	13.908	0.1
31	1.419	0.1
32	13.14	0.1
33	12.424	0.1
34	2.564	0.1
35	11.48	0.1
36	12.58	0.1
37	4.045	0.1
38	11.822	0.1
39	8.725	0.1
40	11.501	0.1
41	11.616	0.1
42	4.017	0.1
43	13.652	0.1
44	13.491	0.1
45	13.228	0.1
46	11.725	0.1
47	12.312	0.1
48	11.504	0.1
49	11.635	0.1
50	12.366	0.1
51	12.244	0.1
52	12.243	0.1
53	13.772	0.1
54	7.906	0.1
55	13.021	0.1
56	12.473	0.1
57	12.225	0.1
58	13.094	0.1
59	12.324	0.1
60	11.642	0.1
61	12.314	0.1
62	11.95	0.1
63	12.744	0.1
64	12.153	0.1
65	12.453	0.1
66	12.089	0.1
67	12.148	0.1
68	14.442	0.1
69	11.995	0.1
70	11.687	0.1
71	12.226	0.1
72	12.928	0.1
73	12.875	0.1
74	11.947	0.1
75	12.666	0.1
76	11.679	0.1
77	12.097	0.1
78	12.404	0.1
79	12.629	0.1
80	13.139	0.1
81	12.833	0.1
82	12.353	0.1
83	12.784	0.1
84	12.351	0.1
85	12.335	0.1
86	12.302	0.1
87	12.168	0.1
88	12.179	0.1
89	12.221	0.1
90	11.916	0.1
91	12.003	0.1
92	13.973	0.1
93	13.026	0.1
94	12.788	0.1
95	13.408	0.1
96	14.225	0.1
97	13.053	0.1
98	12.769	0.1
99	2.633	0.1
100	12.157	0.1
101	12.034	0.1
102	11.946	0.1
103	11.627	0.1
104	1.173	0.1
105	12.717	0.1
106	12.272	0.1
107	12.577	0.1
108	2.933	0.1
109	13.038	0.1
110	12.244	0.1
111	12.446	0.1
112	12.259	0.1
113	12.745	0.1
114	13.487	0.1
115	12.033	0.1
116	11.75	0.1
117	12.283	0.1
118	12.676	0.1
119	11.859	0.1
120	13.036	0.1
121	12.537	0.1
122	11.266	0.1
123	13.747	0.1
124	12.983	0.1
125	11.306	0.1
126	8.091	0.1
127	12.678	0.1
128	12.293	0.1
129	12.341	0.1
130	4.554	0.1
131	13.34	0.1
132	11.934	0.1
133	13.089	0.1
134	11.498	0.1
135	13.042	0.1
136	5.259	0.1
137	12.663	0.1
138	12.244	0.1
139	12.295	0.1
140	11.781	0.1
141	12.464	0.1
142	11.883	0.1
143	12.308	0.1
144	12.4	0.1
145	12.314	0.1
146	12.86	0.1
147	12.602	0.1
148	3.914	0.1
149	11.508	0.1
150	12.029	0.1
