Img	Time(s)	Epsilon
1	1.142	0.025
2	1.128	0.025
3	1.274	0.025
4	1.136	0.025
5	1.114	0.025
6	1.133	0.025
7	1.098	0.025
8	1.134	0.025
9	1.266	0.025
10	1.121	0.025
11	1.121	0.025
12	1.11	0.025
13	1.119	0.025
14	1.232	0.025
15	1.13	0.025
16	1.111	0.025
17	1.138	0.025
18	1.109	0.025
19	1.13	0.025
20	1.405	0.025
21	1.106	0.025
22	1.125	0.025
23	1.117	0.025
24	1.136	0.025
25	1.251	0.025
26	1.132	0.025
27	1.115	0.025
28	1.115	0.025
29	1.139	0.025
30	1.24	0.025
31	1.116	0.025
32	1.112	0.025
33	1.138	0.025
34	1.111	0.025
35	1.258	0.025
36	1.136	0.025
37	1.104	0.025
38	1.117	0.025
39	1.126	0.025
40	1.255	0.025
41	1.118	0.025
42	1.129	0.025
43	1.103	0.025
44	1.133	0.025
45	1.265	0.025
46	1.122	0.025
47	1.128	0.025
48	1.11	0.025
49	1.137	0.025
50	1.255	0.025
51	1.121	0.025
52	1.111	0.025
53	1.121	0.025
54	1.108	0.025
55	1.264	0.025
56	1.118	0.025
57	1.115	0.025
58	1.12	0.025
59	1.104	0.025
60	1.26	0.025
61	1.113	0.025
62	1.115	0.025
63	1.117	0.025
64	1.128	0.025
65	1.25	0.025
66	1.126	0.025
67	1.143	0.025
68	1.122	0.025
69	1.114	0.025
70	1.248	0.025
71	1.13	0.025
72	1.118	0.025
73	1.119	0.025
74	1.122	0.025
75	1.121	0.025
76	1.374	0.025
77	1.115	0.025
78	1.123	0.025
79	1.119	0.025
80	1.138	0.025
81	1.243	0.025
82	1.111	0.025
83	1.145	0.025
84	1.109	0.025
85	1.13	0.025
86	1.243	0.025
87	1.127	0.025
88	1.123	0.025
89	1.149	0.025
90	1.121	0.025
91	1.243	0.025
92	1.125	0.025
93	1.096	0.025
94	1.128	0.025
95	1.096	0.025
96	1.27	0.025
97	1.119	0.025
98	1.136	0.025
99	1.119	0.025
100	1.127	0.025
101	1.258	0.025
102	1.123	0.025
103	1.127	0.025
104	1.121	0.025
105	1.129	0.025
106	1.257	0.025
107	1.122	0.025
108	1.11	0.025
109	1.129	0.025
110	1.128	0.025
111	1.253	0.025
112	1.132	0.025
113	1.108	0.025
114	1.124	0.025
115	1.119	0.025
116	1.252	0.025
117	1.158	0.025
118	1.13	0.025
119	1.128	0.025
120	1.127	0.025
121	1.275	0.025
122	1.122	0.025
123	1.117	0.025
124	1.123	0.025
125	1.128	0.025
126	1.113	0.025
127	1.374	0.025
128	1.159	0.025
129	1.115	0.025
130	1.129	0.025
131	1.101	0.025
132	1.246	0.025
133	1.109	0.025
134	1.118	0.025
135	1.105	0.025
136	1.121	0.025
137	1.269	0.025
138	1.121	0.025
139	1.126	0.025
140	1.125	0.025
141	1.129	0.025
142	1.254	0.025
143	1.127	0.025
144	1.1	0.025
145	1.138	0.025
146	1.141	0.025
147	1.24	0.025
148	1.123	0.025
149	1.105	0.025
150	1.139	0.025
1	1.125	0.05
2	1.378	0.05
3	1.116	0.05
4	1.122	0.05
5	1.123	0.05
6	1.114	0.05
7	1.249	0.05
8	1.116	0.05
9	1.114	0.05
10	1.112	0.05
11	1.127	0.05
12	1.254	0.05
13	1.122	0.05
14	1.13	0.05
15	1.128	0.05
16	1.128	0.05
17	1.285	0.05
18	1.186	0.05
19	1.087	0.05
20	1.156	0.05
21	1.252	0.05
22	1.129	0.05
23	1.364	0.05
24	1.108	0.05
25	1.126	0.05
26	1.124	0.05
27	1.126	0.05
28	1.362	0.05
29	1.125	0.05
30	1.144	0.05
31	1.115	0.05
32	1.149	0.05
33	1.125	0.05
34	1.367	0.05
35	1.126	0.05
36	1.115	0.05
37	1.144	0.05
38	1.112	0.05
39	1.248	0.05
40	1.12	0.05
41	1.13	0.05
42	1.111	0.05
43	1.121	0.05
44	1.245	0.05
45	1.103	0.05
46	1.136	0.05
47	1.115	0.05
48	1.141	0.05
49	1.126	0.05
50	1.366	0.05
51	1.101	0.05
52	1.128	0.05
53	1.133	0.05
54	1.123	0.05
55	1.412	0.05
56	1.121	0.05
57	1.124	0.05
58	1.12	0.05
59	1.131	0.05
60	1.115	0.05
61	1.368	0.05
62	1.133	0.05
63	1.107	0.05
64	1.122	0.05
65	1.11	0.05
66	1.366	0.05
67	1.129	0.05
68	1.119	0.05
69	1.109	0.05
70	1.106	0.05
71	1.136	0.05
72	1.369	0.05
73	1.131	0.05
74	1.128	0.05
75	1.13	0.05
76	1.11	0.05
77	1.232	0.05
78	1.149	0.05
79	1.112	0.05
80	1.131	0.05
81	1.106	0.05
82	1.257	0.05
83	1.2	0.05
84	1.101	0.05
85	1.118	0.05
86	1.092	0.05
87	1.112	0.05
88	1.502	0.05
89	1.171	0.05
90	1.195	0.05
91	1.175	0.05
92	1.168	0.05
93	1.249	0.05
94	1.125	0.05
95	1.11	0.05
96	1.125	0.05
97	1.149	0.05
98	1.42	0.05
99	1.141	0.05
100	1.164	0.05
101	1.356	0.05
102	1.132	0.05
103	1.257	0.05
104	1.133	0.05
105	1.135	0.05
106	1.151	0.05
107	1.132	0.05
108	1.267	0.05
109	1.128	0.05
110	1.196	0.05
111	1.15	0.05
112	1.142	0.05
113	1.29	0.05
114	1.178	0.05
115	1.157	0.05
116	1.131	0.05
117	1.134	0.05
118	1.273	0.05
119	1.19	0.05
120	1.166	0.05
121	1.119	0.05
122	1.253	0.05
123	1.245	0.05
124	1.131	0.05
125	1.108	0.05
126	1.12	0.05
127	1.114	0.05
128	1.277	0.05
129	1.145	0.05
130	1.102	0.05
131	1.112	0.05
132	1.109	0.05
133	1.261	0.05
134	1.117	0.05
135	1.136	0.05
136	1.121	0.05
137	1.12	0.05
138	1.12	0.05
139	1.367	0.05
140	1.132	0.05
141	1.116	0.05
142	1.123	0.05
143	1.115	0.05
144	1.378	0.05
145	1.133	0.05
146	1.128	0.05
147	1.131	0.05
148	1.115	0.05
149	1.126	0.05
150	1.376	0.05
1	1.136	0.075
2	1.119	0.075
3	1.115	0.075
4	1.129	0.075
5	1.344	0.075
6	1.122	0.075
7	1.133	0.075
8	1.138	0.075
9	1.124	0.075
10	1.366	0.075
11	1.126	0.075
12	1.128	0.075
13	1.14	0.075
14	1.117	0.075
15	1.147	0.075
16	1.36	0.075
17	1.113	0.075
18	1.117	0.075
19	1.109	0.075
20	1.152	0.075
21	1.361	0.075
22	1.136	0.075
23	1.095	0.075
24	1.128	0.075
25	1.12	0.075
26	1.135	0.075
27	1.364	0.075
28	1.12	0.075
29	1.127	0.075
30	1.119	0.075
31	1.124	0.075
32	1.252	0.075
33	1.13	0.075
34	1.122	0.075
35	1.11	0.075
36	1.14	0.075
37	1.245	0.075
38	1.125	0.075
39	1.105	0.075
40	1.127	0.075
41	1.131	0.075
42	1.254	0.075
43	1.106	0.075
44	1.125	0.075
45	1.122	0.075
46	1.116	0.075
47	1.276	0.075
48	1.119	0.075
49	1.129	0.075
50	1.119	0.075
51	1.142	0.075
52	1.25	0.075
53	1.12	0.075
54	1.122	0.075
55	1.103	0.075
56	1.12	0.075
57	1.251	0.075
58	1.144	0.075
59	1.112	0.075
60	1.128	0.075
61	1.113	0.075
62	1.117	0.075
63	1.372	0.075
64	1.118	0.075
65	1.136	0.075
66	1.11	0.075
67	1.125	0.075
68	1.347	0.075
69	1.139	0.075
70	1.115	0.075
71	1.114	0.075
72	1.118	0.075
73	1.12	0.075
74	1.365	0.075
75	1.166	0.075
76	1.135	0.075
77	1.117	0.075
78	1.119	0.075
79	1.251	0.075
80	1.106	0.075
81	1.136	0.075
82	1.116	0.075
83	1.131	0.075
84	1.242	0.075
85	1.12	0.075
86	1.122	0.075
87	1.117	0.075
88	1.128	0.075
89	1.116	0.075
90	1.392	0.075
91	1.125	0.075
92	1.129	0.075
93	1.101	0.075
94	1.127	0.075
95	1.273	0.075
96	1.125	0.075
97	1.12	0.075
98	1.123	0.075
99	1.119	0.075
100	1.238	0.075
101	1.138	0.075
102	1.119	0.075
103	1.123	0.075
104	1.126	0.075
105	1.121	0.075
106	1.356	0.075
107	1.115	0.075
108	1.115	0.075
109	1.101	0.075
110	1.128	0.075
111	1.253	0.075
112	1.146	0.075
113	1.109	0.075
114	1.113	0.075
115	1.133	0.075
116	1.253	0.075
117	1.13	0.075
118	1.112	0.075
119	1.123	0.075
120	1.119	0.075
121	1.281	0.075
122	1.101	0.075
123	1.119	0.075
124	1.136	0.075
125	1.117	0.075
126	1.272	0.075
127	1.12	0.075
128	1.133	0.075
129	1.107	0.075
130	1.134	0.075
131	1.229	0.075
132	1.144	0.075
133	1.133	0.075
134	1.125	0.075
135	1.134	0.075
136	1.24	0.075
137	1.127	0.075
138	1.124	0.075
139	1.137	0.075
140	1.111	0.075
141	1.266	0.075
142	1.137	0.075
143	1.119	0.075
144	1.12	0.075
145	1.125	0.075
146	1.276	0.075
147	1.112	0.075
148	1.119	0.075
149	1.109	0.075
150	1.126	0.075
1	1.141	0.1
2	1.364	0.1
3	1.131	0.1
4	1.122	0.1
5	1.141	0.1
6	1.103	0.1
7	1.382	0.1
8	1.134	0.1
9	1.131	0.1
10	1.135	0.1
11	1.108	0.1
12	1.128	0.1
13	1.366	0.1
14	1.137	0.1
15	1.132	0.1
16	1.123	0.1
17	1.123	0.1
18	1.24	0.1
19	1.146	0.1
20	1.123	0.1
21	1.124	0.1
22	1.128	0.1
23	1.275	0.1
24	1.145	0.1
25	1.13	0.1
26	1.128	0.1
27	1.119	0.1
28	1.133	0.1
29	1.383	0.1
30	1.122	0.1
31	1.127	0.1
32	1.123	0.1
33	1.133	0.1
34	1.24	0.1
35	1.127	0.1
36	1.123	0.1
37	1.136	0.1
38	1.127	0.1
39	1.248	0.1
40	1.122	0.1
41	1.118	0.1
42	1.124	0.1
43	1.12	0.1
44	1.262	0.1
45	1.148	0.1
46	1.124	0.1
47	1.115	0.1
48	1.13	0.1
49	1.269	0.1
50	1.124	0.1
51	1.148	0.1
52	1.124	0.1
53	1.143	0.1
54	1.255	0.1
55	1.134	0.1
56	1.103	0.1
57	1.132	0.1
58	1.143	0.1
59	1.253	0.1
60	1.144	0.1
61	1.113	0.1
62	1.131	0.1
63	1.133	0.1
64	1.138	0.1
65	1.369	0.1
66	1.12	0.1
67	1.116	0.1
68	1.104	0.1
69	1.135	0.1
70	1.251	0.1
71	1.14	0.1
72	1.115	0.1
73	1.121	0.1
74	1.118	0.1
75	1.278	0.1
76	1.134	0.1
77	1.121	0.1
78	1.113	0.1
79	1.121	0.1
80	1.124	0.1
81	1.353	0.1
82	1.141	0.1
83	1.119	0.1
84	1.128	0.1
85	1.129	0.1
86	1.244	0.1
87	1.122	0.1
88	1.123	0.1
89	1.143	0.1
90	1.116	0.1
91	1.267	0.1
92	1.142	0.1
93	1.105	0.1
94	1.114	0.1
95	1.114	0.1
96	1.255	0.1
97	1.124	0.1
98	1.128	0.1
99	1.12	0.1
100	1.127	0.1
101	1.248	0.1
102	1.137	0.1
103	1.145	0.1
104	1.118	0.1
105	1.121	0.1
106	1.109	0.1
107	1.356	0.1
108	1.108	0.1
109	1.116	0.1
110	1.11	0.1
111	1.128	0.1
112	1.388	0.1
113	1.113	0.1
114	1.13	0.1
115	1.11	0.1
116	1.146	0.1
117	1.116	0.1
118	1.377	0.1
119	1.138	0.1
120	1.111	0.1
121	1.128	0.1
122	1.119	0.1
123	1.254	0.1
124	1.134	0.1
125	1.126	0.1
126	1.11	0.1
127	1.14	0.1
128	1.258	0.1
129	1.129	0.1
130	1.113	0.1
131	1.114	0.1
132	1.139	0.1
133	1.245	0.1
134	1.129	0.1
135	1.105	0.1
136	1.125	0.1
137	1.124	0.1
138	1.12	0.1
139	1.372	0.1
140	1.14	0.1
141	1.133	0.1
142	1.12	0.1
143	1.125	0.1
144	1.234	0.1
145	1.15	0.1
146	1.138	0.1
147	1.129	0.1
148	1.128	0.1
149	1.234	0.1
150	1.135	0.1
