Img	Target_Label	Epsilon	Objective_Value	Label
1	0	0.05	-7.57219211399875	2
1	1	0.05	-7.463317518176811	2
1	3	0.05	-4.128927763316227	2
1	4	0.05	-7.52692260445908	2
1	5	0.05	-7.204322036030706	2
1	6	0.05	-1.355561840014621	2
1	7	0.05	-7.465341688187657	2
1	8	0.05	-7.5191360069638495	2
1	9	0.05	-7.454434079777972	2
2	1	0.05	-7.677326528576126	0
2	2	0.05	-7.501627184393754	0
2	3	0.05	-7.549724319347461	0
2	4	0.05	-7.754720747067277	0
2	5	0.05	-7.602795564624325	0
2	6	0.05	-7.04102730846445	0
2	7	0.05	-7.612586840859695	0
2	8	0.05	-6.483557237514945	0
2	9	0.05	-7.599633721407158	0
3	0	0.05	-7.359566748818768	4
3	1	0.05	-6.556392737306714	4
3	2	0.05	-7.274754336350651	4
3	3	0.05	-6.982999211533119	4
3	5	0.05	-7.40684392351848	4
3	6	0.05	-5.327884341588351	4
3	7	0.05	-5.360265008841035	4
3	8	0.05	-7.299390277259347	4
3	9	0.05	-0.386501747937786	4
4	0	0.05	4.13611676983185	8
4	1	0.05	1.3043876723493169	8
4	2	0.05	-0.218840022096887	8
4	3	0.05	5.76485834797201	8
4	4	0.05	0.06122668421919702	8
4	5	0.05	7.622372635588615	8
4	6	0.05	5.807399397192327	8
4	7	0.05	-0.2441116730734928	8
4	9	0.05	4.399653065475204	8
5	0	0.05	-7.696853969979649	7
5	1	0.05	-7.556824593244268	7
5	2	0.05	-7.1549684146292645	7
5	3	0.05	-2.6051701761160344	7
5	4	0.05	-7.366501534303203	7
5	5	0.05	-7.077740539791791	7
5	6	0.05	-7.689957316245719	7
5	8	0.05	-7.688635435267065	7
5	9	0.05	-5.07552265665619	7
6	0	0.05	-7.864377694051162	6
6	1	0.05	-7.770514973671054	6
6	2	0.05	-5.779289179881829	6
6	3	0.05	-7.760007820201125	6
6	4	0.05	-7.815109500679468	6
6	5	0.05	-1.1500794604746327	6
6	7	0.05	-7.7567795200763685	6
6	8	0.05	-2.983943428701739	6
6	9	0.05	-7.756135810743047	6
7	1	0.05	-7.680390964381873	0
7	2	0.05	-4.968745898270012	0
7	3	0.05	-5.121675254458798	0
7	4	0.05	-7.762240862159311	0
7	5	0.05	-6.1731607807066835	0
7	6	0.05	-7.643904153157415	0
7	7	0.05	-7.6098890840942675	0
7	8	0.05	-7.792685698858665	0
7	9	0.05	-7.490387886073732	0
8	0	0.05	0.33706209621098526	6
8	1	0.05	0.13049654806884461	6
8	2	0.05	2.5443067421632746	6
8	3	0.05	4.46783205177497	6
8	4	0.05	0.9877699963036426	6
8	5	0.05	6.620863656523531	6
8	7	0.05	-0.02017501647493058	6
9	0	0.05	-1.818237870388685	3
9	1	0.05	-1.416279559967234	3
9	2	0.05	0.11541478447393352	3
9	4	0.05	-0.8107353613205797	3
9	5	0.05	4.574019246103686	3
9	6	0.05	-1.7249907891335665	3
9	7	0.05	-1.7196452072229456	3
9	8	0.05	4.27493975112252	3
9	9	0.05	-1.7306693530713877	3
10	0	0.05	-4.190826645330816	1
10	2	0.05	-0.33796805115033884	1
10	3	0.05	-3.917271974635197	1
10	4	0.05	-2.5935290587969537	1
10	5	0.05	0.20509972281481906	1
10	6	0.05	-1.8412207238556655	1
10	7	0.05	-4.072397928082937	1
10	8	0.05	-3.4840453573720787	1
10	9	0.05	-4.091737954252079	1
11	0	0.05	0.16951850949826888	8
11	1	0.05	0.14602187406231557	8
11	2	0.05	5.083807754670109	8
11	3	0.05	5.325457533515427	8
11	4	0.05	3.1570814506854794	8
12	1	0.05	-7.671848563418335	0
12	2	0.05	-6.476372874862161	0
12	3	0.05	-7.524122580463236	0
12	4	0.05	-7.673322205823756	0
12	5	0.05	-7.7365940318199655	0
12	6	0.05	-7.258747714038037	0
12	7	0.05	-7.6140255400055565	0
12	8	0.05	-6.695041539360142	0
12	9	0.05	-7.530815934328372	0
13	0	0.05	-3.481919876589642	7
13	1	0.05	-3.8522269615188227	7
13	2	0.05	-0.8151437092485414	7
13	3	0.05	0.1963662329920953	7
13	4	0.05	-3.8819300405814974	7
13	5	0.05	1.119379744722839	7
13	6	0.05	-3.9205834618522366	7
13	8	0.05	-3.924990337036163	7
13	9	0.05	-1.5836772871302305	7
14	0	0.05	-1.3821444933127702	9
14	1	0.05	-1.339178121639793	9
14	2	0.05	-1.3481025011633012	9
14	3	0.05	2.866422323290804	9
14	4	0.05	3.611158319469896	9
14	5	0.05	-1.1615531128707821	9
14	6	0.05	-1.3887285328785506	9
14	7	0.05	0.8181632413806917	9
14	8	0.05	4.541016531743123	9
15	0	0.05	-7.579155238980702	8
15	1	0.05	-7.66853478222813	8
15	2	0.05	-7.536080276284212	8
15	3	0.05	-5.709688634864824	8
15	4	0.05	-7.726728373747272	8
15	5	0.05	-5.069135570493222	8
15	6	0.05	-7.570000139883573	8
15	7	0.05	-7.6574970562080065	8
15	9	0.05	-5.640714884466903	8
16	0	0.05	-5.564559987159212	4
16	1	0.05	-6.563925261495951	4
16	2	0.05	-6.4968250102023966	4
16	3	0.05	-6.560238698928743	4
16	5	0.05	-6.6850072031818675	4
16	6	0.05	-0.9180034456945682	4
16	7	0.05	-6.505580013203364	4
16	8	0.05	-4.44200046679961	4
16	9	0.05	-5.576495821224754	4
17	0	0.05	-1.8996715962673834	5
17	1	0.05	-7.902747989150827	5
17	2	0.05	-7.864055925449936	5
17	3	0.05	-5.769561382383447	5
17	4	0.05	-7.630098090850074	5
17	6	0.05	-7.848150421482442	5
17	7	0.05	-7.854215895641689	5
17	8	0.05	-7.5456981804094925	5
17	9	0.05	-7.904290137383122	5
18	0	0.05	1.104885153625823	3
18	1	0.05	-3.1479899462111978	3
18	2	0.05	-4.322742058711922	3
18	4	0.05	-4.447806207856498	3
18	5	0.05	2.657859466540041	3
18	6	0.05	-3.687538110579955	3
18	7	0.05	-4.350218784775257	3
18	8	0.05	-4.455686325698884	3
18	9	0.05	0.09901752124271161	3
19	0	0.05	-0.5856022065346446	4
19	1	0.05	3.858524069390527	4
19	2	0.05	-0.4785453516650205	4
19	3	0.05	6.099419822083712	4
19	5	0.05	2.711812492540158	4
19	6	0.05	-0.53805923080448	4
19	7	0.05	-0.28623398715272896	4
19	8	0.05	3.386434647695563	4
19	9	0.05	6.840863111639857	4
20	1	0.05	-5.169626077591945	0
20	2	0.05	-3.8665423559894623	0
20	3	0.05	-4.4668143575889285	0
20	4	0.05	-5.237621753294616	0
20	5	0.05	0.7112620671750429	0
20	6	0.05	-5.133121091837051	0
20	7	0.05	-2.774909707149706	0
20	8	0.05	2.010526185815505	0
20	9	0.05	-2.632921770380176	0
21	0	0.05	0.1346387372071738	6
21	1	0.05	-2.710647275912134	6
21	2	0.05	4.227018219925893	6
21	3	0.05	-2.523746066491434	6
21	4	0.05	3.5464515783375177	6
21	5	0.05	0.7156206942570701	6
21	7	0.05	0.550260278725991	6
21	8	0.05	0.9419588520273692	6
21	9	0.05	1.9899799210523195	6
22	0	0.05	-6.0246878464088605	6
22	1	0.05	0.7667243786135988	6
22	2	0.05	-0.7269459805613577	6
22	3	0.05	-4.821150851647749	6
22	4	0.05	1.4427644767004415	6
22	5	0.05	1.0989017951428453	6
22	7	0.05	-2.168051814704017	6
22	8	0.05	0.7096208233914795	6
22	9	0.05	-0.46665311473624344	6
23	0	0.05	-3.1803553008932113	3
23	1	0.05	0.6662981870080389	3
23	2	0.05	1.2528330032770374	3
23	4	0.05	-3.1771687459435327	3
23	5	0.05	3.86492826507374	3
23	6	0.05	-3.106030084648948	3
23	7	0.05	-2.04313509268368	3
23	8	0.05	-3.192567562535287	3
23	9	0.05	-3.106893818091566	3
24	1	0.05	-7.600360256757095	0
24	2	0.05	-1.0022166340258372	0
24	3	0.05	-7.480802734682501	0
24	4	0.05	-7.661791882109236	0
24	5	0.05	-6.314733217702912	0
24	6	0.05	-1.8589314689723535	0
24	7	0.05	-7.53369480855615	0
24	8	0.05	-7.6893030562526885	0
24	9	0.05	-4.0631745866683	0
25	0	0.05	-7.239023527482108	2
25	1	0.05	-7.004011461899739	2
25	3	0.05	-3.738585509343611	2
25	4	0.05	-7.868670478531278	2
25	5	0.05	-7.91222817972747	2
25	6	0.05	-7.799614629356642	2
25	7	0.05	-7.803889274419144	2
25	8	0.05	-7.8733234046284215	2
25	9	0.05	-7.798408380650605	2
26	0	0.05	-7.839662440479973	3
26	1	0.05	-7.715630483391209	3
26	2	0.05	-7.364826890450886	3
26	4	0.05	-7.82155745359215	3
26	5	0.05	-5.364431124474082	3
26	6	0.05	-7.8015360054206315	3
26	7	0.05	-7.731685434489866	3
26	8	0.05	-7.797898670831749	3
26	9	0.05	-7.501227081041791	3
27	0	0.05	-0.1406211235300082	6
27	1	0.05	6.037341660387178	6
27	2	0.05	5.166680100563867	6
27	3	0.05	5.878709951190038	6
27	4	0.05	6.69360329610408	6
27	5	0.05	7.672180306499793	6
27	7	0.05	0.625177815800255	6
27	8	0.05	5.246077333869813	6
27	9	0.05	0.2784235829504184	6
28	0	0.05	-7.934682314219646	6
28	1	0.05	-7.847855802452794	6
28	2	0.05	-3.5015359102795385	6
28	3	0.05	-7.86418672110975	6
28	4	0.05	-6.2415896200765655	6
28	5	0.05	-6.88054710371631	6
28	7	0.05	-7.830896812949798	6
28	8	0.05	-7.299399632952131	6
28	9	0.05	-7.773851500235163	6
29	0	0.05	-6.985296594061093	7
29	1	0.05	-7.199036905285032	7
29	2	0.05	-7.120218945964278	7
29	3	0.05	-4.269138022983335	7
29	4	0.05	-7.166035785693863	7
29	5	0.05	-0.9653539785252963	7
29	6	0.05	-5.1977064086538105	7
29	8	0.05	-3.1952735768390026	7
29	9	0.05	-6.672149582987379	7
30	0	0.05	-6.257628155022047	4
30	1	0.05	-6.2006899845710475	4
30	2	0.05	-5.659388210431573	4
30	3	0.05	-6.167466733423754	4
30	5	0.05	-6.359523182831798	4
30	6	0.05	-2.000124307048379	4
30	7	0.05	-0.5610951969206965	4
30	8	0.05	-6.323645000066888	4
30	9	0.05	-0.3859396977197759	4
32	0	0.05	-7.88598515422747	3
32	1	0.05	-7.761013148174238	3
32	2	0.05	-7.694837877518969	3
32	4	0.05	-7.851446807928322	3
32	5	0.05	-7.754674019317623	3
32	6	0.05	-7.860022589395472	3
32	7	0.05	-7.773507626093265	3
32	8	0.05	-7.847338283716871	3
32	9	0.05	-7.806466700812457	3
33	0	0.05	-4.796964554310691	8
33	1	0.05	-4.9021425210151595	8
33	2	0.05	1.543708676309544	8
33	3	0.05	-0.3705713811599046	8
33	4	0.05	-4.847155650482255	8
33	5	0.05	-1.7907633737388453	8
33	6	0.05	-2.375713430081556	8
33	7	0.05	-4.916553452416551	8
33	9	0.05	-1.6093746132929667	8
35	0	0.05	-8.032798698224864	5
35	1	0.05	-7.9179310562536305	5
35	2	0.05	-7.867825940242928	5
35	3	0.05	-6.588456732084778	5
35	4	0.05	-7.984569996355013	5
35	6	0.05	-6.973920702089897	5
35	7	0.05	-7.8969039893758675	5
35	8	0.05	-7.811366614010729	5
35	9	0.05	-7.84243309571031	5
36	0	0.05	-7.759738183085287	4
36	1	0.05	-7.732385608986	4
36	2	0.05	-7.560409478255639	4
36	3	0.05	-7.719712473468011	4
36	5	0.05	-7.7983224051329385	4
36	6	0.05	-5.339122620004311	4
36	7	0.05	-7.665379102759334	4
36	8	0.05	-5.709072510827833	4
36	9	0.05	-5.308563074634919	4
37	0	0.05	-0.8782805901171353	2
37	1	0.05	-1.0879113700547647	2
37	3	0.05	6.246563718716408	2
37	4	0.05	-0.8699020348997123	2
37	5	0.05	-0.7641368721318941	2
37	6	0.05	-1.1499904448775442	2
37	7	0.05	1.3938564911625242	2
37	8	0.05	1.2052403263817806	2
37	9	0.05	-1.0960118185538592	2
38	0	0.05	-7.805122662509276	5
38	1	0.05	-7.918441060347377	5
38	2	0.05	-7.479122052452511	5
38	3	0.05	-5.1117859949652065	5
38	4	0.05	-7.998490296249513	5
38	6	0.05	-7.87157618081826	5
38	7	0.05	-7.882139467611959	5
38	8	0.05	-7.047644732688718	5
38	9	0.05	-7.924485226560892	5
39	0	0.05	2.2386399408436755	5
39	1	0.05	-0.3946343195150798	5
39	2	0.05	2.846377462465599	5
39	3	0.05	2.786018428814191	5
39	4	0.05	-1.354783354836972	5
39	6	0.05	4.474079671104338	5
39	7	0.05	-1.6000924663773088	5
39	8	0.05	2.595593880116932	5
39	9	0.05	3.5796886895439575	5
40	0	0.05	0.00748293144003404	8
40	1	0.05	5.238949294810226	8
40	2	0.05	2.839714180990982	8
40	3	0.05	6.738295711608106	8
40	4	0.05	2.1169524367905805	8
40	5	0.05	7.8242260074577485	8
40	6	0.05	4.4146690290723	8
40	7	0.05	0.15386043920131348	8
40	9	0.05	1.5012149228083373	8
41	0	0.05	-7.952945336586469	5
41	1	0.05	-7.928103621960814	5
41	2	0.05	-7.879605480443305	5
41	3	0.05	-6.487704106177229	5
41	4	0.05	-7.983589641226823	5
41	6	0.05	-7.586662493733681	5
41	7	0.05	-7.886367138467843	5
41	8	0.05	-7.754197215426142	5
41	9	0.05	-5.908530466819145	5
42	0	0.05	-7.511472628091736	2
42	1	0.05	-7.38621209088311	2
42	3	0.05	-4.432450581694757	2
42	4	0.05	-7.473225059971224	2
42	5	0.05	-4.809556545017901	2
42	6	0.05	-7.2516977546710315	2
42	7	0.05	-7.409717196940518	2
42	8	0.05	-1.529889028859007	2
42	9	0.05	-7.40467213820526	2
43	0	0.05	-0.8529844337211421	9
43	1	0.05	-0.4173921503204343	9
43	2	0.05	0.00011471257948965018	9
43	3	0.05	3.8237281535998204	9
43	4	0.05	6.360953352180342	9
43	5	0.05	4.504834523734067	9
43	6	0.05	2.6786010916944427	9
43	7	0.05	-0.7361286797170286	9
43	8	0.05	2.9274734565735123	9
44	0	0.05	1.3053650647533477	2
44	1	0.05	-2.9215600814225255	2
44	3	0.05	-2.205468638504089	2
44	4	0.05	-2.7308952865629763	2
44	5	0.05	-3.073187375977378	2
44	6	0.05	4.825067853242367	2
44	7	0.05	2.8128915193491473	2
44	8	0.05	-3.015242718285307	2
44	9	0.05	-2.782973190890838	2
45	0	0.05	-0.8029841740244189	4
45	1	0.05	-1.856428687322748	4
45	2	0.05	-1.805427204295362	4
45	3	0.05	-1.7560244353855672	4
45	5	0.05	3.301448655271503	4
45	6	0.05	2.8603227058979885	4
45	7	0.05	1.1357470012689876	4
45	8	0.05	3.7679656096611507	4
45	9	0.05	4.413729885201233	4
46	0	0.05	-7.894930848831504	2
46	1	0.05	-7.795718593732344	2
46	3	0.05	-7.669002123244058	2
46	4	0.05	-7.879294859725373	2
46	5	0.05	-7.93921422147678	2
46	6	0.05	-7.4592879205110725	2
46	7	0.05	-7.820019771523732	2
46	8	0.05	-7.897916775921054	2
46	9	0.05	-7.80569077192971	2
47	0	0.05	-1.4937113889704623	7
47	1	0.05	-0.7326901357987543	7
47	2	0.05	-0.8859870546542001	7
47	3	0.05	5.754777983254017	7
47	4	0.05	-1.403698604404016	7
47	5	0.05	0.4467472749990147	7
47	6	0.05	-1.2629441469733151	7
47	8	0.05	2.8210524904498704	7
47	9	0.05	3.2157815306370656	7
48	1	0.05	-7.682984109693642	0
48	2	0.05	-7.615640590790227	0
48	3	0.05	-7.405135215860115	0
48	4	0.05	-7.761014659568765	0
48	5	0.05	-7.583896069870571	0
48	6	0.05	-6.571507841994822	0
48	7	0.05	-7.612009795543874	0
48	8	0.05	-7.795482356946747	0
48	9	0.05	-7.575481367805391	0
49	0	0.05	-5.5635008919878475	5
49	1	0.05	-4.868251786181328	5
49	2	0.05	-5.4132218689836495	5
49	3	0.05	0.659974460711843	5
49	4	0.05	-5.511631078813959	5
49	6	0.05	-5.441318102557824	5
49	7	0.05	-5.411477265892186	5
49	8	0.05	-4.681653657364693	5
49	9	0.05	-3.016696785262387	5
50	0	0.05	-7.446887035064872	1
50	2	0.05	-7.109631535124335	1
50	3	0.05	-7.421891610359011	1
50	4	0.05	-4.498747722863494	1
50	5	0.05	-7.560508412366028	1
50	6	0.05	-6.154950684592995	1
50	7	0.05	-7.006088603704613	1
50	8	0.05	-4.007165226813422	1
50	9	0.05	-7.3059593996880166	1
51	1	0.05	-7.679758982263556	0
51	2	0.05	-1.85510843424811	0
51	3	0.05	-7.550339106035413	0
51	4	0.05	-7.741209029886871	0
51	5	0.05	-7.714453381198754	0
51	6	0.05	-7.614119086805446	0
51	7	0.05	-7.608536455783297	0
51	8	0.05	-7.789135040447932	0
51	9	0.05	-6.511714916070787	0
52	0	0.05	-5.410760013010097	7
52	1	0.05	-3.147830595021489	7
52	2	0.05	-5.117960654902843	7
52	3	0.05	-0.40533031560833993	7
52	4	0.05	-5.34285929581074	7
52	5	0.05	-5.343690991565243	7
52	6	0.05	-5.133592805567196	7
52	8	0.05	-4.565458116979832	7
52	9	0.05	-3.2352773054268202	7
53	0	0.05	-1.6969758648710844	9
53	1	0.05	-1.574092965876454	9
53	2	0.05	-1.61239858062776	9
53	3	0.05	3.3146323272197544	9
53	4	0.05	4.651351524237513	9
53	5	0.05	3.2054547360731935	9
53	6	0.05	3.1288402238327855	9
53	7	0.05	1.2925581392351027	9
53	8	0.05	1.2156408026994727	9
54	0	0.05	0.47203663131251267	9
54	1	0.05	-1.0569932833461586	9
54	2	0.05	4.815903431412108	9
54	3	0.05	-1.0363567758436618	9
54	4	0.05	5.655387760992054	9
54	5	0.05	0.6200438641266279	9
54	6	0.05	3.9314121049272104	9
54	7	0.05	-0.9909773287821327	9
54	8	0.05	-0.7051824742095881	9
55	0	0.05	-7.508189431425332	9
55	1	0.05	-7.463532660561832	9
55	2	0.05	-7.450309398969841	9
55	3	0.05	-7.336245751310083	9
55	4	0.05	-3.1756958080952287	9
55	5	0.05	-5.11403530214782	9
55	6	0.05	-7.4236382230373765	9
55	7	0.05	-3.629137625901402	9
55	8	0.05	-1.4469100721877293	9
56	0	0.05	-7.944326852376801	6
56	1	0.05	-7.858244838979763	6
56	2	0.05	-7.780464760545378	6
56	3	0.05	-7.887684857881334	6
56	4	0.05	-7.884485951038464	6
56	5	0.05	-7.5452622997920935	6
56	7	0.05	-7.8329430770363375	6
56	8	0.05	-6.026083553070629	6
56	9	0.05	-7.805767763822989	6
57	0	0.05	-8.017921851843269	5
57	1	0.05	-7.919101963519856	5
57	2	0.05	-7.871705056869374	5
57	3	0.05	-5.197231627952864	5
57	4	0.05	-7.939539354568733	5
57	6	0.05	-7.491783879324514	5
57	7	0.05	-7.874107937088172	5
57	8	0.05	-8.011205007899315	5
57	9	0.05	-3.899640480066997	5
58	0	0.05	-3.932547941236777	8
58	1	0.05	-3.8157579878955312	8
58	2	0.05	-2.902285283634089	8
58	3	0.05	0.6532332758889781	8
58	4	0.05	-0.8171833396558471	8
58	5	0.05	1.1768119526752567	8
58	6	0.05	-0.4289973679787462	8
58	7	0.05	-3.8003756528484844	8
58	9	0.05	-0.17855611169597616	8
59	0	0.05	-2.1105499015465408	8
59	1	0.05	-6.2259915686170775	8
59	2	0.05	-2.265199922177142	8
59	3	0.05	-4.61601580431834	8
59	4	0.05	0.36536055345269164	8
59	5	0.05	-5.494375067623254	8
59	6	0.05	-4.943993799930193	8
59	7	0.05	-6.221283703858323	8
59	9	0.05	-5.632205920130604	8
60	0	0.05	-7.87290047304849	6
60	1	0.05	-6.609130795196593	6
60	2	0.05	-0.11313120929513533	6
60	3	0.05	-7.765933863076928	6
60	4	0.05	-4.91662442894717	6
60	5	0.05	-3.8944532563611434	6
60	7	0.05	-7.78605877053245	6
60	8	0.05	-3.1064327874602875	6
60	9	0.05	-7.777917480414256	6
61	0	0.05	-6.450147256151256	9
61	1	0.05	-6.375208890132644	9
61	2	0.05	-6.328334429967012	9
61	3	0.05	0.8200397392654883	9
61	4	0.05	-6.192647058414985	9
61	5	0.05	-0.3217036290437978	9
61	6	0.05	-4.837781223201889	9
61	7	0.05	-3.9134258816779703	9
61	8	0.05	-6.182878344281205	9
62	0	0.05	0.049252815284612714	9
62	1	0.05	-0.7090384658854108	9
62	2	0.05	2.7041522266268756	9
62	3	0.05	-0.6398725838990086	9
63	0	0.05	-6.813889039999701	5
63	1	0.05	-3.536657513893831	5
63	2	0.05	-7.862079119225691	5
63	3	0.05	-4.445629834382561	5
63	4	0.05	-6.8992237254367454	5
63	6	0.05	-7.863897004090479	5
63	7	0.05	-7.1919117002098085	5
63	8	0.05	-5.329127853198615	5
63	9	0.05	-7.830744236607784	5
64	0	0.05	-6.564573953195794	4
64	1	0.05	-6.501580507231575	4
64	2	0.05	-6.476771384238514	4
64	3	0.05	-5.922093853619733	4
64	5	0.05	-6.619462105361928	4
64	6	0.05	-0.32238077019876377	4
64	7	0.05	-1.3823545380340014	4
64	8	0.05	-4.904099550609928	4
64	9	0.05	-4.84157649383213	4
65	0	0.05	-3.7149092287036485	2
65	1	0.05	-3.6671815555231273	2
65	3	0.05	3.0271815652982177	2
65	4	0.05	-3.8710687346834063	2
65	5	0.05	-2.5824491596776884	2
65	6	0.05	-3.114634255884997	2
65	7	0.05	0.26860352823683686	2
65	8	0.05	-1.473294355163379	2
65	9	0.05	-3.799507137306817	2
66	0	0.05	-7.945775246385485	6
66	1	0.05	-7.867286974430557	6
66	2	0.05	-7.781101874722029	6
66	3	0.05	-7.896916005607313	6
66	4	0.05	-6.288347982336138	6
66	5	0.05	-5.915223221119178	6
66	7	0.05	-7.8359543768351685	6
66	8	0.05	-7.923951095685904	6
66	9	0.05	-7.809387230176786	6
67	0	0.05	0.6276850133231507	8
67	1	0.05	-6.9982221449476425	8
67	2	0.05	-6.074795623181183	8
67	3	0.05	-0.5986794745473398	8
67	4	0.05	-7.087968145772717	8
67	5	0.05	-7.047485071424496	8
67	6	0.05	-7.025734491422036	8
67	7	0.05	-6.981837991806648	8
67	9	0.05	-7.022608868275702	8
68	0	0.05	-1.4853039941315513	1
68	2	0.05	1.3112650366607779	1
68	3	0.05	5.288112179508636	1
68	4	0.05	-1.4518574778594273	1
68	5	0.05	1.6376002198518607	1
68	6	0.05	1.9043429267960448	1
68	7	0.05	-1.3738835475268911	1
68	8	0.05	4.819361293908564	1
68	9	0.05	-1.3730065438179286	1
69	1	0.05	-6.648214612024235	0
69	2	0.05	-6.583503444961858	0
69	3	0.05	-5.117703151435408	0
69	4	0.05	-6.443175317482513	0
69	5	0.05	-4.146019680335234	0
69	6	0.05	-5.569592911078371	0
69	7	0.05	-2.5745154504597223	0
69	8	0.05	-6.750148246009458	0
69	9	0.05	-3.0423174917284768	0
70	0	0.05	-7.942404955625633	6
70	1	0.05	-7.812947459486946	6
70	2	0.05	-7.775364157889733	6
70	3	0.05	-7.8738817302467	6
70	4	0.05	-4.493932354982297	6
70	5	0.05	-3.810358032373862	6
70	7	0.05	-7.829417432932207	6
70	8	0.05	-7.94958898129394	6
70	9	0.05	-7.806538706509091	6
71	0	0.05	-1.474177743014795	9
71	1	0.05	0.8269367990139094	9
71	2	0.05	-1.3171935242425352	9
71	3	0.05	5.144500117222054	9
71	4	0.05	1.3133117297358021	9
71	5	0.05	6.044492454640737	9
71	6	0.05	-0.29486063289349224	9
71	7	0.05	1.7958122041394382	9
71	8	0.05	0.33751253125121305	9
72	0	0.05	-2.7543610927576903	5
72	1	0.05	-7.902361354714092	5
72	2	0.05	-7.803072400907147	5
72	3	0.05	-3.8898068673513624	5
72	4	0.05	-7.958063113365507	5
72	6	0.05	-7.868866974644573	5
72	7	0.05	-7.10971962505324	5
72	8	0.05	-1.2986611761492906	5
72	9	0.05	-2.5550413094589057	5
73	0	0.05	-8.007053132837349	5
73	1	0.05	-7.893726276646425	5
73	2	0.05	-7.849982405681177	5
73	3	0.05	-4.361918913949357	5
73	4	0.05	-7.959363472411769	5
73	6	0.05	-1.8631382290100247	5
73	7	0.05	-7.8619209113736535	5
73	8	0.05	-7.997074632768776	5
73	9	0.05	-7.877741760432547	5
74	0	0.05	-7.775650616891768	4
74	1	0.05	-7.721808400505796	4
74	2	0.05	-7.679886117499461	4
74	3	0.05	-7.653621333952144	4
74	5	0.05	-7.3238732537636295	4
74	6	0.05	-7.7017929708983806	4
74	7	0.05	-4.680543932950511	4
74	8	0.05	-7.575847757750403	4
74	9	0.05	-4.396113521140804	4
75	0	0.05	-3.4010394409955444	1
75	2	0.05	-3.225198110749531	1
75	3	0.05	-1.2744253552669869	1
75	4	0.05	-2.5569541830871008	1
75	5	0.05	1.211304996461238	1
75	6	0.05	-2.9477826299832826	1
75	7	0.05	-3.2512581587887266	1
75	8	0.05	-1.606887918381256	1
75	9	0.05	-3.274316313705063	1
76	0	0.05	-7.898071075797389	6
76	1	0.05	-7.497939490959565	6
76	2	0.05	-4.039842942233382	6
76	3	0.05	-6.191503960158376	6
76	4	0.05	-5.6011189414252	6
76	5	0.05	-7.96120776739144	6
76	7	0.05	-7.8084354692913465	6
76	8	0.05	-7.101152773637963	6
76	9	0.05	-7.8000447423724575	6
77	0	0.05	-1.3636669649197126	7
77	1	0.05	-1.263163840902739	7
77	2	0.05	5.204012718152583	7
77	3	0.05	5.254277611592361	7
77	4	0.05	-1.3013498795431133	7
77	5	0.05	-1.3034890836401403	7
77	6	0.05	-1.3466395010253314	7
77	8	0.05	0.2142000383798153	7
77	9	0.05	0.302379774439099	7
78	0	0.05	-0.3992771807020891	5
78	1	0.05	-5.4834485016308445	5
78	2	0.05	-5.432962617842309	5
78	3	0.05	-1.3550696392542834	5
78	4	0.05	-3.7067646727128207	5
78	6	0.05	0.7372539070756273	5
78	7	0.05	-5.4256739616346135	5
78	8	0.05	-5.581855366484785	5
78	9	0.05	-3.328553121549598	5
79	0	0.05	-0.11633699738267131	2
79	1	0.05	-0.010396135575076793	2
79	3	0.05	6.10982259531802	2
79	4	0.05	7.070455875384629	2
79	5	0.05	7.321705860190601	2
79	6	0.05	2.3203198878580893	2
79	7	0.05	1.8032002356638142	2
79	8	0.05	-0.10167291502710828	2
79	9	0.05	0.03634011737775315	2
80	0	0.05	-1.5487275428289549	9
80	1	0.05	0.5420024010678413	9
80	2	0.05	-1.9342594450910742	9
80	3	0.05	3.509162709235444	9
80	4	0.05	4.326980991084056	9
80	5	0.05	2.186747732272806	9
80	6	0.05	-1.9949306035181713	9
80	7	0.05	0.19789188608029348	9
80	8	0.05	2.0784910943047272	9
81	1	0.05	-0.25841613001167435	0
81	2	0.05	3.8133143048547518	0
81	3	0.05	-0.17192016468998036	0
81	4	0.05	3.273201560718649	0
81	5	0.05	0.296375483312067	0
81	6	0.05	6.192056851386868	0
81	7	0.05	-0.21713287898870823	0
81	8	0.05	-0.3465064932284834	0
81	9	0.05	-0.20273055930949477	0
82	0	0.05	-7.859052554408903	6
82	1	0.05	-7.846023537797524	6
82	2	0.05	-3.0831070165971894	6
82	3	0.05	-7.875767379829822	6
82	4	0.05	-3.7054095295312734	6
82	5	0.05	-7.644604272239465	6
82	7	0.05	-7.820376684989092	6
82	8	0.05	-7.901855298578561	6
82	9	0.05	-6.035411916247065	6
83	0	0.05	-7.753687137354993	4
83	1	0.05	-7.699186862119195	4
83	2	0.05	-2.4283789841977383	4
83	3	0.05	-7.6608851509609694	4
83	5	0.05	-6.092650016140204	4
83	6	0.05	-4.9906505487627015	4
83	7	0.05	-7.114690471075744	4
83	8	0.05	-7.7468514248422125	4
83	9	0.05	-6.3232599315676135	4
84	0	0.05	-4.198077681961144	4
84	1	0.05	-3.3514378697533758	4
84	2	0.05	-4.101617644829795	4
84	3	0.05	-3.682116989386663	4
84	5	0.05	-4.1976707054486875	4
84	6	0.05	-2.88543178420424	4
84	7	0.05	-3.6736962636410033	4
84	8	0.05	0.3497586825968898	4
84	9	0.05	1.9196980250675453	4
85	0	0.05	0.16647982827658664	2
85	1	0.05	-1.4725421989240524	2
85	3	0.05	2.2627878039475493	2
85	4	0.05	-1.4978611854518125	2
85	5	0.05	-1.5129073842262217	2
85	6	0.05	-1.5516981515359354	2
85	7	0.05	5.837267434995762	2
85	8	0.05	3.2605291399241483	2
85	9	0.05	-0.480391711992273	2
86	0	0.05	-0.9917950619472813	8
86	1	0.05	-0.8787145888470232	8
86	2	0.05	0.7430114403337204	8
86	3	0.05	5.907499807480587	8
86	4	0.05	3.767564575188817	8
86	5	0.05	5.2471006553327975	8
86	6	0.05	3.266116209671883	8
86	7	0.05	-0.8590236098990859	8
86	9	0.05	4.560711852711831	8
87	0	0.05	-7.356510082741374	7
87	1	0.05	-7.284761475363976	7
87	2	0.05	-7.15985514562778	7
87	3	0.05	-0.6029232249855235	7
87	4	0.05	-2.3296368843596094	7
87	5	0.05	-6.750598767988991	7
87	6	0.05	-7.181046464130927	7
87	8	0.05	-7.256019132491425	7
87	9	0.05	-7.119830110076977	7
88	0	0.05	-7.164891517204077	8
88	1	0.05	-7.169439360322346	8
88	2	0.05	-4.029708534273953	8
88	3	0.05	-6.598346468855092	8
88	4	0.05	-7.25712984052849	8
88	5	0.05	-3.720676079411396	8
88	6	0.05	-5.724704822162082	8
88	7	0.05	-7.189701789455357	8
88	9	0.05	-7.229395748429008	8
89	0	0.05	0.14576467122590106	3
89	1	0.05	-1.092771336226141	3
89	2	0.05	-1.5537955554153409	3
89	4	0.05	-1.306732530587864	3
89	5	0.05	5.249202008602637	3
89	6	0.05	-1.6714780123685178	3
89	7	0.05	-1.6264348356265503	3
89	8	0.05	0.31357988501059153	3
89	9	0.05	1.4619861935363256	3
90	1	0.05	-7.684999318657553	0
90	2	0.05	-7.6098365616989545	0
90	3	0.05	-7.55780757281451	0
90	4	0.05	-7.761578663314163	0
90	5	0.05	-7.103986864873078	0
90	6	0.05	-7.424300342498833	0
90	7	0.05	-7.614129312093586	0
90	8	0.05	-7.802758264219449	0
90	9	0.05	-4.989019474633107	0
91	0	0.05	-7.864601226924314	9
91	1	0.05	-7.793921530026594	9
91	2	0.05	-7.796980950124103	9
91	3	0.05	-6.740623074498295	9
91	4	0.05	-7.087011243087644	9
91	5	0.05	-7.039747863646161	9
91	6	0.05	-7.8059613267900945	9
91	7	0.05	-7.710052623335489	9
91	8	0.05	-7.825777624958805	9
92	1	0.05	-4.588395083725273	0
92	2	0.05	0.21942532576882565	0
92	3	0.05	-4.443316339738169	0
92	4	0.05	-4.66314849695433	0
92	5	0.05	2.698868067685086	0
92	6	0.05	-0.12697788496389312	0
92	7	0.05	-4.435005665686301	0
92	8	0.05	-2.35699607020125	0
92	9	0.05	-4.537425953465399	0
93	0	0.05	-3.1146557699344855	1
93	2	0.05	-2.954166875090833	1
93	3	0.05	3.0312108379446223	1
93	4	0.05	-0.16842918895540446	1
93	5	0.05	-0.8386520902696735	1
93	6	0.05	-2.0345201454333224	1
93	7	0.05	-1.8785563525685964	1
93	8	0.05	2.6612285343260322	1
93	9	0.05	-2.758630798625045	1
94	0	0.05	-2.014629493969112	1
94	2	0.05	-1.8483139212674868	1
94	3	0.05	3.2723030453513484	1
94	4	0.05	2.0988843505568306	1
94	5	0.05	0.7584217661778794	1
94	6	0.05	3.1061621739191825	1
94	7	0.05	0.07137670516503584	1
94	8	0.05	3.252567172566377	1
94	9	0.05	0.9625391837248697	1
95	0	0.05	-7.462045889101183	9
95	1	0.05	-5.71938005233435	9
95	2	0.05	-7.374149596025059	9
95	3	0.05	-1.331067433743963	9
95	4	0.05	-7.399053027906491	9
95	5	0.05	0.047516680874647554	9
95	6	0.05	-7.43303963956261	9
95	7	0.05	-0.35098785689632167	9
95	8	0.05	-7.44977030471396	9
96	0	0.05	-4.540533288029211	4
96	1	0.05	-4.269330927964829	4
96	2	0.05	-4.458964673651575	4
96	3	0.05	-4.418031578668375	4
96	5	0.05	-4.547168706625695	4
96	6	0.05	-3.2522636172224155	4
96	7	0.05	-4.4089598234420775	4
96	8	0.05	-4.157183033146489	4
96	9	0.05	2.580081998292049	4
97	0	0.05	-3.8258599267196867	5
97	1	0.05	-3.3947224537674505	5
97	2	0.05	-5.151547320855325	5
97	3	0.05	2.0715382318803703	5
97	4	0.05	-3.776112497446938	5
97	6	0.05	-4.286592316553619	5
97	7	0.05	-4.938836231580132	5
97	8	0.05	-5.064617679174912	5
97	9	0.05	-5.22454937975674	5
98	0	0.05	-0.1618165788019533	9
98	1	0.05	-0.28472388516701397	9
98	2	0.05	3.133703054025908	9
98	3	0.05	3.964320008280443	9
98	4	0.05	5.434251692350179	9
98	5	0.05	6.1990711304870265	9
98	6	0.05	4.374913833860767	9
98	7	0.05	5.0527541505052636	9
98	8	0.05	-0.35119632681733665	9
100	0	0.05	-6.844437608998183	6
100	1	0.05	-6.364279451109716	6
100	2	0.05	-3.5823176608567944	6
100	3	0.05	-6.739051810651118	6
100	4	0.05	-4.882168560555877	6
100	5	0.05	-0.1735033069694923	6
100	7	0.05	-6.745051966540885	6
100	8	0.05	-1.00266698260404	6
100	9	0.05	-5.8380274434594535	6
101	0	0.05	-3.793216659012481	6
101	1	0.05	-3.6164502950033404	6
101	2	0.05	-2.7506290960658077	6
101	3	0.05	-0.4432411277679843	6
101	4	0.05	-0.9382847097738456	6
101	5	0.05	3.712799934780233	6
101	7	0.05	-3.730457852385132	6
101	8	0.05	2.671275932416464	6
101	9	0.05	-2.253422273874146	6
102	1	0.05	-7.678343719849685	0
102	2	0.05	-3.7175975438218702	0
102	3	0.05	-7.556671045727454	0
102	4	0.05	-7.7609533419828445	0
102	5	0.05	-7.7466625776569025	0
102	6	0.05	-6.60986102346585	0
102	7	0.05	-7.613284451822981	0
102	8	0.05	-7.7996999641957245	0
102	9	0.05	-7.60971492912454	0
103	0	0.05	-6.213418209004471	7
103	1	0.05	-6.1754576959081	7
103	2	0.05	-6.147109239324616	7
103	3	0.05	-1.6567861169057903	7
103	4	0.05	-6.1817594444747	7
103	5	0.05	0.05618278679039455	7
103	6	0.05	-5.972067549721445	7
103	8	0.05	-6.2198294578657025	7
103	9	0.05	0.5525388836457854	7
105	0	0.05	-0.5118751115398319	8
105	1	0.05	-0.2466005446002736	8
105	2	0.05	0.6931854039621262	8
105	3	0.05	7.015683530074704	8
105	4	0.05	0.5450632789775679	8
105	5	0.05	-0.4086955198199889	8
105	6	0.05	-0.4741245958792377	8
105	7	0.05	3.374859084852353	8
105	9	0.05	3.748080367722401	8
106	0	0.05	0.44945509961227326	4
106	1	0.05	-1.7601490942256972	4
106	2	0.05	2.852324215716589	4
106	3	0.05	-1.4523966911486321	4
106	5	0.05	-1.4619517601240575	4
106	6	0.05	3.8029528922989044	4
106	7	0.05	-1.717703650029846	4
106	8	0.05	1.072949935837841	4
106	9	0.05	1.636775030782157	4
107	0	0.05	-3.143377702617757	8
107	1	0.05	-3.1962129921081597	8
107	2	0.05	1.6020185434806469	8
107	3	0.05	4.00989126445937	8
107	4	0.05	-3.2738992377156366	8
107	5	0.05	-1.1235293569271099	8
107	6	0.05	-3.268570364671106	8
107	7	0.05	0.8725531466800959	8
107	9	0.05	-2.348047206098473	8
109	0	0.05	-0.7960339844972498	1
109	2	0.05	0.338393215823783	1
109	3	0.05	4.8546675105000645	1
109	4	0.05	0.996365294018072	1
109	5	0.05	3.2225142970381038	1
109	6	0.05	1.4464211700830534	1
109	7	0.05	-0.6874970304291084	1
109	8	0.05	5.759674697059267	1
109	9	0.05	0.38902111120701865	1
110	0	0.05	-0.07916819198981781	8
110	1	0.05	0.01776519438645873	8
110	2	0.05	6.106150479829751	8
110	3	0.05	3.6070798986152806	8
110	4	0.05	0.8184850593326235	8
110	5	0.05	7.425334627244522	8
110	6	0.05	0.7598108035936024	8
110	7	0.05	0.06474215521678217	8
110	9	0.05	4.512745536526317	8
111	1	0.05	-7.625019712107659	0
111	2	0.05	-5.573630748638385	0
111	3	0.05	-6.00864040091327	0
111	4	0.05	-5.684844191859152	0
111	5	0.05	0.1640749416201619	0
111	6	0.05	-1.8418658526372411	0
111	7	0.05	-7.5809029924186815	0
111	8	0.05	-2.53794033036456	0
111	9	0.05	-4.8828348558838135	0
112	0	0.05	-6.0656770535369695	2
112	1	0.05	-7.158289138406415	2
112	3	0.05	-0.31522253686213864	2
112	4	0.05	-7.230141124829129	2
112	5	0.05	-7.242872093676305	2
112	6	0.05	-7.059926395065652	2
112	7	0.05	-7.194597896357364	2
112	8	0.05	0.5517705823845489	2
112	9	0.05	-6.369968437121842	2
113	0	0.05	0.12389276569588072	9
114	0	0.05	-3.8324077126648524	1
114	2	0.05	-0.5471353836613696	1
114	3	0.05	-2.388560818921574	1
114	4	0.05	-2.505988099169375	1
114	5	0.05	-3.8410598863039005	1
114	6	0.05	1.0161225344075304	1
114	7	0.05	-3.7270916309471898	1
114	8	0.05	-0.6243174138109692	1
114	9	0.05	-3.7145726756956323	1
115	1	0.05	-6.571477328064081	0
115	2	0.05	-3.436980756598549	0
115	3	0.05	-6.359871873264685	0
115	4	0.05	-6.644776440245086	0
115	5	0.05	0.7867177394865446	0
115	6	0.05	-6.482894092632275	0
115	7	0.05	-6.508715920330434	0
115	8	0.05	-6.6745460867699755	0
115	9	0.05	-2.482944545888977	0
116	0	0.05	-1.9183709536356846	3
116	1	0.05	-1.8118448499968318	3
116	2	0.05	2.4887473151389985	3
116	4	0.05	-1.8687706114100802	3
116	5	0.05	4.358593114197057	3
116	6	0.05	-1.8252765004913591	3
116	7	0.05	-1.6573999658585605	3
116	8	0.05	-1.8969637961408317	3
116	9	0.05	1.391725476173661	3
117	0	0.05	-4.638092263693897	9
117	1	0.05	-4.558426665052237	9
117	2	0.05	-3.93603335048707	9
117	3	0.05	1.847336872919174	9
117	4	0.05	-2.6405238241783175	9
117	5	0.05	-3.4247123404198234	9
117	6	0.05	-3.272819238106109	9
117	7	0.05	-4.137433142714957	9
117	8	0.05	-3.2516239435677132	9
118	0	0.05	-5.087014424404948	7
118	1	0.05	-5.853845492785375	7
118	2	0.05	-4.740651663637207	7
118	3	0.05	-3.3700263476126233	7
118	4	0.05	-5.847747626074604	7
118	5	0.05	-1.7117209172396	7
118	6	0.05	-5.910023655895685	7
118	8	0.05	-5.548005339667782	7
118	9	0.05	-1.9543621347141846	7
119	1	0.05	-7.683439749561425	0
119	2	0.05	-6.81287660235916	0
119	3	0.05	-7.554744997950125	0
119	4	0.05	-7.765210153944641	0
119	5	0.05	-7.6902487657806295	0
119	6	0.05	-7.510366600492174	0
119	7	0.05	-7.615149338302945	0
119	8	0.05	-7.801346463077502	0
119	9	0.05	-7.031461772533542	0
120	0	0.05	-7.680883508499212	4
120	1	0.05	-7.712766023096261	4
120	2	0.05	-7.657487270632706	4
120	3	0.05	-7.657815691922185	4
120	5	0.05	-7.8281138954139555	4
120	6	0.05	-4.680099147722578	4
120	7	0.05	-2.7648232576520835	4
120	8	0.05	-7.748864715213808	4
120	9	0.05	-2.178085698575543	4
121	0	0.05	-2.839092350764856	9
121	1	0.05	-2.768350252822686	9
121	2	0.05	-2.530853636452521	9
121	3	0.05	-2.5293332726172624	9
121	4	0.05	0.9963879114102223	9
121	5	0.05	-2.552313086933309	9
121	6	0.05	-0.7782870282652655	9
121	7	0.05	-2.6983616529497296	9
121	8	0.05	-2.0302437642085907	9
122	0	0.05	-7.694403550598068	6
122	1	0.05	-7.600084812025057	6
122	2	0.05	-0.49899134841963716	6
122	3	0.05	-7.59406404597072	6
122	4	0.05	-7.507738437718944	6
122	5	0.05	-7.470381602702241	6
122	7	0.05	-7.603674726889528	6
122	8	0.05	-2.258800186353516	6
122	9	0.05	-7.6060296028926	6
123	0	0.05	-0.1680525342379362	8
123	1	0.05	-0.49723792968353814	8
123	2	0.05	-0.026234266985041967	8
123	3	0.05	2.4741869819972964	8
123	4	0.05	0.20397121956669403	8
123	5	0.05	0.4129848541624917	8
123	6	0.05	4.733790988121493	8
123	7	0.05	5.215536491456258	8
123	9	0.05	4.53520723143143	8
124	0	0.05	-1.4095372123083945	9
124	1	0.05	-1.2402053079693176	9
124	2	0.05	-1.2851419472217915	9
124	3	0.05	4.548055299591979	9
124	4	0.05	1.1969289990510799	9
124	5	0.05	3.5951248734200645	9
124	6	0.05	1.1557055599450479	9
124	7	0.05	1.280182918035152	9
124	8	0.05	4.839893865344119	9
125	0	0.05	-7.305818328545845	3
125	1	0.05	-7.206346214592179	3
125	2	0.05	-7.174932268892101	3
125	4	0.05	-7.253823864684962	3
125	5	0.05	-0.7167157997756888	3
125	6	0.05	-7.274146213825796	3
125	7	0.05	-3.032485751389975	3
125	8	0.05	-7.282098335738103	3
125	9	0.05	-4.384517587701286	3
126	0	0.05	4.38674108819652	5
126	1	0.05	3.57572291470472	5
126	2	0.05	1.92532378788139	5
126	3	0.05	6.958190100413558	5
126	4	0.05	6.478165575922959	5
126	6	0.05	6.194608261240361	5
126	7	0.05	0.2120347014947232	5
126	8	0.05	2.3758598529003874	5
126	9	0.05	3.6499481512972967	5
127	0	0.05	-0.3810322241171762	4
127	1	0.05	-0.28802193839907625	4
127	2	0.05	3.8702485492350704	4
127	3	0.05	2.98320492296681	4
127	5	0.05	0.717235585643294	4
127	6	0.05	6.942726507808935	4
127	7	0.05	2.912957046055641	4
127	8	0.05	0.10444405896082598	4
127	9	0.05	5.080161173357949	4
128	0	0.05	-6.596053934581732	3
128	1	0.05	-6.47435419766082	3
128	2	0.05	-6.400487572556021	3
128	4	0.05	-6.548811939118856	3
128	5	0.05	-4.649801346312813	3
128	6	0.05	-6.576855586242456	3
128	7	0.05	-6.47388449606481	3
128	8	0.05	-4.797607666535979	3
128	9	0.05	-0.5436981175526122	3
129	0	0.05	-1.5133108725957471	2
129	1	0.05	1.6380279760851744	2
129	3	0.05	1.7007299842277843	2
129	4	0.05	-4.097015992061008	2
129	5	0.05	-4.141546454484238	2
129	6	0.05	-1.1445099735771753	2
129	7	0.05	-4.029006695327938	2
129	8	0.05	-0.6838674048824775	2
129	9	0.05	-4.0581543542947465	2
130	0	0.05	0.5449968285264952	2
130	1	0.05	-0.3957172781904191	2
130	3	0.05	5.5390873229645	2
130	4	0.05	-0.5206280337471729	2
130	5	0.05	1.7321692570544576	2
130	6	0.05	-0.4879997660464344	2
130	7	0.05	-0.46030230301169206	2
130	8	0.05	7.264515336535364	2
130	9	0.05	-0.4105698811576645	2
131	0	0.05	-7.776132496607823	4
131	1	0.05	-7.721474253553047	4
131	2	0.05	-7.697395024325813	4
131	3	0.05	-7.629324425370731	4
131	5	0.05	-7.489586666864911	4
131	6	0.05	-6.739621665900106	4
131	7	0.05	-3.8405483729608987	4
131	8	0.05	-7.760145498048474	4
131	9	0.05	-4.370560175506338	4
132	1	0.05	-6.46733976342199	0
132	2	0.05	-1.2795155890617171	0
132	3	0.05	-6.342044091991872	0
132	4	0.05	-6.5316871588082925	0
132	5	0.05	-6.358569641628767	0
132	6	0.05	-4.258304354397373	0
132	7	0.05	-6.386045338719352	0
132	8	0.05	-6.570001593814344	0
132	9	0.05	-6.000047513627874	0
133	0	0.05	-7.744975289416985	3
133	1	0.05	-7.213340263759748	3
133	2	0.05	-5.632651806408782	3
133	4	0.05	-3.9556844290255624	3
133	5	0.05	-1.1776050990727636	3
133	6	0.05	-7.365923994134591	3
133	7	0.05	-7.644016607491241	3
133	8	0.05	-7.723116245701891	3
133	9	0.05	-7.681572733129124	3
134	0	0.05	4.6351991950854305	2
134	1	0.05	-0.97808713611423	2
134	3	0.05	4.786959727389915	2
134	4	0.05	-0.900564086114185	2
134	5	0.05	-1.0701474670692217	2
134	6	0.05	5.6341726666787	2
134	7	0.05	-0.948798151453774	2
134	8	0.05	-1.0735825843507445	2
134	9	0.05	-0.9741028665512648	2
135	0	0.05	-7.752419907936267	3
135	1	0.05	-6.96379656153501	3
135	2	0.05	-7.571485314027029	3
135	4	0.05	-6.8951314289130545	3
135	5	0.05	-4.122035913877641	3
135	6	0.05	-7.705698629581388	3
135	7	0.05	-7.647282209557555	3
135	8	0.05	-7.65733917734727	3
135	9	0.05	-7.4702767651555755	3
136	0	0.05	-0.5448231922855253	5
136	1	0.05	-1.3634154930775482	5
136	2	0.05	3.5618730326425068	5
136	3	0.05	5.832114908997111	5
136	4	0.05	0.6850699683978217	5
136	6	0.05	-1.4381937881551605	5
136	7	0.05	3.8842678295577224	5
136	8	0.05	5.3892734854085536	5
136	9	0.05	0.26129651244456337	5
137	0	0.05	-2.2172514201687834	1
137	2	0.05	0.2935608385862837	1
137	3	0.05	0.7608896345298986	1
137	4	0.05	-1.5429144327620177	1
137	5	0.05	0.7150748633126006	1
137	6	0.05	2.2385798776573025	1
137	7	0.05	-2.072373137556528	1
137	8	0.05	3.184226721913012	1
137	9	0.05	-1.9330194789990447	1
138	0	0.05	-1.2300906511322176	1
138	2	0.05	-1.0826580463565803	1
138	3	0.05	4.258888062916023	1
138	4	0.05	4.395285360749823	1
138	5	0.05	0.14071859766832623	1
138	6	0.05	2.2189001641662345	1
138	7	0.05	2.8902204287915083	1
138	8	0.05	0.06890660119516376	1
138	9	0.05	4.888180026897001	1
139	0	0.05	-7.838986500155713	2
139	1	0.05	-2.351728261142223	2
139	3	0.05	-0.34345545537085015	2
139	4	0.05	-7.831266918747707	2
139	5	0.05	-7.840501557933971	2
139	6	0.05	-7.698231993482813	2
139	7	0.05	-7.752228257522656	2
139	8	0.05	-3.919966426138163	2
139	9	0.05	-7.783422260309237	2
140	0	0.05	-7.779354436812102	4
140	1	0.05	-7.728916505653476	4
140	2	0.05	-7.692116709774036	4
140	3	0.05	-7.680494491041203	4
140	5	0.05	-7.621829000557009	4
140	6	0.05	-5.712187604996201	4
140	7	0.05	-2.600798570176117	4
140	8	0.05	-7.575031709684	4
140	9	0.05	-5.428670963449534	4
141	0	0.05	-3.140901677668795	8
141	1	0.05	-3.014558598639941	8
141	2	0.05	-0.16937499413468238	8
141	3	0.05	-0.6157244511094744	8
141	4	0.05	-3.094925751939671	8
141	5	0.05	-2.933869770017206	8
141	6	0.05	3.124941399642865	8
141	7	0.05	-3.017579207068004	8
141	9	0.05	-0.2775337161997761	8
142	0	0.05	-4.620137037558688	2
142	1	0.05	-5.866561134487722	2
142	3	0.05	0.4334166784250847	2
142	4	0.05	-6.053635190913571	2
142	5	0.05	-6.096429602269946	2
142	6	0.05	0.2288655683210642	2
142	7	0.05	-5.996734636845361	2
142	8	0.05	0.6417095682954509	2
142	9	0.05	-4.564432482045207	2
143	0	0.05	-5.468535074567553	2
143	1	0.05	-7.770750111394682	2
143	3	0.05	-1.008660954859444	2
143	4	0.05	-7.642108413695647	2
143	5	0.05	-7.874924117416303	2
143	6	0.05	-5.116784769759551	2
143	7	0.05	-7.669878697178709	2
143	8	0.05	-7.784311332620874	2
143	9	0.05	-7.777933134399419	2
144	0	0.05	-7.869886943703851	6
144	1	0.05	-7.829664083854898	6
144	2	0.05	-4.444846797353899	6
144	3	0.05	-7.836506328732654	6
144	4	0.05	-4.23061291601404	6
144	5	0.05	-7.951193742709359	6
144	7	0.05	-6.154455584736534	6
144	8	0.05	-7.914115575909125	6
144	9	0.05	-7.739060523846045	6
145	0	0.05	-2.027384913340455	8
145	1	0.05	-1.4288777710866867	8
145	2	0.05	4.739458060446139	8
145	3	0.05	-2.1181165772852006	8
145	4	0.05	-2.2954402681026203	8
145	5	0.05	2.3822940657077214	8
145	6	0.05	2.45403284593268	8
145	7	0.05	-2.218194959955098	8
145	9	0.05	-1.7878741500280713	8
146	0	0.05	-2.8328257949791626	6
146	1	0.05	-0.5473005114753462	6
146	2	0.05	-6.901451354643804	6
146	3	0.05	-6.322104456081395	6
146	4	0.05	-5.1599880892896195	6
146	5	0.05	0.4570940092016459	6
146	7	0.05	-7.219611892800018	6
146	8	0.05	-1.643932498888032	6
146	9	0.05	-6.866163590824965	6
147	0	0.05	-1.952360365652446	1
147	2	0.05	4.272107660396464	1
147	3	0.05	-0.7642021708718947	1
147	4	0.05	3.9017359363634085	1
147	5	0.05	3.8684759661342683	1
147	6	0.05	3.1144383858114035	1
147	7	0.05	2.8844900914198592	1
147	8	0.05	4.868112918161596	1
147	9	0.05	-1.0836361939027743	1
148	0	0.05	-0.04515891483847342	7
149	1	0.05	-7.6841196127149765	0
149	2	0.05	-7.108376118070101	0
149	3	0.05	-7.5544702494109295	0
149	4	0.05	-7.767867961430856	0
149	5	0.05	-7.742638480063027	0
149	6	0.05	-7.64391212967035	0
149	7	0.05	-7.616181970223668	0
149	8	0.05	-7.771171774375093	0
149	9	0.05	-7.613948660818558	0
150	0	0.05	6.119484615840902	6
150	1	0.05	1.5399693462828359	6
150	2	0.05	6.057334731049829	6
150	3	0.05	5.410395051913523	6
150	4	0.05	7.172568914838046	6
150	5	0.05	6.070525216116331	6
150	7	0.05	4.862701259010805	6
150	8	0.05	-0.03854499858699456	6
150	9	0.05	1.4680608413803768	6
