Img	Target_Label	Epsilon	Objective_Value	Label
1	0	0.05	-5.64730109953925	2
1	1	0.05	-5.632386990403565	2
1	3	0.05	1.5488070623662356	2
1	4	0.05	-4.752516976487554	2
1	5	0.05	-2.904001797496408	2
1	6	0.05	-2.0729423294846123	2
1	7	0.05	-3.470963814714909	2
1	8	0.05	-1.8393772121149603	2
1	9	0.05	-5.623181453785209	2
2	1	0.05	-7.620641091441112	0
2	2	0.05	-7.546276026443892	0
2	3	0.05	-7.639298221689834	0
2	4	0.05	-7.613909097414292	0
2	5	0.05	-7.7402645334340425	0
2	6	0.05	-7.530924997337844	0
2	7	0.05	-7.681483731995355	0
2	8	0.05	-7.410731052495553	0
2	9	0.05	-7.735560051485846	0
3	0	0.05	-3.491411760679488	4
3	1	0.05	-3.1242258112848877	4
3	2	0.05	-3.416164185413489	4
3	3	0.05	-3.524914996576689	4
3	5	0.05	-3.51740004678251	4
3	6	0.05	-3.433830892008048	4
3	7	0.05	-0.9800238015864116	4
3	8	0.05	-3.458470494765425	4
3	9	0.05	2.9222846203527313	4
4	0	0.05	3.8194003258864715	8
4	1	0.05	1.1877923546848357	8
4	2	0.05	5.75775542913144	8
4	3	0.05	6.7133932803887255	8
4	4	0.05	0.10880014707292629	8
4	5	0.05	6.409036827584113	8
4	6	0.05	6.158372152360381	8
4	7	0.05	2.727024683053384	8
4	9	0.05	3.4734206452640835	8
5	0	0.05	-7.627094874304364	7
5	1	0.05	-4.4847109664145055	7
5	2	0.05	-7.290071099409843	7
5	3	0.05	-5.224958894568266	7
5	4	0.05	-6.812741809968748	7
5	5	0.05	-7.625000713264607	7
5	6	0.05	-7.64434149107196	7
5	8	0.05	-7.6954166281976	7
5	9	0.05	-7.49181946836647	7
6	0	0.05	-5.802856188731528	6
6	1	0.05	-5.888472106692681	6
6	2	0.05	-5.861728540306618	6
6	3	0.05	-5.607771362828658	6
6	4	0.05	-4.759284010856708	6
6	5	0.05	-1.89087719228379	6
6	7	0.05	-5.963024842796447	6
6	8	0.05	0.44754749003121713	6
6	9	0.05	-2.470968397041977	6
7	1	0.05	-7.620450196267857	0
7	2	0.05	-7.548090697392251	0
7	3	0.05	-7.631218015932032	0
7	4	0.05	-7.668167851730523	0
7	5	0.05	-7.325007797209343	0
7	6	0.05	-7.5376063147438135	0
7	7	0.05	-7.680206680521401	0
7	8	0.05	-7.659330673993039	0
7	9	0.05	-7.739871205289414	0
8	0	0.05	-5.2539486351038525	6
8	1	0.05	-5.247493325079406	6
8	2	0.05	-5.216216990569086	6
8	3	0.05	-5.233032850672974	6
8	4	0.05	-5.164152230223424	6
8	5	0.05	0.37193954730420536	6
8	7	0.05	-5.314747928202772	6
8	8	0.05	1.2248852264967414	6
8	9	0.05	-5.3609758353414545	6
9	0	0.05	-0.04027715012848879	3
9	1	0.05	3.864863427870264	3
9	2	0.05	3.270239120672155	3
9	4	0.05	-0.05336228666009153	3
9	5	0.05	5.863805375524401	3
9	6	0.05	0.24766680860088935	3
9	7	0.05	-0.10792488154237218	3
9	8	0.05	6.897923932168805	3
9	9	0.05	-0.14729763219100764	3
10	0	0.05	-5.507254033325449	1
10	2	0.05	0.9411931235792804	1
10	3	0.05	-5.19497659757098	1
10	4	0.05	-3.7874132421018194	1
10	5	0.05	-2.3448910660581572	1
10	6	0.05	-4.19365420952576	1
10	7	0.05	0.4535960728892435	1
10	8	0.05	-0.8622288450967643	1
10	9	0.05	-5.57798913963984	1
11	0	0.05	-1.4667499635573924	8
11	1	0.05	-1.454737528648363	8
11	2	0.05	3.1484416738649044	8
11	3	0.05	-1.4800371469331313	8
11	4	0.05	1.8323223984275587	8
11	5	0.05	3.215446861925692	8
11	6	0.05	5.745931228351766	8
11	7	0.05	-1.5443809709461231	8
11	9	0.05	3.51786619756866	8
12	1	0.05	-7.611768460485364	0
12	2	0.05	-7.452152847783897	0
12	3	0.05	-7.556387553362898	0
12	4	0.05	-7.570660662803104	0
12	5	0.05	-7.721930886757386	0
12	6	0.05	-7.119618650170254	0
12	7	0.05	-7.674630225445534	0
12	8	0.05	-6.439513886329842	0
12	9	0.05	-5.526958980795834	0
13	0	0.05	-5.8279132347286104	7
13	1	0.05	-5.867099446002034	7
13	2	0.05	-2.1119537031626168	7
13	3	0.05	-2.1531632489555395	7
13	4	0.05	-5.9482743298425005	7
13	5	0.05	-3.2858035612881236	7
13	6	0.05	-5.952479077510827	7
13	8	0.05	-5.9925633245225125	7
13	9	0.05	0.02536935176009853	7
14	0	0.05	-4.823164757218951	9
14	1	0.05	-4.752504281056783	9
14	2	0.05	-4.745327542240519	9
14	3	0.05	-3.1611172926938202	9
14	4	0.05	-2.2302439578633577	9
14	5	0.05	-4.818195927695378	9
14	6	0.05	-4.845446947675775	9
14	7	0.05	0.6171366062051711	9
14	8	0.05	-0.9783571421460353	9
15	0	0.05	-7.668075585440193	8
15	1	0.05	-7.6338733409393775	8
15	2	0.05	-3.417018451295136	8
15	3	0.05	-6.6411955439121	8
15	4	0.05	-7.656772703265267	8
15	5	0.05	-5.35298825283389	8
15	6	0.05	-7.655423211493408	8
15	7	0.05	-4.589271952823158	8
15	9	0.05	-0.07897285604692669	8
16	0	0.05	0.2172408288763793	4
16	1	0.05	-2.730652334415831	4
16	2	0.05	-1.8325201178353843	4
16	3	0.05	-2.815412921290385	4
16	5	0.05	-2.8525274682932125	4
16	6	0.05	-2.6506299028668567	4
16	7	0.05	-2.832397077800655	4
16	8	0.05	2.1859893410763154	4
16	9	0.05	-2.292725159261438	4
17	0	0.05	-1.5092073082634179	5
17	1	0.05	-7.395048354179289	5
17	2	0.05	-7.366393204816625	5
17	3	0.05	-1.51720292985835	5
17	4	0.05	-5.432360498107686	5
17	6	0.05	-6.398653823775298	5
17	7	0.05	-6.8216482309956605	5
17	8	0.05	-6.9124220785476105	5
17	9	0.05	-5.169942803812908	5
18	0	0.05	0.17039974389923218	3
18	1	0.05	1.3131526839172871	3
18	2	0.05	-1.101695401420691	3
18	4	0.05	0.7523586670232564	3
18	5	0.05	5.061023096447791	3
18	6	0.05	-0.9901506523918805	3
18	7	0.05	-1.2938087479372034	3
18	8	0.05	-0.03666678693994883	3
18	9	0.05	4.420320756368993	3
19	0	0.05	-2.179122382348158	4
19	1	0.05	0.4044475343808088	4
19	2	0.05	-2.10383405196855	4
19	3	0.05	2.405535443170998	4
19	5	0.05	-2.044328345357867	4
19	6	0.05	-2.180005393247373	4
19	7	0.05	2.2466911560773166	4
19	8	0.05	-2.109297007877966	4
19	9	0.05	4.250563914665596	4
20	1	0.05	-0.7797217838011792	0
20	2	0.05	-0.14614605873031805	0
20	3	0.05	-0.763453700031256	0
20	4	0.05	0.2195998723876056	0
20	5	0.05	2.647938932499354	0
20	6	0.05	-0.7035460202708649	0
20	7	0.05	4.910750560755865	0
20	8	0.05	4.5104104740420645	0
20	9	0.05	4.957513288037725	0
21	0	0.05	1.3409665168458285	6
21	1	0.05	-0.852771245224374	6
21	2	0.05	0.8654746835041934	6
21	3	0.05	0.5244241556654822	6
21	4	0.05	4.44990471305004	6
21	5	0.05	2.6952886955883844	6
21	7	0.05	4.364096637038665	6
21	8	0.05	2.0106247922690645	6
21	9	0.05	1.7661236825939661	6
22	0	0.05	-3.4393255237397065	6
22	1	0.05	-3.33647198486293	6
22	2	0.05	1.274249043117459	6
22	3	0.05	-0.03788413790346022	6
22	4	0.05	2.5266612255543333	6
22	5	0.05	2.175079818925333	6
22	7	0.05	1.2110675035545742	6
22	8	0.05	2.616265459465814	6
22	9	0.05	-2.288435002069285	6
23	0	0.05	-0.023784024399743527	3
23	1	0.05	2.861686617691606	3
23	2	0.05	5.821688772112541	3
23	4	0.05	-0.6419552345624501	3
23	5	0.05	6.0207358827684265	3
23	6	0.05	-0.16062547567080226	3
23	7	0.05	-0.6727338692508976	3
23	8	0.05	-0.6012512458607348	3
23	9	0.05	-0.7218589488026981	3
24	1	0.05	-3.739314482380932	0
24	2	0.05	-1.5259790636563033	0
24	3	0.05	-3.7180628512574607	0
24	4	0.05	-3.425126893037922	0
24	5	0.05	-1.1635834065385318	0
24	6	0.05	-1.1422628418248255	0
24	7	0.05	-3.806059824980409	0
24	8	0.05	-3.727760497362545	0
24	9	0.05	-3.5741900539363	0
25	0	0.05	-7.6707442661988665	2
25	1	0.05	-7.02954925951004	2
25	3	0.05	-5.129837204055362	2
25	4	0.05	-7.690586644823559	2
25	5	0.05	-7.7528982017348405	2
25	6	0.05	-7.567497423957372	2
25	7	0.05	-7.789250339304915	2
25	8	0.05	-7.683583203120074	2
25	9	0.05	-7.808771564941444	2
26	0	0.05	-7.955716982104179	3
26	1	0.05	-7.912681764221231	3
26	2	0.05	-7.386978105783244	3
26	4	0.05	-7.978048848548928	3
26	5	0.05	-8.002122414912405	3
26	6	0.05	-7.951062302923058	3
26	7	0.05	-8.03173176417981	3
26	8	0.05	-7.9361306757567744	3
26	9	0.05	-8.041410030614266	3
27	0	0.05	0.49457735356206756	6
27	1	0.05	4.605736549060789	6
27	2	0.05	4.594325661319913	6
27	3	0.05	1.2009843777141458	6
27	4	0.05	5.669782946611223	6
27	5	0.05	6.428547278556955	6
27	7	0.05	3.9396510055480123	6
27	8	0.05	5.650407055641705	6
27	9	0.05	-0.3022552595470174	6
28	0	0.05	-4.528516266192537	6
28	1	0.05	-4.519483559318011	6
28	2	0.05	1.5594446095785317	6
28	3	0.05	-4.243350981899386	6
28	4	0.05	-3.951606886592729	6
28	5	0.05	0.2817960671734397	6
28	7	0.05	-4.609696272126669	6
28	8	0.05	-1.3306167795333987	6
28	9	0.05	-4.628507751349881	6
29	0	0.05	-7.611786142500633	7
29	1	0.05	-7.497236933418316	7
29	2	0.05	-7.427983891256906	7
29	3	0.05	-7.609300428829213	7
29	4	0.05	-7.591840127759017	7
29	5	0.05	-4.301600771870979	7
29	6	0.05	-7.603483634062357	7
29	8	0.05	-3.9969714028398866	7
29	9	0.05	-7.546410271748549	7
30	0	0.05	-6.30583207468116	4
30	1	0.05	-6.988034967391086	4
30	2	0.05	-5.0318233211139685	4
30	3	0.05	-4.200576005391378	4
30	5	0.05	-3.1487735056643587	4
30	6	0.05	-6.404180186744614	4
30	7	0.05	-1.695340374061185	4
30	8	0.05	-7.150466501077385	4
30	9	0.05	-2.261314084911017	4
32	0	0.05	-7.9645686192585625	3
32	1	0.05	-7.915442705182711	3
32	2	0.05	-7.7819950018028585	3
32	4	0.05	-7.984101839582487	3
32	5	0.05	-7.919867111716546	3
32	6	0.05	-7.97469036878341	3
32	7	0.05	-7.976980916907194	3
32	8	0.05	-7.956626462185332	3
32	9	0.05	-8.04299219379352	3
33	0	0.05	-0.594087774718658	8
33	1	0.05	-0.5423198035228673	8
33	2	0.05	5.128456804226927	8
33	3	0.05	0.5415273040796847	8
33	4	0.05	0.04325199915513743	8
33	5	0.05	-0.15570231499752385	8
33	6	0.05	-0.5676328863619756	8
33	7	0.05	-0.6967372498741787	8
33	9	0.05	0.58092407508856	8
35	0	0.05	-7.428075280324352	5
35	1	0.05	-7.421814296166818	5
35	2	0.05	-7.406440775325058	5
35	3	0.05	-7.1611679244009805	5
35	4	0.05	-7.444748690318335	5
35	6	0.05	-6.737461433316911	5
35	7	0.05	-7.487996273266606	5
35	8	0.05	-7.362029366714036	5
35	9	0.05	-7.073772413819041	5
36	0	0.05	-1.940485564549731	4
36	1	0.05	-1.889712911923469	4
36	2	0.05	-1.8622475311140811	4
36	3	0.05	-1.9768062475830386	4
36	5	0.05	-0.8711472855830094	4
36	6	0.05	0.7722484442085887	4
36	7	0.05	1.1999439558647145	4
36	8	0.05	3.4988577204751787	4
36	9	0.05	3.256426388639342	4
37	0	0.05	-6.8547024449722604	2
37	1	0.05	-6.843793949264782	2
37	3	0.05	-3.659890260690066	2
37	4	0.05	-6.880817321578327	2
37	5	0.05	-6.94060629571231	2
37	6	0.05	-6.843870691971267	2
37	7	0.05	-6.966201439605418	2
37	8	0.05	-6.862391993985723	2
37	9	0.05	-6.986011868433991	2
38	0	0.05	-7.418661946610897	5
38	1	0.05	-7.410877726479132	5
38	2	0.05	-6.460464189260067	5
38	3	0.05	-7.273587859093022	5
38	4	0.05	-7.436798587427229	5
38	6	0.05	-7.310864706731668	5
38	7	0.05	-7.480868378123297	5
38	8	0.05	-3.3930326223176293	5
38	9	0.05	-7.5172013894665275	5
39	0	0.05	5.6785294991135835	5
39	1	0.05	6.517801768577611	5
39	2	0.05	6.9420896905101745	5
39	3	0.05	6.670611123443953	5
39	4	0.05	7.650968381572719	5
39	6	0.05	7.61675547356705	5
39	7	0.05	5.8345661253582985	5
39	8	0.05	4.749424638490131	5
39	9	0.05	7.141563103958958	5
40	0	0.05	-0.4900337169572478	8
40	1	0.05	-0.010533394334167884	8
40	2	0.05	2.9647773882361146	8
40	3	0.05	4.0494278816842115	8
40	4	0.05	2.8010854362258333	8
40	5	0.05	6.024985069325435	8
40	6	0.05	1.675757668008171	8
40	7	0.05	-0.5673485199240972	8
40	9	0.05	0.7622383783558843	8
41	0	0.05	-7.426889903966735	5
41	1	0.05	-7.42143546460783	5
41	2	0.05	-7.405338010364847	5
41	3	0.05	-6.9649728782606966	5
41	4	0.05	-7.443144899547684	5
41	6	0.05	-7.325439124589833	5
41	7	0.05	-7.417627267745986	5
41	8	0.05	-6.922170757678856	5
41	9	0.05	-1.37844779415482	5
42	0	0.05	-7.622131551978598	2
42	1	0.05	-7.614314494297668	2
42	3	0.05	0.24163494419763065	2
42	4	0.05	-7.654021028571996	2
42	5	0.05	-7.651056535637744	2
42	6	0.05	-7.631892727259086	2
42	7	0.05	-7.224180607484912	2
42	8	0.05	-5.373236105191011	2
42	9	0.05	-7.438902283814184	2
43	0	0.05	-0.37268345519080426	9
43	1	0.05	-0.8604858020943679	9
43	2	0.05	-1.298673286087755	9
43	3	0.05	-0.461801317105177	9
43	4	0.05	6.158227512036559	9
43	5	0.05	-1.2254065316478004	9
43	6	0.05	-1.260582599730904	9
43	7	0.05	-1.409011423873516	9
43	8	0.05	-0.6344355398086196	9
44	0	0.05	1.3261078596966682	2
44	1	0.05	-5.676123603369459	2
44	3	0.05	-3.275750980876552	2
44	4	0.05	-3.7037652004325814	2
44	5	0.05	-5.779630181712984	2
44	6	0.05	1.3749904548886724	2
44	7	0.05	-1.2690344464080825	2
44	8	0.05	-5.746487781879608	2
44	9	0.05	-4.069408538685449	2
45	0	0.05	-2.926106607398029	4
45	1	0.05	-2.876424542903797	4
45	2	0.05	-1.0169494834977544	4
45	3	0.05	-2.9709499715446204	4
45	5	0.05	-0.11267654360377327	4
45	6	0.05	-2.8830684844716608	4
45	7	0.05	-2.7037336913429786	4
45	8	0.05	1.73386220142462	4
45	9	0.05	3.435880123271154	4
46	0	0.05	-7.684253789653272	2
46	1	0.05	-7.664513199261254	2
46	3	0.05	-7.24827885116179	2
46	4	0.05	-7.702734141486314	2
46	5	0.05	-7.774941247670009	2
46	6	0.05	-7.59710620323276	2
46	7	0.05	-7.800966078036545	2
46	8	0.05	-7.705682477527682	2
46	9	0.05	-7.819967664843615	2
47	0	0.05	-1.2944350411856977	7
47	1	0.05	-0.8705510195097859	7
47	2	0.05	3.127704754617149	7
47	3	0.05	5.061402725843535	7
47	4	0.05	-1.1450320170757184	7
47	5	0.05	-0.5691564288122121	7
47	6	0.05	-1.299109187500901	7
47	8	0.05	-1.1460815034422944	7
47	9	0.05	4.377395744215846	7
48	1	0.05	-7.620864858923973	0
48	2	0.05	-7.547111191167829	0
48	3	0.05	-7.636384861868393	0
48	4	0.05	-7.667400862405825	0
48	5	0.05	-7.736632367074828	0
48	6	0.05	-7.538612337248875	0
48	7	0.05	-5.65338447948248	0
48	8	0.05	-7.671353210520026	0
48	9	0.05	-7.736975175866501	0
49	0	0.05	-7.4301538892885794	5
49	1	0.05	-7.424814670482546	5
49	2	0.05	-7.405047649086433	5
49	3	0.05	-6.102777478085278	5
49	4	0.05	-7.464915503129351	5
49	6	0.05	-7.335654511697804	5
49	7	0.05	-5.965561631160175	5
49	8	0.05	-7.339641040123229	5
49	9	0.05	-5.786615048175694	5
50	0	0.05	-5.86790033012569	1
50	2	0.05	-2.2664179939317948	1
50	3	0.05	-5.669781973861448	1
50	4	0.05	-0.5501810774269947	1
50	5	0.05	-5.865256579265662	1
50	6	0.05	-5.859400284453567	1
50	7	0.05	-0.5737071202318411	1
50	8	0.05	-1.7409397256427548	1
50	9	0.05	-4.4468328731342694	1
51	1	0.05	-7.615591757415941	0
51	2	0.05	-7.537225010903716	0
51	3	0.05	-7.632440497230571	0
51	4	0.05	-7.657549311349821	0
51	5	0.05	-7.740867669836074	0
51	6	0.05	-7.5308578538998106	0
51	7	0.05	-7.683074255454859	0
51	8	0.05	-7.653530802819024	0
51	9	0.05	-7.733350321976703	0
52	0	0.05	-7.62309740545788	7
52	1	0.05	-3.845691447787682	7
52	2	0.05	-6.426433377849489	7
52	3	0.05	-4.511474697057573	7
52	4	0.05	-7.6208501433586395	7
52	5	0.05	-7.60277815539817	7
52	6	0.05	-7.650542718397556	7
52	8	0.05	-7.674762436332113	7
52	9	0.05	-6.383858289921758	7
53	0	0.05	-5.659023551096846	9
53	1	0.05	-5.586385671444579	9
53	2	0.05	-5.580610686426811	9
53	3	0.05	-5.649691663244268	9
53	4	0.05	0.4130838269088739	9
53	5	0.05	-5.605303360707371	9
53	6	0.05	-5.6564435292010415	9
53	7	0.05	0.8823692552309907	9
53	8	0.05	-5.501368848144435	9
54	0	0.05	-1.6100185324875464	9
54	1	0.05	-1.6697077381648455	9
54	2	0.05	4.943687724296588	9
54	3	0.05	-1.7706415373979263	9
54	4	0.05	4.570462613605782	9
54	5	0.05	-1.711130359358159	9
54	6	0.05	-1.6967118371441516	9
54	7	0.05	-0.894715872492761	9
54	8	0.05	-1.6482427410997882	9
55	0	0.05	-7.283568117798007	9
55	1	0.05	-7.225031017145904	9
55	2	0.05	-5.697438380891437	9
55	3	0.05	-7.355982517621015	9
55	4	0.05	-3.4896788992064955	9
55	5	0.05	-7.315797082167978	9
55	6	0.05	-7.2687635054748885	9
55	7	0.05	-5.566858279485409	9
55	8	0.05	-4.313370277053496	9
56	0	0.05	-7.149198877681479	6
56	1	0.05	-7.1262708087585755	6
56	2	0.05	-7.013481739892392	6
56	3	0.05	-6.952223277490225	6
56	4	0.05	-7.108667492369757	6
56	5	0.05	-7.284627377632366	6
56	7	0.05	-7.234717588847265	6
56	8	0.05	-7.07824253589988	6
56	9	0.05	-7.134930481421487	6
57	0	0.05	-4.677770417938555	5
57	1	0.05	-4.6707045429778296	5
57	2	0.05	-4.651837965315785	5
57	3	0.05	-2.3978530289916167	5
57	4	0.05	-4.4543423284743895	5
57	6	0.05	-4.58022302503927	5
57	7	0.05	-4.739179690391512	5
57	8	0.05	-4.541440939102568	5
57	9	0.05	1.5769552131070055	5
58	0	0.05	-7.704096638566251	8
58	1	0.05	-7.674667963725435	8
58	2	0.05	-7.468946615553849	8
58	3	0.05	-1.6315798916302673	8
58	4	0.05	-7.615354489074147	8
58	5	0.05	-7.352910777224783	8
58	6	0.05	-7.685301185543275	8
58	7	0.05	-7.75819464427018	8
58	9	0.05	-3.961329355821223	8
59	0	0.05	-3.7622139519465083	8
59	1	0.05	-3.789983007987757	8
59	2	0.05	1.4110571886806595	8
59	3	0.05	-1.7853830307068193	8
59	4	0.05	-0.965670794379681	8
59	5	0.05	-2.2891729905352944	8
59	6	0.05	-2.9843787065584126	8
59	7	0.05	-3.886569930717581	8
59	9	0.05	-3.5052295718302133	8
60	0	0.05	-7.766758580569817	6
60	1	0.05	-7.795620489110619	6
60	2	0.05	-7.548831876995301	6
60	3	0.05	-7.862417313306359	6
60	4	0.05	-6.651819361965432	6
60	5	0.05	-7.616884130404559	6
60	7	0.05	-7.9028985365423114	6
60	8	0.05	-7.206814947372645	6
60	9	0.05	-7.915798964579534	6
61	0	0.05	-1.4948087023419638	9
61	1	0.05	-1.731005324712835	9
61	2	0.05	-1.7119830470290351	9
61	3	0.05	2.358311401084435	9
61	4	0.05	0.6181062863861164	9
61	5	0.05	4.851856214592189	9
61	6	0.05	-1.3806689630129114	9
61	7	0.05	3.8612909763591343	9
61	8	0.05	-0.18709646046295525	9
62	0	0.05	2.5284568551440483	9
62	1	0.05	-0.6544861245170468	9
62	2	0.05	3.0912515127949414	9
62	3	0.05	-0.7038445177115389	9
62	4	0.05	4.828831590466979	9
62	5	0.05	-0.778066334151425	9
62	6	0.05	0.01729826751867492	9
62	7	0.05	-0.07724095117173281	9
62	8	0.05	0.22370195152810035	9
63	0	0.05	-4.706321773716942	5
63	1	0.05	1.6564297014925693	5
63	2	0.05	-4.714818904173608	5
63	3	0.05	-4.558570043366211	5
63	4	0.05	-2.407489411215331	5
63	6	0.05	-4.667536847172535	5
63	7	0.05	1.7586443428954956	5
63	8	0.05	-3.515328013702651	5
63	9	0.05	-3.908661019430123	5
64	0	0.05	-7.6217130022239665	4
64	1	0.05	-7.416882349674703	4
64	2	0.05	-7.5530427444052455	4
64	3	0.05	-7.703960514861148	4
64	5	0.05	-7.623541368254763	4
64	6	0.05	-7.497136433681739	4
64	7	0.05	-0.9192909499834458	4
64	8	0.05	-7.593395178504386	4
64	9	0.05	-2.6801138380021254	4
65	0	0.05	-2.8550562032021176	2
65	1	0.05	-3.1460486385331285	2
65	3	0.05	1.4760983320164947	2
65	4	0.05	-3.196045994097737	2
65	5	0.05	-3.252123917179921	2
65	6	0.05	-3.1634299408354436	2
65	7	0.05	-3.109851298673893	2
65	8	0.05	-3.164528792060693	2
65	9	0.05	-3.260161798412886	2
66	0	0.05	-7.829765387439495	6
66	1	0.05	-7.8109081234280024	6
66	2	0.05	-7.772397190943414	6
66	3	0.05	-7.874210497099961	6
66	4	0.05	-6.870230693886205	6
66	5	0.05	-7.431957735578931	6
66	7	0.05	-7.917067132334879	6
66	8	0.05	-7.838294382515448	6
66	9	0.05	-7.927747599125989	6
67	0	0.05	1.1261263271926163	8
67	1	0.05	-5.851427744243253	8
67	2	0.05	-5.8056338876677405	8
67	3	0.05	-2.4017764237566768	8
67	4	0.05	-5.881527892657344	8
67	5	0.05	-5.924081800641557	8
67	6	0.05	-5.856976458907208	8
67	7	0.05	-5.9255700309248756	8
67	9	0.05	-2.583154555857892	8
68	0	0.05	-0.6522205792966191	1
68	2	0.05	4.0075256473901835	1
68	3	0.05	5.237003075704358	1
68	4	0.05	3.7701392310968997	1
68	5	0.05	0.24815062699847756	1
68	6	0.05	-0.939252107796508	1
68	7	0.05	4.864136875834474	1
68	8	0.05	4.9185763881085	1
68	9	0.05	2.647476348115669	1
69	1	0.05	-2.1400824911183003	0
69	2	0.05	-2.0374909164389106	0
69	3	0.05	-2.1132932240946727	0
69	4	0.05	-1.9122346874338625	0
69	5	0.05	-1.2113493664776815	0
69	6	0.05	2.467531681154079	0
69	7	0.05	3.84658707753799	0
69	8	0.05	-2.18448432158438	0
69	9	0.05	0.2024079302219676	0
70	0	0.05	-7.827266245753344	6
70	1	0.05	-7.806702366156691	6
70	2	0.05	-7.675617038445428	6
70	3	0.05	-7.852007041363664	6
70	4	0.05	-6.986657681478043	6
70	5	0.05	-6.034652038154929	6
70	7	0.05	-7.913070811646144	6
70	8	0.05	-7.843069496851615	6
70	9	0.05	-7.927767711247654	6
71	0	0.05	-1.950862863064084	9
71	1	0.05	-1.814325046348435	9
71	2	0.05	-1.8719483674182276	9
71	3	0.05	-1.9485669568575499	9
71	4	0.05	3.934406919640193	9
71	5	0.05	4.540002184120179	9
71	6	0.05	-1.9048186263607063	9
71	7	0.05	1.4715587994479309	9
71	8	0.05	-1.9375333337182126	9
72	0	0.05	-4.127500669731607	5
72	1	0.05	-7.238942875675074	5
72	2	0.05	-6.940876891968523	5
72	3	0.05	-0.6836016585602369	5
72	4	0.05	-7.300936315743255	5
72	6	0.05	-7.172909111234287	5
72	7	0.05	-0.41113728436532093	5
72	8	0.05	-3.3317412231132058	5
72	9	0.05	-1.179159301486248	5
73	0	0.05	-6.724311382953133	5
73	1	0.05	-6.71923545861477	5
73	2	0.05	-6.702483606905416	5
73	3	0.05	-6.264050526928647	5
73	4	0.05	-6.744389859799634	5
73	6	0.05	-4.637144750797138	5
73	7	0.05	-6.78534636927004	5
73	8	0.05	-6.116122290617637	5
73	9	0.05	-4.6027356784239695	5
74	0	0.05	-7.630495503482361	4
74	1	0.05	-2.3732817549343204	4
74	2	0.05	-7.565912349992801	4
74	3	0.05	-7.676699524702622	4
74	5	0.05	-7.603421470574779	4
74	6	0.05	-3.6012096224604773	4
74	7	0.05	-1.367589918970753	4
74	8	0.05	-7.230183606071339	4
74	9	0.05	-4.368446588867101	4
75	0	0.05	-0.97376424014311	1
75	2	0.05	2.595180010522385	1
75	3	0.05	3.6195435664269993	1
75	4	0.05	4.452208861099092	1
75	5	0.05	0.7935229754860293	1
75	6	0.05	0.4286094957131591	1
75	7	0.05	5.186274468177932	1
75	8	0.05	3.36220273050796	1
75	9	0.05	0.533495376634393	1
76	0	0.05	-4.633398332624409	6
76	1	0.05	-3.4391442806779327	6
76	2	0.05	-0.5296676387492382	6
76	3	0.05	-2.0044428633017812	6
76	4	0.05	-4.634330345544811	6
76	5	0.05	-2.1418432012421778	6
76	7	0.05	-4.727726342152184	6
76	8	0.05	-3.792387130274896	6
76	9	0.05	-4.757419513050482	6
77	0	0.05	-4.948386181613599	7
77	1	0.05	-4.885590822105827	7
77	2	0.05	0.39728250582612157	7
77	3	0.05	-1.1083588792977066	7
77	4	0.05	-4.959369996483601	7
77	5	0.05	-4.967940413950675	7
77	6	0.05	-4.950037022527976	7
77	8	0.05	-4.924805303695912	7
77	9	0.05	-4.534058163484971	7
78	0	0.05	4.237298164651554	5
78	1	0.05	0.5827168347306565	5
78	2	0.05	-0.7836183501219226	5
78	3	0.05	0.1219345471847403	5
78	4	0.05	2.7010992083985665	5
78	6	0.05	1.4686995064406438	5
78	7	0.05	-0.9162205956802091	5
78	8	0.05	0.25638594881794724	5
78	9	0.05	3.5680181159553666	5
79	0	0.05	-0.9223351774545733	2
79	1	0.05	-0.8743487483926212	2
79	3	0.05	-0.8906748596924356	2
79	4	0.05	3.9507590334013156	2
79	5	0.05	4.000051746652678	2
79	6	0.05	-0.8790535036253094	2
79	7	0.05	5.594084314664992	2
79	8	0.05	-0.8855766343942495	2
79	9	0.05	-0.8689960996990451	2
80	0	0.05	-3.4918088012395576	9
80	1	0.05	-1.5208183444591226	9
80	2	0.05	-3.4116320719150854	9
80	3	0.05	-0.7111925875261238	9
80	4	0.05	3.9268396309021782	9
80	5	0.05	-3.490940767750872	9
80	6	0.05	-3.5080745581237647	9
80	7	0.05	1.5616055895634178	9
80	8	0.05	-3.4648742000901245	9
81	1	0.05	-4.002339980729298	0
81	2	0.05	1.2003567084000832	0
81	3	0.05	-4.014578968473202	0
81	4	0.05	0.104182297238188	0
81	5	0.05	-4.028768454559782	0
81	6	0.05	-1.9446840951039923	0
81	7	0.05	-4.080329037123871	0
81	8	0.05	-4.035793470245056	0
81	9	0.05	-4.1176959968332625	0
82	0	0.05	-0.3330061103587671	6
82	1	0.05	-3.061587751829272	6
82	2	0.05	-2.125300070619113	6
82	3	0.05	-3.1255662778194577	6
82	4	0.05	1.7964526524700093	6
82	5	0.05	-0.05843663281402138	6
82	7	0.05	-3.162971844976015	6
82	8	0.05	-3.071546563429038	6
82	9	0.05	-3.145699186117356	6
83	0	0.05	-7.007857066386473	4
83	1	0.05	-6.321068252696659	4
83	2	0.05	-1.5721066791237306	4
83	3	0.05	-7.050598561438125	4
83	5	0.05	-7.058384556173304	4
83	6	0.05	-3.32520930153173	4
83	7	0.05	-2.286347214822769	4
83	8	0.05	-6.253832309368301	4
83	9	0.05	-5.650829179390252	4
84	0	0.05	-7.552025219609341	4
84	1	0.05	-7.485402934592335	4
84	2	0.05	-7.319241120436721	4
84	3	0.05	-7.612948010540767	4
84	5	0.05	-6.59337042697517	4
84	6	0.05	-7.550816108898189	4
84	7	0.05	-4.574611296378889	4
84	8	0.05	-6.589626610199455	4
84	9	0.05	-3.6062031295820622	4
85	0	0.05	0.24280901380987652	2
85	1	0.05	3.189134381530085	2
85	3	0.05	2.8076044022649524	2
85	4	0.05	-1.5531986654734156	2
85	5	0.05	-1.5207539922547277	2
85	6	0.05	-1.5459469204523952	2
85	7	0.05	5.4778222086780515	2
85	8	0.05	-0.03152378449665051	2
85	9	0.05	-1.0691861907060418	2
86	0	0.05	0.6774914051220281	8
86	1	0.05	2.4466912333885595	8
86	2	0.05	3.9413958258972586	8
86	3	0.05	5.930213625393072	8
86	4	0.05	6.137948692801413	8
86	5	0.05	4.719145295531578	8
86	6	0.05	1.878859484062067	8
86	7	0.05	3.0065363598781842	8
86	9	0.05	6.335749660279025	8
87	0	0.05	-7.626579944497685	7
87	1	0.05	-5.205877551789253	7
87	2	0.05	-7.4827428971049335	7
87	3	0.05	-4.901123483366747	7
87	4	0.05	-7.615183860860136	7
87	5	0.05	-7.631825123357084	7
87	6	0.05	-7.638446341423965	7
87	8	0.05	-7.64875566200288	7
87	9	0.05	-7.561395462115771	7
88	0	0.05	-7.672682992997838	8
88	1	0.05	-7.664589451157686	8
88	2	0.05	-0.20271768299280335	8
88	3	0.05	-7.627648853204505	8
88	4	0.05	-7.694500990212442	8
88	5	0.05	-5.22769561183194	8
88	6	0.05	-7.681899115751567	8
88	7	0.05	-7.753869840646645	8
88	9	0.05	-7.80689653803306	8
89	0	0.05	-1.4571415465840005	3
89	1	0.05	0.4416138657095798	3
89	2	0.05	-1.388426938427331	3
89	4	0.05	-1.545652945632513	3
89	5	0.05	3.4878153034485484	3
89	6	0.05	-1.4913451224073928	3
89	7	0.05	-1.5781357677267451	3
89	8	0.05	-0.2893396251217724	3
89	9	0.05	4.201171378153733	3
90	1	0.05	-7.616818511995063	0
90	2	0.05	-6.871233627992633	0
90	3	0.05	-7.634629397858378	0
90	4	0.05	-7.664749858217123	0
90	5	0.05	-7.739372655631721	0
90	6	0.05	-7.5363105013096305	0
90	7	0.05	-7.683764930613955	0
90	8	0.05	-7.663386244782079	0
90	9	0.05	-7.34575728746811	0
91	0	0.05	-5.6655076877637764	9
91	1	0.05	-5.599302513123611	9
91	2	0.05	-5.602816424937848	9
91	3	0.05	-3.884472072533602	9
91	4	0.05	-4.35273773973471	9
91	5	0.05	-5.6810090435232174	9
91	6	0.05	-5.655971391993973	9
91	7	0.05	-1.4367862358424153	9
91	8	0.05	-5.593823919095665	9
92	1	0.05	-1.790244562092631	0
92	2	0.05	-2.83809880381932	0
92	3	0.05	-2.706797466997087	0
92	4	0.05	-3.5407388255547647	0
92	5	0.05	2.575053302398114	0
92	6	0.05	-1.3076750722822519	0
92	7	0.05	-4.6655588330555595	0
92	8	0.05	-0.3720086018988172	0
92	9	0.05	-4.823171526145824	0
93	0	0.05	-3.6527050352329797	1
93	2	0.05	-2.2195373230811923	1
93	3	0.05	2.6365193256943074	1
93	4	0.05	3.1303096281871854	1
93	5	0.05	-3.4752256242898203	1
93	6	0.05	-2.670385684127996	1
93	7	0.05	1.6814257582443908	1
93	8	0.05	2.2896626307158443	1
93	9	0.05	1.1007769251666613	1
94	0	0.05	-1.6049615019641565	1
94	2	0.05	-0.9287012542356432	1
94	3	0.05	2.9812856949459707	1
94	4	0.05	5.094094903988519	1
94	5	0.05	-1.418906361187035	1
94	6	0.05	-1.3974123607535252	1
94	7	0.05	3.5055061597549915	1
94	8	0.05	-0.5564092398634942	1
94	9	0.05	3.2055606954367826	1
95	0	0.05	1.8559838264568884	9
95	1	0.05	0.5625533306733372	9
95	2	0.05	-1.2013020329188056	9
95	3	0.05	-1.2970004139528135	9
95	4	0.05	1.7806350844207945	9
95	5	0.05	3.2857012335588207	9
95	6	0.05	-1.261324233530355	9
95	7	0.05	5.282167445609563	9
95	8	0.05	-1.3153230457047869	9
96	0	0.05	-6.456941652605356	4
96	1	0.05	-0.7546445778474372	4
96	2	0.05	-4.601577315048525	4
96	3	0.05	-6.4245047136097515	4
96	5	0.05	-6.440181064559856	4
96	6	0.05	-6.406805572793788	4
96	7	0.05	-2.1281711019594027	4
96	8	0.05	-6.414221362285838	4
96	9	0.05	0.7596815673422073	4
97	0	0.05	-0.8605438578966329	5
97	1	0.05	1.706485583534444	5
97	2	0.05	-0.7940789596354995	5
97	3	0.05	4.7446543175659714	5
97	4	0.05	3.645851247796009	5
97	6	0.05	4.228167598958843	5
97	7	0.05	1.5978219616714975	5
97	8	0.05	-0.8271936621147395	5
97	9	0.05	-0.9289658288308463	5
98	0	0.05	-1.389756544763157	9
98	1	0.05	-1.342898175840001	9
98	2	0.05	0.5896034703010283	9
98	3	0.05	-1.2865225164469838	9
98	4	0.05	4.367283528491018	9
98	5	0.05	3.724828459226664	9
98	6	0.05	1.5899490622573724	9
98	7	0.05	5.269285546114603	9
98	8	0.05	-1.372758442446149	9
100	0	0.05	-2.655055650076266	6
100	1	0.05	-2.6349637577665765	6
100	2	0.05	-2.5646742845485617	6
100	3	0.05	-2.6664085121533994	6
100	4	0.05	-2.6516237002949925	6
100	5	0.05	1.4423161051566675	6
100	7	0.05	-2.732595624225469	6
100	8	0.05	-2.2552835338943664	6
100	9	0.05	-2.749352305097977	6
101	0	0.05	-2.4572367023204498	6
101	1	0.05	-2.768886574425119	6
101	2	0.05	-2.57285502411524	6
101	3	0.05	-2.5527292477778087	6
101	4	0.05	-0.5759000806004427	6
101	5	0.05	3.7580009297931687	6
101	7	0.05	-2.8410926464911	6
101	8	0.05	2.3050863376706383	6
101	9	0.05	-2.8277023611072423	6
102	1	0.05	-7.6153398303994	0
102	2	0.05	-6.598228290369973	0
102	3	0.05	-7.634372651371338	0
102	4	0.05	-7.657875269168196	0
102	5	0.05	-7.734206126412228	0
102	6	0.05	-6.740370212278097	0
102	7	0.05	-7.681702671521506	0
102	8	0.05	-7.658963929544105	0
102	9	0.05	-7.736889872119664	0
103	0	0.05	-7.6330328982583655	7
103	1	0.05	-7.558298264672864	7
103	2	0.05	-7.504181813697908	7
103	3	0.05	-7.488267148056947	7
103	4	0.05	-7.634387634209243	7
103	5	0.05	-7.439896698560369	7
103	6	0.05	-7.609496851699856	7
103	8	0.05	-7.684780780377454	7
103	9	0.05	-6.484324516244622	7
104	0	0.05	3.5954792040709984	7
104	1	0.05	-0.024985589029995914	7
104	2	0.05	-0.003838964166741174	7
104	3	0.05	3.142978352004244	7
104	4	0.05	4.611812266934933	7
104	5	0.05	0.9044056626667479	7
104	6	0.05	-0.09506245749240225	7
104	8	0.05	6.413060143159163	7
104	9	0.05	7.350992145012587	7
105	0	0.05	-1.900989319746853	8
105	1	0.05	-1.7891781147588686	8
105	2	0.05	1.158368628478547	8
105	3	0.05	5.5973181540416705	8
105	4	0.05	-1.4072070205310971	8
105	5	0.05	-1.8790848054136866	8
105	6	0.05	-1.9448121770003806	8
105	7	0.05	3.089461104504825	8
105	9	0.05	2.0478424982725247	8
106	0	0.05	3.0182083754607043	4
106	1	0.05	-0.889528870536498	4
106	2	0.05	5.803096548474717	4
106	3	0.05	-1.3109494291796673	4
106	5	0.05	1.3023797962665753	4
106	6	0.05	2.6827595763773218	4
106	7	0.05	1.3528377818063138	4
106	8	0.05	-1.1288639613924358	4
106	9	0.05	3.1468661588629403	4
107	0	0.05	-5.309348821923329	8
107	1	0.05	-5.271589818237929	8
107	2	0.05	1.5432823385974126	8
107	3	0.05	-2.6144370012498004	8
107	4	0.05	-5.3227989401566145	8
107	5	0.05	-5.317021523563148	8
107	6	0.05	-5.33973686000311	8
107	7	0.05	2.2109471672084156	8
107	9	0.05	-5.286149809498147	8
109	0	0.05	-0.07441596545619929	1
109	2	0.05	2.881014500975034	1
109	3	0.05	6.215379887877705	1
109	4	0.05	6.211713929835191	1
109	5	0.05	5.40431848832463	1
109	6	0.05	1.9121799205268128	1
109	7	0.05	5.915655131024271	1
109	8	0.05	5.376430782510541	1
109	9	0.05	4.890615277811705	1
110	0	0.05	0.0059714001909186125	8
110	1	0.05	0.018636658150822733	8
110	2	0.05	6.310153871024492	8
110	3	0.05	1.4528003471749702	8
110	4	0.05	3.785118725500312	8
110	5	0.05	6.080051786126571	8
110	6	0.05	2.1514770987020877	8
110	7	0.05	-0.07173615548758924	8
110	9	0.05	3.7139892859525423	8
111	1	0.05	-7.021037026878977	0
111	2	0.05	-5.0894278885256075	0
111	3	0.05	-7.041772773332886	0
111	4	0.05	-1.1488739837056472	0
111	5	0.05	-6.819123218313639	0
111	6	0.05	-4.440922340632297	0
111	7	0.05	-4.573030941024729	0
111	8	0.05	-3.976975313712969	0
111	9	0.05	-3.838975278858299	0
112	0	0.05	-3.0895709106415925	2
112	1	0.05	-2.970380346847671	2
112	3	0.05	1.3959628749003534	2
112	4	0.05	-3.2497985338478075	2
112	5	0.05	-3.3799546280247332	2
112	6	0.05	-2.985612696720715	2
112	7	0.05	-3.356262996337116	2
112	8	0.05	3.1212037921348412	2
112	9	0.05	-3.429262848807453	2
113	0	0.05	0.21573753996631348	9
113	1	0.05	1.9933462273558047	9
113	2	0.05	1.709068639897683	9
113	3	0.05	2.174130620872879	9
113	4	0.05	3.8859889212812324	9
113	5	0.05	-0.2715303574000514	9
113	6	0.05	-0.39714086130612	9
113	7	0.05	7.053763521829278	9
113	8	0.05	5.687428370540086	9
114	0	0.05	-1.3746049727236038	1
114	2	0.05	3.6243926486562925	1
114	3	0.05	0.2271974294919531	1
114	4	0.05	0.8047372957396581	1
114	5	0.05	-1.4073520141563012	1
114	6	0.05	0.9911786620108984	1
114	7	0.05	4.300895310544252	1
114	8	0.05	1.8513624335123668	1
114	9	0.05	-1.4159036921189962	1
115	1	0.05	-6.821555550247818	0
115	2	0.05	-2.8629443068802103	0
115	3	0.05	-6.813052241015929	0
115	4	0.05	-6.866170509694796	0
115	5	0.05	-4.350241073631787	0
115	6	0.05	-6.732774069840679	0
115	7	0.05	-6.883685687724275	0
115	8	0.05	-6.844691717378292	0
115	9	0.05	-6.935291743905174	0
116	0	0.05	-1.4995051042400154	3
116	1	0.05	-1.4259597266624464	3
116	2	0.05	0.8268424591643628	3
116	4	0.05	-1.358995319017436	3
116	5	0.05	3.8981139215077163	3
116	6	0.05	-1.4680870684403953	3
116	7	0.05	-1.556468572554539	3
116	8	0.05	-1.192170468622516	3
116	9	0.05	4.556629831475631	3
117	0	0.05	-2.6120681734455817	9
117	1	0.05	-2.5358712480349097	9
117	2	0.05	-2.5182410239409316	9
117	3	0.05	0.7684589992865231	9
117	4	0.05	0.1932068051583939	9
117	5	0.05	-2.612398447018145	9
117	6	0.05	-2.612155975473362	9
117	7	0.05	3.0092069080315405	9
117	8	0.05	-2.571790858455549	9
118	0	0.05	-7.551420770752827	7
118	1	0.05	-6.373460178869944	7
118	2	0.05	-7.233389498771674	7
118	3	0.05	-2.792017645253894	7
118	4	0.05	-7.622382686163975	7
118	5	0.05	-7.6239790405707435	7
118	6	0.05	-7.638547645684829	7
118	8	0.05	-7.687958137551219	7
118	9	0.05	-3.475350660496982	7
119	1	0.05	-7.61984237721474	0
119	2	0.05	-7.547275869557436	0
119	3	0.05	-7.639148823843358	0
119	4	0.05	-7.668700849858783	0
119	5	0.05	-7.744730508995218	0
119	6	0.05	-7.54079222714102	0
119	7	0.05	-7.685710369086457	0
119	8	0.05	-7.671250069135881	0
119	9	0.05	-7.742407600716883	0
120	0	0.05	-4.808518956054421	4
120	1	0.05	-4.749554528250543	4
120	2	0.05	-4.575206498518295	4
120	3	0.05	-4.865169583985761	4
120	5	0.05	-4.852842827968565	4
120	6	0.05	-4.791723741395224	4
120	7	0.05	-1.16184106817757	4
120	8	0.05	-4.768040077923466	4
120	9	0.05	1.1481873574414465	4
121	0	0.05	-5.547713568097643	9
121	1	0.05	-5.480411640766467	9
121	2	0.05	-4.4034463706654545	9
121	3	0.05	-4.97368655774832	9
121	4	0.05	0.7765112782059765	9
121	5	0.05	-5.522704688456887	9
121	6	0.05	-5.522160804098938	9
121	7	0.05	-4.69744039841984	9
121	8	0.05	-5.492331958001897	9
122	0	0.05	0.7892885209226987	6
122	1	0.05	-0.4055768703929484	6
122	2	0.05	3.0627471963966197	6
122	3	0.05	-0.4118514978131505	6
122	4	0.05	-0.3683264047964378	6
122	5	0.05	-0.49112929902903213	6
122	7	0.05	-0.5017754977030431	6
122	8	0.05	5.862383507903077	6
122	9	0.05	2.9519408890719614	6
123	0	0.05	0.18706303075672726	8
123	1	0.05	0.7571890577446425	8
123	2	0.05	4.368826962675158	8
124	0	0.05	1.085968618410975	9
124	1	0.05	6.364184137677903	9
124	2	0.05	0.6714388897370889	9
124	3	0.05	6.3563488244176725	9
124	4	0.05	7.117137232355725	9
124	5	0.05	6.228638303785756	9
124	6	0.05	5.949314775132621	9
124	7	0.05	7.711740893192514	9
124	8	0.05	6.862084649359483	9
125	0	0.05	-7.896390368823302	3
125	1	0.05	-7.840487732868791	3
125	2	0.05	-7.819430293598508	3
125	4	0.05	-7.906014587208806	3
125	5	0.05	-7.817254740496054	3
125	6	0.05	-7.944840667232961	3
125	7	0.05	-4.425979305155618	3
125	8	0.05	-7.876432832179318	3
125	9	0.05	-4.31907823408533	3
126	0	0.05	3.3431012377225517	5
126	1	0.05	2.2004361081222963	5
126	2	0.05	1.1948472944501254	5
126	3	0.05	4.84199162216044	5
126	4	0.05	4.50146990613613	5
126	6	0.05	4.347583781822799	5
126	7	0.05	-0.24055847570669295	5
126	8	0.05	3.4278089792535096	5
126	9	0.05	4.590780607736123	5
127	0	0.05	-0.25609125745980754	4
127	1	0.05	-0.2120345846508306	4
127	2	0.05	0.33205228613504045	4
127	3	0.05	-0.3113437057622692	4
127	5	0.05	0.29789843646331277	4
128	0	0.05	-0.8246014278203719	3
128	1	0.05	-0.7674029538590664	3
128	2	0.05	0.12191989631120875	3
128	4	0.05	-0.8273873306422642	3
128	5	0.05	0.5781366235660591	3
128	6	0.05	-0.8227764969235807	3
128	7	0.05	-0.09245873308348458	3
128	8	0.05	-0.7297808258284617	3
128	9	0.05	4.293338619282245	3
129	0	0.05	-4.679397866277214	2
129	1	0.05	0.241749684915032	2
129	3	0.05	-0.3470296569248371	2
129	4	0.05	-5.1103031423603875	2
129	5	0.05	-5.160073918449266	2
129	6	0.05	-1.710373628666274	2
129	7	0.05	-5.191280271322632	2
129	8	0.05	-4.812792259121249	2
129	9	0.05	-5.221183273022573	2
130	0	0.05	1.4291017907903039	2
130	1	0.05	0.6116379097482042	2
130	3	0.05	5.880653686677839	2
130	4	0.05	-0.13909486137569899	2
130	5	0.05	1.6118803103456374	2
130	6	0.05	-0.1145261473569953	2
130	7	0.05	1.6547021797800459	2
130	8	0.05	7.439129903550557	2
130	9	0.05	-0.23730867404532752	2
131	0	0.05	-5.683528818492511	4
131	1	0.05	-5.619621020220431	4
131	2	0.05	-5.622889382532685	4
131	3	0.05	-5.725204613021228	4
131	5	0.05	-5.72761482758031	4
131	6	0.05	-4.562734634791578	4
131	7	0.05	-1.8023594543871724	4
131	8	0.05	-5.501803626100546	4
131	9	0.05	-1.4397028820153361	4
132	1	0.05	-7.578304671429862	0
132	2	0.05	-3.669699098333661	0
132	3	0.05	-7.628167605710771	0
132	4	0.05	-7.624411391391631	0
132	5	0.05	-7.672610248254686	0
132	6	0.05	-3.8984500169174545	0
132	7	0.05	-7.666994842848337	0
132	8	0.05	-7.649208092136413	0
132	9	0.05	-7.213567180739617	0
133	0	0.05	-7.424625425831674	3
133	1	0.05	-2.2203552767090757	3
133	2	0.05	-6.3815272938679435	3
133	4	0.05	-4.5824851982937576	3
133	5	0.05	-1.2712490459762762	3
133	6	0.05	-7.3975676810125055	3
133	7	0.05	-7.494681633941148	3
133	8	0.05	-7.405799672096106	3
133	9	0.05	-7.452584742213477	3
134	0	0.05	3.925671279379001	2
134	1	0.05	-1.8002095146593833	2
134	3	0.05	2.056828674344316	2
134	4	0.05	-1.8796009291532323	2
134	5	0.05	-1.9792323465994945	2
134	6	0.05	0.06672814422229367	2
134	7	0.05	-1.9472750169701005	2
134	8	0.05	-1.8464107077804885	2
134	9	0.05	-1.9847089960970226	2
135	0	0.05	-7.9235647593434475	3
135	1	0.05	-7.82288224901142	3
135	2	0.05	-6.361026886220957	3
135	4	0.05	-7.932331432297045	3
135	5	0.05	-7.703508614986926	3
135	6	0.05	-7.929556210764269	3
135	7	0.05	-7.977381584714036	3
135	8	0.05	-7.856035934497219	3
135	9	0.05	-7.611444115151878	3
136	0	0.05	-0.20013255422783066	5
136	1	0.05	-0.09494767255040039	5
136	2	0.05	1.1116344354317742	5
136	3	0.05	7.006818581085631	5
136	4	0.05	0.6031548099710045	5
136	6	0.05	0.7399684724169544	5
136	7	0.05	6.5556029437798635	5
136	8	0.05	5.158635847233655	5
136	9	0.05	4.804256197216829	5
137	0	0.05	-1.5598075680211945	1
137	2	0.05	-0.16596802035686317	1
137	3	0.05	3.482819319205315	1
137	4	0.05	-0.8275022905119959	1
137	5	0.05	3.6708376407109866	1
137	6	0.05	1.5515558654513533	1
137	7	0.05	3.714461589494973	1
137	8	0.05	3.9951244781673196	1
137	9	0.05	-1.5612005222674405	1
138	0	0.05	-1.3221588280055085	1
138	2	0.05	0.8990212796737543	1
138	3	0.05	3.781140820473492	1
138	4	0.05	5.579375751680749	1
138	5	0.05	-0.2391295785818287	1
138	6	0.05	-1.317858418045948	1
138	7	0.05	3.385048692494282	1
138	8	0.05	1.5019068820915518	1
138	9	0.05	2.620889677962468	1
139	0	0.05	-7.645363753303786	2
139	1	0.05	-4.201096718205345	2
139	3	0.05	0.08106968241340981	2
139	4	0.05	-7.684050705222829	2
139	5	0.05	-7.678277664530235	2
139	6	0.05	-7.604811094944672	2
139	7	0.05	-7.664871015239242	2
139	8	0.05	-2.719420463778512	2
139	9	0.05	-7.777209498234698	2
140	0	0.05	-5.890816123209059	4
140	1	0.05	-1.1751928233056914	4
140	2	0.05	-5.966261643953964	4
140	3	0.05	-6.088351707327724	4
140	5	0.05	-5.153751421808689	4
140	6	0.05	-3.9931136265052625	4
140	7	0.05	0.7456918696525753	4
140	8	0.05	-5.745675260804171	4
140	9	0.05	-0.271738722393662	4
141	0	0.05	-0.09782080449971278	8
141	1	0.05	-1.023399810656971	8
141	2	0.05	4.401442148816226	8
141	3	0.05	1.828776269418062	8
141	4	0.05	-0.8262106295106797	8
141	5	0.05	-1.127899840721158	8
141	6	0.05	4.230829518355601	8
141	7	0.05	-1.1313972119470628	8
141	9	0.05	3.4232980643146513	8
142	0	0.05	-4.669440701884914	2
142	1	0.05	-7.6560651399559925	2
142	3	0.05	-7.47187652740491	2
142	4	0.05	-7.703419070577811	2
142	5	0.05	-7.755337948597517	2
142	6	0.05	-7.660535636496438	2
142	7	0.05	-7.7776566137664505	2
142	8	0.05	-7.015359074093436	2
142	9	0.05	-7.284948856740992	2
143	0	0.05	-7.243745990375381	2
143	1	0.05	-7.655394784297367	2
143	3	0.05	-4.26733806734849	2
143	4	0.05	-7.683169796463138	2
143	5	0.05	-7.75820185272527	2
143	6	0.05	-7.6250940587094815	2
143	7	0.05	-7.780859527806208	2
143	8	0.05	-7.6860030437624145	2
143	9	0.05	-7.802678304780037	2
144	0	0.05	-7.684321288473975	6
144	1	0.05	-7.661056429239687	6
144	2	0.05	-7.619449187539137	6
144	3	0.05	-7.732423727165043	6
144	4	0.05	-6.650500287712036	6
144	5	0.05	-7.824401638188685	6
144	7	0.05	-7.768603478244862	6
144	8	0.05	-7.706746497495926	6
144	9	0.05	-7.766836932169197	6
146	0	0.05	-1.9405987884805942	6
146	1	0.05	-6.551649262675849	6
146	2	0.05	-7.500365553324305	6
146	3	0.05	-7.613101603526706	6
146	4	0.05	-5.923029078553839	6
146	5	0.05	-4.189478660541333	6
146	7	0.05	-7.6732318002475965	6
146	8	0.05	-7.608429227316156	6
146	9	0.05	-7.703020503330012	6
147	0	0.05	-1.9625055255685004	1
147	2	0.05	4.177106034067127	1
147	3	0.05	0.004659850464292794	1
147	4	0.05	4.341734549318137	1
147	5	0.05	2.079300990500046	1
147	6	0.05	3.8421429826578977	1
147	7	0.05	4.939800358527211	1
147	8	0.05	-0.622574988050039	1
147	9	0.05	-1.6511871282981192	1
149	1	0.05	-7.621425456681345	0
149	2	0.05	-7.549530211770949	0
149	3	0.05	-7.632703769584934	0
149	4	0.05	-7.66878340384625	0
149	5	0.05	-7.599163893764537	0
149	6	0.05	-7.54003560507609	0
149	7	0.05	-7.680294375134228	0
149	8	0.05	-6.5358416277146185	0
149	9	0.05	-7.74197332956175	0
150	0	0.05	-1.2424114617681468	6
150	1	0.05	-3.1966244742112613	6
150	2	0.05	-1.2656279493109974	6
150	3	0.05	-3.164997802583579	6
150	4	0.05	1.0217257536822801	6
150	5	0.05	-3.318321638016084	6
150	7	0.05	-2.29813939797355	6
150	8	0.05	-3.245596345531037	6
150	9	0.05	-3.286297210909858	6
