Img	Target_Label	Epsilon	Objective_Value	Label
1	0	0.05	-3.6728184046378205	2
1	1	0.05	-3.6137720848403494	2
1	3	0.05	2.7695334859322083	2
1	4	0.05	-3.71677581082177	2
1	5	0.05	-3.531186198741585	2
1	6	0.05	-3.0690578756539226	2
1	7	0.05	-3.719471651908716	2
1	8	0.05	0.05138607464662366	2
1	9	0.05	-3.660298412898326	2
2	1	0.05	-7.643366179569072	0
2	2	0.05	-7.505483189012487	0
2	3	0.05	-7.71730165507196	0
2	4	0.05	-7.738144808393477	0
2	5	0.05	-7.580954244905345	0
2	6	0.05	-7.659562721565635	0
2	7	0.05	-7.725382279328814	0
2	8	0.05	-7.666789826503803	0
2	9	0.05	-7.692442244477482	0
3	0	0.05	-7.725282578691009	4
3	1	0.05	-7.65104998430233	4
3	2	0.05	-7.6675484320920075	4
3	3	0.05	-7.7623879126146536	4
3	5	0.05	-7.674494393457674	4
3	6	0.05	-6.209494840948843	4
3	7	0.05	-2.3394139372134197	4
3	8	0.05	-7.756188047213442	4
3	9	0.05	-4.130124322316941	4
4	0	0.05	-2.0640468907386893	8
4	1	0.05	-3.9752299473767985	8
4	2	0.05	-5.178702472190993	8
4	3	0.05	1.1020627795853852	8
4	4	0.05	-5.545081245448562	8
4	5	0.05	-2.79532163278562	8
4	6	0.05	-3.0214020748818653	8
4	7	0.05	-5.480400551275314	8
4	9	0.05	-4.345609412721265	8
5	0	0.05	-7.529354009791941	7
5	1	0.05	-7.458402305781852	7
5	2	0.05	-7.355566140244981	7
5	3	0.05	-3.070046487794127	7
5	4	0.05	-7.5231773468981045	7
5	5	0.05	-7.500482198522169	7
5	6	0.05	-7.621177637503013	7
5	8	0.05	-7.59392533991456	7
5	9	0.05	-6.998473233204693	7
6	0	0.05	-7.825331852685466	6
6	1	0.05	-7.764017170455439	6
6	2	0.05	-7.484775120183279	6
6	3	0.05	-7.872445704840913	6
6	4	0.05	-7.689154093702986	6
6	5	0.05	-7.372622890689562	6
6	7	0.05	-7.852977468794058	6
6	8	0.05	-7.12528411758719	6
6	9	0.05	-7.819840015873296	6
7	1	0.05	-7.6300892611590445	0
7	2	0.05	-7.469801138083194	0
7	3	0.05	-7.697521551718058	0
7	4	0.05	-7.750782850923328	0
7	5	0.05	-5.766773099700025	0
7	6	0.05	-7.5453885726475685	0
7	7	0.05	-1.4974670015160243	0
7	8	0.05	-7.693640110104615	0
7	9	0.05	-5.28762096903867	0
8	0	0.05	3.740620676352104	6
8	1	0.05	-0.7388207294684289	6
8	2	0.05	-0.5858909415318417	6
8	3	0.05	-0.4491201685946015	6
8	4	0.05	-0.7095286459371214	6
8	5	0.05	4.168815240012152	6
8	7	0.05	-0.8360243065091858	6
8	8	0.05	4.402397335104398	6
8	9	0.05	-0.7667701760065354	6
9	0	0.05	-0.1734012001513467	3
9	1	0.05	0.8010811257102501	3
9	2	0.05	0.12571301029049137	3
9	4	0.05	-0.3536847185543001	3
9	5	0.05	6.175672230717266	3
9	6	0.05	-0.21495973588831987	3
9	7	0.05	-0.24616517838316393	3
9	8	0.05	2.4872736113676344	3
9	9	0.05	-0.021995875272923668	3
10	0	0.05	-5.7454319409553145	1
10	2	0.05	-5.174975265965649	1
10	3	0.05	-4.803139353912111	1
10	4	0.05	-3.0785750981121818	1
10	5	0.05	-3.912494039204265	1
10	6	0.05	-4.588333023357943	1
10	7	0.05	-1.3769146520083777	1
10	8	0.05	-2.909432627366283	1
10	9	0.05	-5.607218958572441	1
11	0	0.05	-1.8176364532459819	8
11	1	0.05	-1.8825416924086376	8
11	2	0.05	3.044738471368219	8
11	3	0.05	-1.1117451364822653	8
11	4	0.05	-1.3424423999047561	8
11	5	0.05	-0.975067258239967	8
11	6	0.05	5.251112153604913	8
11	7	0.05	-1.9807861488396243	8
11	9	0.05	-1.7074394435743958	8
12	1	0.05	-7.643623208505206	0
12	2	0.05	-7.468821163899596	0
12	3	0.05	-7.704467748933378	0
12	4	0.05	-7.751901676617827	0
12	5	0.05	-7.585038523978939	0
12	6	0.05	-7.693607673422225	0
12	7	0.05	-7.729808329006237	0
12	8	0.05	-7.704345143854126	0
12	9	0.05	-5.102971131946353	0
13	0	0.05	-1.8017338780958165	7
13	1	0.05	-4.896270942569652	7
13	2	0.05	-4.13084329788381	7
13	3	0.05	1.81452880144094	7
13	4	0.05	-4.981223341114534	7
13	5	0.05	-2.6701696252604523	7
13	6	0.05	-5.021084974310366	7
13	8	0.05	-5.014854326689728	7
13	9	0.05	-0.17017282765911715	7
14	0	0.05	-1.8470411826173192	9
14	1	0.05	-1.772119897670019	9
14	2	0.05	-1.7093168998374975	9
14	3	0.05	1.9201919008127775	9
14	4	0.05	-1.6920457974385348	9
14	5	0.05	-1.8065710214105084	9
14	6	0.05	-1.9332364219668237	9
14	7	0.05	3.828031594709177	9
14	8	0.05	4.078484398218684	9
15	0	0.05	-7.5744984116542415	8
15	1	0.05	-7.68358973472294	8
15	2	0.05	-7.503975513102162	8
15	3	0.05	-4.6232127752785495	8
15	4	0.05	-7.815324500031152	8
15	5	0.05	-7.446820793453379	8
15	6	0.05	-7.321332562301726	8
15	7	0.05	-7.755772691433585	8
15	9	0.05	-5.335577254235638	8
16	0	0.05	-3.4922704217795837	4
16	1	0.05	-6.655243178560819	4
16	2	0.05	-6.580257960732594	4
16	3	0.05	-6.7946119736383865	4
16	5	0.05	-6.652531827725464	4
16	6	0.05	-1.9632617044219465	4
16	7	0.05	-3.82563166923421	4
16	8	0.05	0.7053700664144776	4
16	9	0.05	-6.363931025169685	4
17	0	0.05	-0.6794704007058001	5
17	1	0.05	-7.542737382988279	5
17	2	0.05	-7.41217557118844	5
17	3	0.05	-6.671215533860508	5
17	4	0.05	-7.71467158359492	5
17	6	0.05	-7.615985185538816	5
17	7	0.05	-7.622018393292217	5
17	8	0.05	-5.16195031523122	5
17	9	0.05	-7.567906472042926	5
18	0	0.05	-7.431443788181683	3
18	1	0.05	-6.957673921075438	3
18	2	0.05	-7.213742075284503	3
18	4	0.05	-7.639934801134882	3
18	5	0.05	-4.051181126927119	3
18	6	0.05	-7.516558959715897	3
18	7	0.05	-7.48878651903793	3
18	8	0.05	-7.450723345442369	3
18	9	0.05	-4.078046663692811	3
20	1	0.05	0.05088774976787189	0
20	2	0.05	1.0830912126486683	0
20	3	0.05	0.041712374762449676	0
20	4	0.05	-0.020381403756691535	0
20	5	0.05	4.762526997686647	0
20	6	0.05	1.9587468076464065	0
20	7	0.05	6.113468831432675	0
20	8	0.05	6.700256575654254	0
20	9	0.05	5.330638248038556	0
21	0	0.05	-2.006356989499967	6
21	1	0.05	-1.929007899507901	6
21	2	0.05	1.6488725084813556	6
21	3	0.05	-2.003346498754307	6
21	4	0.05	4.0376154059975615	6
21	5	0.05	-1.9166745256322888	6
21	7	0.05	1.8993176225130524	6
21	8	0.05	-1.1206041475394668	6
21	9	0.05	1.2765245743615725	6
22	0	0.05	-2.2037746025228784	6
22	1	0.05	-2.0085892822858944	6
22	2	0.05	-0.25401271964068134	6
22	3	0.05	0.04711218523568434	6
22	4	0.05	3.5051533544795817	6
22	5	0.05	-1.4525013203037545	6
22	7	0.05	2.2919962885275456	6
22	8	0.05	0.001625126631311143	6
22	9	0.05	2.5021647524251502	6
23	0	0.05	-5.136557253123575	3
23	1	0.05	-0.11571890424091492	3
23	2	0.05	-2.4204954219654313	3
23	4	0.05	-5.340444762989281	3
23	5	0.05	0.9916864885803616	3
23	6	0.05	-5.215959396746764	3
23	7	0.05	-5.173854322524318	3
23	8	0.05	-5.147809396935185	3
23	9	0.05	-4.655845114880749	3
24	1	0.05	-7.171757405271244	0
24	2	0.05	-0.5564265227462959	0
24	3	0.05	-7.239332403222517	0
24	4	0.05	-7.217162928357352	0
24	5	0.05	-7.071497793404768	0
24	6	0.05	-4.7318138400833405	0
24	7	0.05	-6.714965270630626	0
24	8	0.05	-7.220052878807067	0
24	9	0.05	-4.594375544639781	0
25	0	0.05	-7.044085029284769	2
25	1	0.05	-6.757954759092499	2
25	3	0.05	-0.3594419345079308	2
25	4	0.05	-7.065571767910976	2
25	5	0.05	-6.935914136796049	2
25	6	0.05	-6.868628322779191	2
25	7	0.05	-7.10995780899152	2
25	8	0.05	-5.364718460935803	2
25	9	0.05	-7.082078758321747	2
26	0	0.05	-7.9381983101206925	3
26	1	0.05	-7.8697539006817525	3
26	2	0.05	-7.692546248026657	3
26	4	0.05	-8.12640035616953	3
26	5	0.05	-7.777178923922963	3
26	6	0.05	-8.016994138255722	3
26	7	0.05	-7.9948022882205185	3
26	8	0.05	-7.94824278436818	3
26	9	0.05	-7.818437537797198	3
27	0	0.05	1.4607871531006371	6
27	1	0.05	3.2515658471230893	6
27	2	0.05	0.39004738735409505	6
27	3	0.05	4.5347411369088055	6
27	4	0.05	1.78217085010381	6
27	5	0.05	4.841788964137883	6
27	7	0.05	-0.004711182743273206	6
27	8	0.05	6.215710140744213	6
27	9	0.05	0.06350381219545741	6
28	0	0.05	-7.6718150032798915	6
28	1	0.05	-7.770043711294921	6
28	2	0.05	-7.614534244407719	6
28	3	0.05	-7.8740255367649015	6
28	4	0.05	-7.703273670889043	6
28	5	0.05	-7.7147594114325635	6
28	7	0.05	-7.863425052691984	6
28	8	0.05	-7.7294218747154435	6
28	9	0.05	-7.850717128406914	6
29	0	0.05	-7.469472252836277	7
29	1	0.05	-7.3991515245096275	7
29	2	0.05	-6.812641714876282	7
29	3	0.05	-5.794280265507213	7
29	4	0.05	-7.503929148525636	7
29	5	0.05	-7.429439202485194	7
29	6	0.05	-7.539814441673779	7
29	8	0.05	-4.551895309943456	7
29	9	0.05	-7.32066486355307	7
30	0	0.05	-1.1778559435444274	4
30	1	0.05	-0.7517142327641033	4
30	2	0.05	-2.0893100960032496	4
30	3	0.05	-2.4078749658776206	4
30	5	0.05	-0.13282237154172286	4
30	6	0.05	0.22830342724253352	4
30	7	0.05	4.471278290541235	4
30	8	0.05	-0.13327358556117797	4
30	9	0.05	3.884226945710546	4
32	0	0.05	-7.926263273776367	3
32	1	0.05	-7.850717107553176	3
32	2	0.05	-7.686907079021268	3
32	4	0.05	-8.108457151959128	3
32	5	0.05	-7.774881077791512	3
32	6	0.05	-8.010523824271287	3
32	7	0.05	-7.962360253821406	3
32	8	0.05	-7.939647241647131	3
32	9	0.05	-6.332999799416616	3
33	0	0.05	-7.652530937113481	8
33	1	0.05	-7.6782998997589464	8
33	2	0.05	-5.479745375753346	8
33	3	0.05	-4.548967841896198	8
33	4	0.05	-7.81807204099629	8
33	5	0.05	-7.652168357622545	8
33	6	0.05	-7.7885112548489905	8
33	7	0.05	-7.780410104461367	8
33	9	0.05	-3.2684405060479587	8
35	0	0.05	-2.382700339872272	5
35	1	0.05	-2.239981493687799	5
35	2	0.05	-2.166697931023774	5
35	3	0.05	-0.056599079926732354	5
35	4	0.05	-2.499505901602562	5
35	6	0.05	-1.742059925533258	5
35	7	0.05	-2.4433067236017205	5
35	8	0.05	-1.362465314848806	5
35	9	0.05	3.944721318097127	5
36	0	0.05	-7.513345193079705	4
36	1	0.05	-7.444125991509298	4
36	2	0.05	-7.415676825295048	4
36	3	0.05	-7.554422149115382	4
36	5	0.05	-7.460107794136432	4
36	6	0.05	-2.1297937213838676	4
36	7	0.05	-7.484860772262353	4
36	8	0.05	-0.09104437843272144	4
36	9	0.05	-5.219622339258579	4
37	0	0.05	-0.37454357673126076	2
37	1	0.05	-0.3284217592250359	2
37	3	0.05	6.173436199003977	2
37	4	0.05	-0.4585799267075324	2
37	5	0.05	-0.2548744564855666	2
37	6	0.05	-0.4658189132583425	2
37	7	0.05	-0.45326091601026225	2
37	8	0.05	-0.20132971176047953	2
37	9	0.05	-0.3718691828906611	2
38	0	0.05	-7.178751610022084	5
38	1	0.05	-7.55065393583259	5
38	2	0.05	-7.409989882698	5
38	3	0.05	-7.125927846691648	5
38	4	0.05	-7.784134838574776	5
38	6	0.05	-7.626452926480065	5
38	7	0.05	-7.657896025348435	5
38	8	0.05	-5.625612149243603	5
38	9	0.05	-7.633036988372732	5
39	0	0.05	2.6379371218740033	5
39	1	0.05	0.8714050372003057	5
39	2	0.05	4.933504496159403	5
39	3	0.05	6.810039600455231	5
39	4	0.05	2.2999283496652057	5
39	6	0.05	3.0707129008176817	5
39	7	0.05	1.2380028130616494	5
39	8	0.05	4.797172222375088	5
39	9	0.05	0.13593487151643788	5
40	0	0.05	-0.33050722443018216	8
40	1	0.05	2.290315111273929	8
40	2	0.05	0.08119035711941588	8
40	3	0.05	7.296714899830277	8
40	4	0.05	0.9416602111270665	8
40	5	0.05	0.3919297598917427	8
40	6	0.05	-0.38106963344285033	8
40	7	0.05	-0.3759495570223424	8
40	9	0.05	-0.30181080161977375	8
41	0	0.05	-7.618876143776252	5
41	1	0.05	-7.575777902998482	5
41	2	0.05	-7.476847604887595	5
41	3	0.05	-7.251527344263532	5
41	4	0.05	-7.808098260690837	5
41	6	0.05	-7.648604526796236	5
41	7	0.05	-7.679933715329066	5
41	8	0.05	-7.561528479469985	5
41	9	0.05	-5.522457605657152	5
42	0	0.05	-0.5365156331877367	2
42	1	0.05	-0.31501422336085755	2
42	3	0.05	6.864997293125328	2
42	4	0.05	-0.6509775991830011	2
42	5	0.05	-0.4000883660393889	2
42	6	0.05	-0.5959574143091516	2
42	7	0.05	1.7700717319850168	2
42	8	0.05	5.913756256021414	2
42	9	0.05	-0.5050042821107757	2
43	0	0.05	2.2642613616503957	9
43	1	0.05	-0.5332211704902113	9
43	2	0.05	0.8530957732505076	9
43	3	0.05	5.1571726470684185	9
43	4	0.05	5.236282084508838	9
43	5	0.05	-0.022947512553742104	9
43	6	0.05	0.03895560673140756	9
43	7	0.05	0.9558797251763852	9
43	8	0.05	2.161129607965761	9
44	0	0.05	2.9590322623676264	2
44	1	0.05	-0.43559044683882936	2
44	3	0.05	-0.27556020665251185	2
44	4	0.05	2.854444798947457	2
44	5	0.05	-0.4167129655359764	2
44	6	0.05	7.080845373957377	2
44	7	0.05	3.6920852537986857	2
44	8	0.05	-0.5496461558477748	2
44	9	0.05	-0.20623865876046016	2
45	0	0.05	-6.636169753225329	4
45	1	0.05	-6.564485680564621	4
45	2	0.05	-6.567845796795943	4
45	3	0.05	-6.665801830961184	4
45	5	0.05	-6.593039742640987	4
45	6	0.05	-6.349977102642634	4
45	7	0.05	-5.383838206350999	4
45	8	0.05	-3.1110500110651795	4
45	9	0.05	-0.5858673000292104	4
46	0	0.05	-7.848795254985641	2
46	1	0.05	-7.743191969052263	2
46	3	0.05	-7.706825229969262	2
46	4	0.05	-7.800243760868509	2
46	5	0.05	-7.770711540138951	2
46	6	0.05	-7.905677364348993	2
46	7	0.05	-7.932480504484851	2
46	8	0.05	-7.913166825541792	2
46	9	0.05	-7.880849044851708	2
47	0	0.05	-0.3025542239901039	7
47	1	0.05	0.10263796613898094	7
48	1	0.05	-7.64512109233932	0
48	2	0.05	-7.503988300965196	0
48	3	0.05	-7.723772932039696	0
48	4	0.05	-7.7486793009857236	0
48	5	0.05	-7.430874799716197	0
48	6	0.05	-7.304373852332731	0
48	7	0.05	-7.724571062884052	0
48	8	0.05	-7.704642372565365	0
48	9	0.05	-6.351003005998771	0
49	0	0.05	-7.589893347159604	5
49	1	0.05	-7.5365111857189975	5
49	2	0.05	-7.429173839420229	5
49	3	0.05	-2.284444814244412	5
49	4	0.05	-7.757313731948233	5
49	6	0.05	-7.632674660644805	5
49	7	0.05	-6.079590044164515	5
49	8	0.05	-7.533704189187819	5
49	9	0.05	-7.566297830577123	5
50	0	0.05	-6.571699983831698	1
50	2	0.05	-7.012805024263584	1
50	3	0.05	-3.760475525394448	1
50	4	0.05	-4.908201043759606	1
50	5	0.05	-7.050605940139747	1
50	6	0.05	-7.422547657625207	1
50	7	0.05	-0.7973775355350103	1
50	8	0.05	-1.7747722249391666	1
50	9	0.05	-6.528806837594625	1
51	1	0.05	-7.6399397403321245	0
51	2	0.05	-6.248406597884527	0
51	3	0.05	-7.70441050332098	0
51	4	0.05	-7.741769496643691	0
51	5	0.05	-7.581409325616688	0
51	6	0.05	-7.68097319783499	0
51	7	0.05	-7.728675624293176	0
51	8	0.05	-7.69377663436795	0
51	9	0.05	-7.531666513043426	0
52	0	0.05	-5.828369806331849	7
52	1	0.05	-1.2322538952642412	7
52	2	0.05	-6.202567449689121	7
52	3	0.05	0.2024969586844499	7
52	4	0.05	-6.6935801856048265	7
52	5	0.05	-5.851235953243288	7
52	6	0.05	-6.567046530248403	7
52	8	0.05	-6.358669551745897	7
52	9	0.05	-1.238111175185805	7
53	0	0.05	-0.5921300188273574	9
53	1	0.05	-0.6064791609995426	9
53	2	0.05	-0.5796525988060537	9
53	3	0.05	4.801813929910955	9
53	4	0.05	5.670490844652785	9
53	5	0.05	4.009235417165792	9
53	6	0.05	4.103345272174986	9
53	7	0.05	5.5642878743483015	9
53	8	0.05	3.51506335367541	9
54	0	0.05	-0.3936766003192053	9
54	1	0.05	-0.5597242567009106	9
54	2	0.05	-0.09681848144137838	9
54	3	0.05	-0.6676495566335139	9
54	4	0.05	6.5101872751438945	9
54	5	0.05	-0.5564583126548088	9
54	6	0.05	5.352573344789016	9
54	7	0.05	0.6304004287672418	9
54	8	0.05	2.958509869645827	9
55	0	0.05	-7.9716801206437315	9
55	1	0.05	-7.912649847907322	9
55	2	0.05	-7.906993701135629	9
55	3	0.05	-8.009431861072823	9
55	4	0.05	-5.505166945863188	9
55	5	0.05	-7.929045348259571	9
55	6	0.05	-8.036977282325209	9
55	7	0.05	-7.916517652572435	9
55	8	0.05	-5.711128644054621	9
56	0	0.05	-7.8216115544716915	6
56	1	0.05	-7.758448743698377	6
56	2	0.05	-7.644488109206183	6
56	3	0.05	-7.886204189896333	6
56	4	0.05	-7.641912478242535	6
56	5	0.05	-7.715072984016153	6
56	7	0.05	-7.841991406201668	6
56	8	0.05	-7.841534666526098	6
56	9	0.05	-6.792703395145077	6
57	0	0.05	-2.5402855898123367	5
57	1	0.05	-4.598338086941366	5
57	2	0.05	-4.479043825457546	5
57	3	0.05	-1.7072241842064169	5
57	4	0.05	-4.757959989143461	5
57	6	0.05	-4.430034449975284	5
57	7	0.05	-4.684028110659947	5
57	8	0.05	-3.981702299521549	5
57	9	0.05	1.973979434658777	5
58	0	0.05	-6.09571396448039	8
58	1	0.05	-6.033322192864175	8
58	2	0.05	-5.860368008823093	8
58	3	0.05	-4.092758081017013	8
58	4	0.05	-6.206447769554889	8
58	5	0.05	-6.012962927997459	8
58	6	0.05	-6.137311977673636	8
58	7	0.05	-6.147939738124873	8
58	9	0.05	-4.992598158436691	8
59	0	0.05	-3.8306162851734884	8
59	1	0.05	-7.575293447328439	8
59	2	0.05	-6.2653542856535385	8
59	3	0.05	-7.670422369037481	8
59	4	0.05	0.07393215822422183	8
59	5	0.05	-7.57268234484894	8
59	6	0.05	-5.100645402788714	8
59	7	0.05	-7.6462043107549515	8
59	9	0.05	-6.928948056610163	8
60	0	0.05	-7.738739745935193	6
60	1	0.05	-7.674411775336773	6
60	2	0.05	-5.53058203841919	6
60	3	0.05	-7.774801998873617	6
60	4	0.05	-7.599057859096569	6
60	5	0.05	-7.621506433207481	6
60	7	0.05	-7.770426022731225	6
60	8	0.05	-6.839701502190613	6
60	9	0.05	-7.765798996525299	6
61	0	0.05	-3.5393979531608135	9
61	1	0.05	-3.6161957486588947	9
61	2	0.05	-3.536040182859836	9
61	3	0.05	2.919593387004018	9
61	4	0.05	-0.7164431491319756	9
61	5	0.05	0.5732170650946085	9
61	6	0.05	-1.1233793431960062	9
61	7	0.05	-0.8128331892156633	9
61	8	0.05	-1.2165783276819175	9
63	0	0.05	-7.295300253799758	5
63	1	0.05	-7.347033768486844	5
63	2	0.05	-7.441846318266336	5
63	3	0.05	-7.099366067564581	5
63	4	0.05	-7.56509387537528	5
63	6	0.05	-7.618521530040503	5
63	7	0.05	-4.593960018350764	5
63	8	0.05	-7.553700970690066	5
63	9	0.05	-7.423864647774936	5
64	0	0.05	-1.2198070691202554	4
64	1	0.05	-1.4521984549732985	4
64	2	0.05	-1.3820622427395826	4
64	3	0.05	3.4859474137935855	4
64	5	0.05	-1.4604330710777127	4
64	6	0.05	2.0440369907586167	4
64	7	0.05	3.974121565616078	4
64	8	0.05	-1.0848893042979753	4
64	9	0.05	4.111863829554448	4
65	0	0.05	-2.502404076113472	2
65	1	0.05	-2.437885601649477	2
65	3	0.05	3.552641220765906	2
65	4	0.05	-2.5339831714081273	2
65	5	0.05	-2.374205702088038	2
65	6	0.05	-2.568827082897361	2
65	7	0.05	-0.7453584796439094	2
65	8	0.05	-1.8693242222389752	2
65	9	0.05	-2.485131563787614	2
66	0	0.05	-5.110773515117353	6
66	1	0.05	-7.751343530706259	6
66	2	0.05	-7.649144529052343	6
66	3	0.05	-7.8735971416693795	6
66	4	0.05	-6.68270078367193	6
66	5	0.05	-7.2036588790910985	6
66	7	0.05	-7.827668466963953	6
66	8	0.05	-7.830273414459434	6
66	9	0.05	-6.635441373119067	6
67	0	0.05	0.9304051891461531	8
67	1	0.05	-5.511736305850951	8
67	2	0.05	-5.323971452548462	8
67	3	0.05	0.4167409473993075	8
67	4	0.05	-5.643074742533928	8
67	5	0.05	-5.49012396580192	8
67	6	0.05	-5.615727476982386	8
67	7	0.05	-5.592265819850964	8
67	9	0.05	-3.015824422706323	8
68	0	0.05	-0.8751490190677005	1
68	2	0.05	2.6182312267185934	1
68	3	0.05	6.874604155260808	1
68	4	0.05	1.573827497391198	1
68	5	0.05	0.9172113114499413	1
68	6	0.05	-0.5835248831985644	1
68	7	0.05	1.6856540579243697	1
68	8	0.05	5.727019265099983	1
68	9	0.05	3.3187485783072126	1
69	1	0.05	-7.626889659566836	0
69	2	0.05	-7.488562515886444	0
69	3	0.05	-7.711697190951708	0
69	4	0.05	-7.705745371246217	0
69	5	0.05	-7.570771937567964	0
69	6	0.05	-5.8655392700684	0
69	7	0.05	-2.893970174565605	0
69	8	0.05	-7.702615688513373	0
69	9	0.05	-6.263132383435908	0
70	0	0.05	-7.40462923107975	6
70	1	0.05	-7.752344004648383	6
70	2	0.05	-6.082518340684155	6
70	3	0.05	-7.860185408920203	6
70	4	0.05	-7.130754959127784	6
70	5	0.05	-7.496179846941289	6
70	7	0.05	-7.846802247428635	6
70	8	0.05	-7.844398506456821	6
70	9	0.05	-7.830531328104412	6
71	0	0.05	0.04025338879265711	9
71	1	0.05	-0.11717661406480735	9
71	2	0.05	0.008046600779644468	9
71	3	0.05	6.996016059978134	9
71	4	0.05	1.009204769853139	9
71	5	0.05	5.467880321294762	9
71	6	0.05	-0.007811702223925345	9
71	7	0.05	5.167166961832983	9
71	8	0.05	2.5186989225185177	9
72	0	0.05	-6.426262110156791	5
72	1	0.05	-6.435371407525626	5
72	2	0.05	-6.4728396239958546	5
72	3	0.05	-0.8519333507101234	5
72	4	0.05	-6.827027891114052	5
72	6	0.05	-6.712504053797233	5
72	7	0.05	-6.354903535407532	5
72	8	0.05	-0.9707686726911807	5
72	9	0.05	-1.4905202938557978	5
73	0	0.05	-6.548934409310366	5
73	1	0.05	-6.501124231619893	5
73	2	0.05	-6.384607813303533	5
73	3	0.05	-6.438985453952189	5
73	4	0.05	-6.7272658626762984	5
73	6	0.05	-0.9605452138189672	5
73	7	0.05	-6.609407748300032	5
73	8	0.05	-6.512774979482913	5
73	9	0.05	-6.597498486391728	5
74	0	0.05	-5.034826565149273	4
74	1	0.05	-4.008288152721179	4
74	2	0.05	-5.24716918602215	4
74	3	0.05	-5.334944865764239	4
74	5	0.05	-5.134979683865939	4
74	6	0.05	-2.8097994216806335	4
74	7	0.05	-2.315521492310449	4
74	8	0.05	-2.8907033015339154	4
74	9	0.05	1.8509396990039935	4
75	0	0.05	-0.2629887132121188	1
75	2	0.05	-0.30273087836066315	1
75	3	0.05	4.157970871001082	1
75	4	0.05	5.034375295197761	1
75	5	0.05	2.0905223473964925	1
75	6	0.05	-0.02011096381726443	1
75	7	0.05	3.7581440976610487	1
75	8	0.05	4.890885275935465	1
75	9	0.05	3.7792690009350793	1
76	0	0.05	-7.698024040064676	6
76	1	0.05	-7.62104275509103	6
76	2	0.05	-4.645069405526997	6
76	3	0.05	-5.924489272651304	6
76	4	0.05	-7.595912390501773	6
76	5	0.05	-7.583426441701226	6
76	7	0.05	-7.726926665788684	6
76	8	0.05	-1.8965474872337111	6
76	9	0.05	-7.714804252665529	6
77	0	0.05	-1.9416758280872042	7
77	1	0.05	-1.8665227320437494	7
77	2	0.05	-1.3190413995121881	7
77	3	0.05	4.634834482377023	7
77	4	0.05	-1.9851672222973331	7
77	5	0.05	-1.8582771293843932	7
77	6	0.05	-2.0279392069742945	7
77	8	0.05	-1.9728789422107595	7
77	9	0.05	-1.4594431268058707	7
78	0	0.05	5.516100835065801	5
78	1	0.05	-1.4781617261317803	5
78	2	0.05	-1.3547945264835928	5
78	3	0.05	-0.3747860569764393	5
78	4	0.05	-1.6321474659326332	5
78	6	0.05	0.7877270974125413	5
78	7	0.05	-1.5834088231694932	5
78	8	0.05	-1.3575082968806047	5
78	9	0.05	-1.2917569907723685	5
79	0	0.05	-0.3002444139016781	2
79	1	0.05	0.052156194481461256	2
79	3	0.05	5.204851502785775	2
79	4	0.05	3.5254449687345577	2
79	5	0.05	2.499770852689246	2
79	6	0.05	0.21064991044476647	2
79	7	0.05	6.781783012634265	2
79	8	0.05	-0.3321240152575626	2
79	9	0.05	-0.18609798038357456	2
80	0	0.05	-4.13239673760016	9
80	1	0.05	-4.0516309900515735	9
80	2	0.05	-4.014256923038388	9
80	3	0.05	-1.205656068949287	9
80	4	0.05	2.7416165205819056	9
80	5	0.05	-2.884502661019477	9
80	6	0.05	-4.213460183846258	9
80	7	0.05	-4.108694263005262	9
80	8	0.05	-4.052254038223292	9
81	1	0.05	-7.242218214311282	0
81	2	0.05	-2.664344336401358	0
81	3	0.05	-7.335648582091712	0
81	4	0.05	-3.4314915970889386	0
81	5	0.05	-7.180849538431189	0
81	6	0.05	-1.417807100108512	0
81	7	0.05	-7.22010898921575	0
81	8	0.05	-7.315709573062419	0
81	9	0.05	-7.3038054401295796	0
82	0	0.05	-0.6255535681834609	6
82	1	0.05	-7.300021098431737	6
82	2	0.05	-6.014760313439303	6
82	3	0.05	-7.434296244107746	6
82	4	0.05	-2.1204726787825656	6
82	5	0.05	-7.2478157828982415	6
82	7	0.05	-7.3665045986049424	6
82	8	0.05	-7.376613297577898	6
82	9	0.05	-7.2096537047602505	6
83	0	0.05	-7.603940473947684	4
83	1	0.05	-7.52581124897457	4
83	2	0.05	-7.519587700013194	4
83	3	0.05	-7.630241602942669	4
83	5	0.05	-7.532538650846815	4
83	6	0.05	-3.673342783158699	4
83	7	0.05	-5.1275243129804595	4
83	8	0.05	-7.0129153160778115	4
83	9	0.05	-6.6835657122857945	4
84	0	0.05	-5.776102084458238	4
84	1	0.05	-5.693547036196211	4
84	2	0.05	-5.707681873594671	4
84	3	0.05	-4.573495582973284	4
84	5	0.05	-5.354655214588491	4
84	6	0.05	-5.846127922492106	4
84	7	0.05	-0.7214088996835087	4
84	8	0.05	-3.3390756099524	4
84	9	0.05	0.1124976464640068	4
85	0	0.05	0.938028659116895	2
85	1	0.05	-0.14468911326834183	2
85	3	0.05	6.33759253698481	2
85	4	0.05	-0.2959980983880474	2
85	5	0.05	-0.1202864823892358	2
85	6	0.05	-0.3053613835888136	2
85	7	0.05	6.146834473325275	2
85	8	0.05	1.1949771644609848	2
85	9	0.05	0.13617304429403101	2
86	0	0.05	-1.1214649634298424	8
86	1	0.05	-0.535167356251011	8
86	2	0.05	0.24027762162989635	8
86	3	0.05	4.919120948962491	8
86	4	0.05	3.837567972797847	8
86	5	0.05	2.9699078199022537	8
86	6	0.05	0.42791059974232	8
86	7	0.05	-1.371843002713918	8
86	9	0.05	4.228849928176187	8
87	0	0.05	-7.506162380897714	7
87	1	0.05	-6.596231235975623	7
87	2	0.05	-6.839398034643399	7
87	3	0.05	-6.530483835488397	7
87	4	0.05	-7.475896901325203	7
87	5	0.05	-7.4727918819508385	7
87	6	0.05	-7.589315188298279	7
87	8	0.05	-7.501072098914403	7
87	9	0.05	-7.3216988422544205	7
88	0	0.05	-7.571067431377604	8
88	1	0.05	-7.675059948123346	8
88	2	0.05	-5.966531155381218	8
88	3	0.05	-7.678070154891824	8
88	4	0.05	-7.86212755309501	8
88	5	0.05	-7.498346137553415	8
88	6	0.05	-7.783085845870441	8
88	7	0.05	-7.794778390329073	8
88	9	0.05	-5.565879952547914	8
89	0	0.05	-3.5096705144965807	3
89	1	0.05	-1.5901790704529235	3
89	2	0.05	-3.2678939145395094	3
89	4	0.05	-3.6858434838908107	3
89	5	0.05	-3.0951452448651584	3
89	6	0.05	-3.5630028417250297	3
89	7	0.05	-3.579376784458283	3
89	8	0.05	-3.50413224646841	3
89	9	0.05	-2.378003702917227	3
90	1	0.05	-7.638634583058658	0
90	2	0.05	-7.487801093150435	0
90	3	0.05	-7.719697919604917	0
90	4	0.05	-7.7445763638596254	0
90	5	0.05	-7.583658691982546	0
90	6	0.05	-7.452635090813636	0
90	7	0.05	-7.251413884097978	0
90	8	0.05	-7.704751671247678	0
90	9	0.05	-7.6819329789187885	0
91	0	0.05	-7.9548965756885295	9
91	1	0.05	-7.885141812968388	9
91	2	0.05	-7.88712079278365	9
91	3	0.05	-3.452331857768237	9
91	4	0.05	-7.789293915644966	9
91	5	0.05	-7.867153006893702	9
91	6	0.05	-8.026871088933042	9
91	7	0.05	-7.549491900378439	9
91	8	0.05	-5.894754868264325	9
92	1	0.05	-4.144854027100016	0
92	2	0.05	-1.4465734784864908	0
92	3	0.05	-0.21870657239150146	0
92	4	0.05	-4.544116029297325	0
92	5	0.05	1.0450818757537967	0
92	6	0.05	-1.7981724029433972	0
92	7	0.05	-3.4891865398705835	0
92	8	0.05	-1.2545560845149109	0
92	9	0.05	-3.7308508112794785	0
93	0	0.05	-0.512835602377056	1
93	2	0.05	0.18721141394067436	1
93	3	0.05	6.216654462927364	1
93	4	0.05	1.4560323704882294	1
93	5	0.05	1.3799537967480255	1
93	6	0.05	-0.2176371226598288	1
93	7	0.05	0.5725226034835118	1
93	8	0.05	6.180834147422477	1
93	9	0.05	4.3282860816217035	1
94	0	0.05	-2.212513590836168	1
94	2	0.05	-1.9079871519841498	1
94	3	0.05	3.7279455263781496	1
94	4	0.05	2.683154394685728	1
94	5	0.05	-2.054804719902992	1
94	6	0.05	-2.2628890798645247	1
94	7	0.05	0.7876642297645037	1
94	8	0.05	0.8775242404122051	1
94	9	0.05	1.5659023688319347	1
95	0	0.05	-3.378000678475506	9
95	1	0.05	-3.4276654563846876	9
95	2	0.05	-3.3788173008450886	9
95	3	0.05	3.237085460411124	9
95	4	0.05	-3.5920021692452186	9
95	5	0.05	3.733749759482375	9
95	6	0.05	-3.559037405726095	9
95	7	0.05	3.4292440787530616	9
95	8	0.05	-0.8636469946440537	9
96	0	0.05	-3.3154873245545984	4
96	1	0.05	0.1395937382323993	4
96	2	0.05	-3.271216266808541	4
96	3	0.05	-3.326740233661904	4
96	5	0.05	-3.160504941319344	4
96	6	0.05	1.9201458574461088	4
96	7	0.05	0.10444289381502439	4
96	8	0.05	-3.2640335165862577	4
96	9	0.05	3.714228432404638	4
97	0	0.05	-0.11102097097948013	5
97	1	0.05	-0.04939535490529545	5
97	2	0.05	0.14669376333696965	5
98	0	0.05	4.689418859361797	9
98	1	0.05	0.10208030687826053	9
98	2	0.05	4.405942011981154	9
98	3	0.05	3.1718826978761148	9
98	4	0.05	7.659832871643929	9
98	5	0.05	3.745243253100514	9
98	6	0.05	6.182231694807471	9
98	7	0.05	6.9309088042779585	9
98	8	0.05	2.407050410529904	9
100	0	0.05	-7.058340779451718	6
100	1	0.05	-6.997123987182828	6
100	2	0.05	-6.849773417868475	6
100	3	0.05	-7.1071436832248684	6
100	4	0.05	-6.747950829918465	6
100	5	0.05	-6.946192261692773	6
100	7	0.05	-7.089764241193206	6
100	8	0.05	-6.283619858298802	6
100	9	0.05	-5.166215485539456	6
101	0	0.05	-4.3888289746537055	6
101	1	0.05	-4.65625253847325	6
101	2	0.05	-4.549406069772234	6
101	3	0.05	-4.730622819546832	6
101	4	0.05	-4.767526978483923	6
101	5	0.05	2.1252748825295726	6
101	7	0.05	-4.745388721676537	6
101	8	0.05	-0.5006395494675291	6
101	9	0.05	-4.737553840275119	6
102	1	0.05	-7.644696375541375	0
102	2	0.05	-5.735348139498585	0
102	3	0.05	-7.717693865918753	0
102	4	0.05	-7.75245494617841	0
102	5	0.05	-7.5876674066595	0
102	6	0.05	-7.6140655422042265	0
102	7	0.05	-7.731469610723638	0
102	8	0.05	-7.709127666941442	0
102	9	0.05	-7.686807008355286	0
103	0	0.05	-7.503580155650533	7
103	1	0.05	-7.431451735239208	7
103	2	0.05	-7.328380825381718	7
103	3	0.05	-6.266731444069528	7
103	4	0.05	-7.492407078095558	7
103	5	0.05	-1.3201177749528339	7
103	6	0.05	-7.478084352988043	7
103	8	0.05	-7.231542083237318	7
103	9	0.05	-4.316659326155023	7
106	0	0.05	-0.9411350152611978	4
106	1	0.05	-1.146941684223502	4
106	2	0.05	5.088738852754519	4
106	3	0.05	3.511842239535306	4
106	5	0.05	1.4361348166737877	4
106	6	0.05	5.290994054711018	4
106	7	0.05	-0.44513862054746783	4
106	8	0.05	2.3592143855795675	4
106	9	0.05	-1.0654714151297395	4
107	0	0.05	-5.888433823901746	8
107	1	0.05	-5.811167097355772	8
107	2	0.05	-5.490743984344906	8
107	3	0.05	-1.2956161746443324	8
107	4	0.05	-6.0264610751443	8
107	5	0.05	-5.317619882091402	8
107	6	0.05	-5.9464071375019145	8
107	7	0.05	-0.019943158814200383	8
107	9	0.05	-5.560237549142327	8
109	0	0.05	0.8397367604527534	1
109	2	0.05	2.489932468793376	1
110	0	0.05	-1.191768689622334	8
110	1	0.05	-1.1289111635265787	8
110	2	0.05	-0.40022226397890376	8
110	3	0.05	-0.519610837390243	8
110	4	0.05	-1.168127689345267	8
110	5	0.05	0.7197686872160478	8
110	6	0.05	-1.2223248580923216	8
110	7	0.05	-1.2077620373823783	8
110	9	0.05	2.0909279731617687	8
111	1	0.05	-7.597017483193646	0
111	2	0.05	-7.4691032609741805	0
111	3	0.05	-7.664878433752016	0
111	4	0.05	-7.360682619470623	0
111	5	0.05	-7.497209013214085	0
111	6	0.05	-6.788900583009288	0
111	7	0.05	-6.19229288743915	0
111	8	0.05	-1.1079675228007226	0
111	9	0.05	-6.810110507369705	0
112	0	0.05	-0.6474954100030048	2
112	1	0.05	-2.7764497055248087	2
112	3	0.05	0.029118805896069386	2
112	4	0.05	-2.8897263241072433	2
112	5	0.05	-2.757374888701329	2
112	6	0.05	-2.9235429897786047	2
112	7	0.05	-2.909778649526368	2
112	8	0.05	3.9379674287379407	2
112	9	0.05	3.219665052619314	2
113	0	0.05	-3.0846714221889977	9
113	1	0.05	-2.9832973020720694	9
113	2	0.05	-2.9639601599277348	9
113	3	0.05	-2.4514907339349987	9
113	4	0.05	-0.6383815564141118	9
113	5	0.05	-2.8447826301288073	9
113	6	0.05	-3.2161931717979	9
113	7	0.05	1.9378632429643876	9
113	8	0.05	0.7247152380442415	9
114	0	0.05	0.19082144200925769	1
114	2	0.05	-0.0019912314856376312	1
114	3	0.05	1.2565594942637597	1
114	4	0.05	1.3377063143648784	1
114	5	0.05	-0.5179618337778897	1
114	6	0.05	3.0681039749993184	1
114	7	0.05	-0.24165877377053643	1
114	8	0.05	5.6145999417029	1
114	9	0.05	-0.4714608451806748	1
115	1	0.05	-1.6033536036142269	0
115	2	0.05	2.261324177000419	0
115	3	0.05	-1.6358661056634682	0
115	4	0.05	-1.7048576637325208	0
115	5	0.05	4.079315706172103	0
115	6	0.05	-1.0236952582859353	0
115	7	0.05	-1.703774459974218	0
115	8	0.05	-1.6572644541348662	0
115	9	0.05	-1.63067336394364	0
116	0	0.05	-4.138948519995643	3
116	1	0.05	-4.138077434878799	3
116	2	0.05	1.6304930483547269	3
116	4	0.05	-4.365754927829315	3
116	5	0.05	-3.7008415732255715	3
116	6	0.05	-4.275343347136681	3
116	7	0.05	-4.259606952842571	3
116	8	0.05	-3.1824728472515122	3
116	9	0.05	-1.9929595422311561	3
117	0	0.05	-3.4782869704840964	9
117	1	0.05	-3.4049110275488537	9
117	2	0.05	-3.275133359150512	9
117	3	0.05	3.440088829798537	9
117	4	0.05	-1.9683664867939124	9
117	5	0.05	-3.3650146339550457	9
117	6	0.05	-2.7726483067768948	9
117	7	0.05	-3.147403853008499	9
117	8	0.05	-1.85854531702678	9
118	0	0.05	-7.521350461694243	7
118	1	0.05	-6.607888971650779	7
118	2	0.05	-7.346647585168802	7
118	3	0.05	-0.03654618590538659	7
118	4	0.05	-7.504717280439843	7
118	5	0.05	-7.462784478778629	7
118	6	0.05	-7.60639544581257	7
118	8	0.05	-5.6277722657372555	7
118	9	0.05	-1.4061265378599446	7
119	1	0.05	-7.64289852490372	0
119	2	0.05	-7.492023363633321	0
119	3	0.05	-7.718527529382001	0
119	4	0.05	-7.754314372350074	0
119	5	0.05	-7.587575451624049	0
119	6	0.05	-7.675498092126901	0
119	7	0.05	-7.731487656683816	0
119	8	0.05	-7.707720099696696	0
119	9	0.05	-7.680968782934595	0
120	0	0.05	-5.10751928315593	4
120	1	0.05	-6.604838915411272	4
120	2	0.05	-6.632594717891741	4
120	3	0.05	-6.73115525401595	4
120	5	0.05	-6.620264211631537	4
120	6	0.05	-3.281342728726506	4
120	7	0.05	-2.3920049029978374	4
120	8	0.05	-6.690065266862265	4
120	9	0.05	0.605447823473748	4
121	0	0.05	-5.987905105003333	9
121	1	0.05	-6.0135294069380025	9
121	2	0.05	-5.992794142075127	9
121	3	0.05	-5.615161565095437	9
121	4	0.05	0.006165853906493267	9
121	5	0.05	-5.955245188588464	9
121	6	0.05	-5.29769351603315	9
121	7	0.05	-2.8103948361643285	9
121	8	0.05	-5.909068107096905	9
122	0	0.05	-7.263627396715814	6
122	1	0.05	-7.772415529467336	6
122	2	0.05	-7.619095227793716	6
122	3	0.05	-7.881580015363525	6
122	4	0.05	-7.709944328800178	6
122	5	0.05	-7.71655556478776	6
122	7	0.05	-7.852475725989977	6
122	8	0.05	-2.9385258879452105	6
122	9	0.05	-7.857018422491012	6
123	0	0.05	-0.21449831105937153	8
123	1	0.05	-0.14090389179502927	8
123	2	0.05	1.1524578658597782	8
123	3	0.05	4.000173402344034	8
123	4	0.05	-0.23596801572748383	8
123	5	0.05	-0.12609616759974684	8
123	6	0.05	-0.28274955684595887	8
123	7	0.05	4.502338171879767	8
123	9	0.05	6.117695298043805	8
124	0	0.05	-0.6876041425798278	9
124	1	0.05	-0.6088695987274628	9
124	2	0.05	-0.5447495004515148	9
124	3	0.05	5.805759242981925	9
124	4	0.05	1.738342463300666	9
124	5	0.05	-0.574484023801482	9
124	6	0.05	3.164756021424497	9
124	7	0.05	5.019161667275162	9
124	8	0.05	1.1578072281109564	9
125	0	0.05	-7.9124941853016315	3
125	1	0.05	-7.666776954428951	3
125	2	0.05	-7.68671073979834	3
125	4	0.05	-8.068649957455088	3
125	5	0.05	-7.772298009512252	3
125	6	0.05	-8.002186074404227	3
125	7	0.05	-7.781446418624477	3
125	8	0.05	-7.927879437936684	3
125	9	0.05	-6.284447484923546	3
126	0	0.05	4.676579601136614	5
126	1	0.05	5.235536300994621	5
126	2	0.05	1.5665856175278141	5
126	3	0.05	5.903965700472123	5
126	4	0.05	3.6802693610869825	5
126	6	0.05	6.273341873033833	5
126	7	0.05	-0.06086313589853424	5
126	8	0.05	1.9427004675948976	5
126	9	0.05	3.5297704421796787	5
127	0	0.05	-0.9865927152980235	4
127	1	0.05	-0.9281476538727479	4
127	2	0.05	-0.8162662381221154	4
127	3	0.05	-1.0444571040460855	4
127	5	0.05	-0.5366077086621492	4
128	0	0.05	-7.894650679445543	3
128	1	0.05	-7.83037512606155	3
128	2	0.05	-7.600919998508045	3
128	4	0.05	-8.039091148433334	3
128	5	0.05	-6.666489542831355	3
128	6	0.05	-7.988450590557085	3
128	7	0.05	-7.9110645794401355	3
128	8	0.05	-6.613527382851494	3
128	9	0.05	-3.4953709379244975	3
129	0	0.05	-1.4749665426823992	2
129	1	0.05	-0.1779035930916003	2
129	3	0.05	1.4890223074307314	2
129	4	0.05	-1.481676608440921	2
129	5	0.05	-1.369246220832745	2
129	6	0.05	-1.5073100165259923	2
129	7	0.05	-1.5487448048767571	2
129	8	0.05	-0.9140370479022747	2
129	9	0.05	-1.4640909008402443	2
130	0	0.05	-0.19993412408184086	2
130	1	0.05	-0.13265180999227183	2
130	3	0.05	7.519964953134252	2
130	4	0.05	-0.3136072391565808	2
130	5	0.05	-0.045720385295319674	2
130	6	0.05	-0.25515878444966267	2
130	7	0.05	3.349228444318994	2
130	8	0.05	7.479539043866793	2
130	9	0.05	2.0960732734523524	2
131	0	0.05	-5.627761616696838	4
131	1	0.05	-5.551198654247506	4
131	2	0.05	-5.567446774213646	4
131	3	0.05	-1.1972701229771865	4
131	5	0.05	-5.568569010160282	4
131	6	0.05	-5.148304991102426	4
131	7	0.05	0.25354899531834746	4
131	8	0.05	-5.644677911267597	4
131	9	0.05	-0.40179478910568295	4
132	1	0.05	-5.260007251158726	0
132	2	0.05	-4.404178730937571	0
132	3	0.05	-5.332888898183122	0
132	4	0.05	-5.3324128973953275	0
132	5	0.05	-5.202021127894515	0
132	6	0.05	-4.768640167037051	0
132	7	0.05	-5.352299824217235	0
132	8	0.05	-5.318553632394611	0
132	9	0.05	-5.0468368332274425	0
133	0	0.05	-6.942489374494641	3
133	1	0.05	-4.714455815887022	3
133	2	0.05	-6.409290823619558	3
133	4	0.05	-7.20792315970811	3
133	5	0.05	-4.885780262323445	3
133	6	0.05	-7.110196900746864	3
133	7	0.05	-7.09557697623377	3
133	8	0.05	-7.051512784726062	3
133	9	0.05	-7.047626052685619	3
134	0	0.05	3.351399607697612	2
134	1	0.05	-1.610762429518501	2
134	3	0.05	2.044628900674866	2
134	4	0.05	-1.6169589181999169	2
134	5	0.05	-1.5308916828970565	2
134	6	0.05	0.49607690070508464	2
134	7	0.05	-1.6941230774954623	2
134	8	0.05	-1.6955964336362888	2
134	9	0.05	-1.7000928558320916	2
135	0	0.05	-7.8941398491948656	3
135	1	0.05	-7.828832867999867	3
135	2	0.05	-7.646244733772042	3
135	4	0.05	-8.026723155269226	3
135	5	0.05	-7.750866866937625	3
135	6	0.05	-7.977508183531319	3
135	7	0.05	-7.908175085169164	3
135	8	0.05	-3.65387171655129	3
135	9	0.05	-2.245348221713212	3
136	0	0.05	-4.329613019963634	5
136	1	0.05	-2.868127099987704	5
136	2	0.05	-3.9520040096830367	5
136	3	0.05	3.3153611007720754	5
136	4	0.05	-4.434314661392631	5
136	6	0.05	-4.392407846012553	5
136	7	0.05	1.5134809190648875	5
136	8	0.05	1.8019354144208068	5
136	9	0.05	0.8870307252270789	5
137	0	0.05	-0.35712396318074613	1
137	2	0.05	0.04658166338863825	1
137	3	0.05	1.3239435997307083	1
137	4	0.05	0.26205779524739636	1
137	5	0.05	0.8182922894123217	1
137	6	0.05	1.5639863489813508	1
137	7	0.05	-0.2914152370805551	1
137	8	0.05	6.079783716565314	1
137	9	0.05	1.910243128206589	1
138	0	0.05	-3.0088119248934273	1
138	2	0.05	-2.55499583203388	1
138	3	0.05	0.5676809121881512	1
138	4	0.05	1.6733291740140104	1
138	5	0.05	-2.9198313142489125	1
138	6	0.05	-3.057622343221172	1
138	7	0.05	0.34460489505321784	1
138	8	0.05	2.2985818399949074	1
138	9	0.05	0.9570741709975598	1
139	0	0.05	-7.483062141491278	2
139	1	0.05	-1.9041942507127636	2
139	3	0.05	-3.929448426657621	2
139	4	0.05	-7.513591271935892	2
139	5	0.05	-7.397666321204633	2
139	6	0.05	-7.551718840193715	2
139	7	0.05	-5.307902672205018	2
139	8	0.05	-6.799392620608838	2
139	9	0.05	-7.490036472725436	2
140	0	0.05	-7.6545512406424505	4
140	1	0.05	-7.576001926619382	4
140	2	0.05	-7.629740121445418	4
140	3	0.05	-7.699381798836207	4
140	5	0.05	-7.058864885750076	4
140	6	0.05	-7.27336342799409	4
140	7	0.05	-0.6551137705336335	4
140	8	0.05	-4.617036335571484	4
140	9	0.05	-2.4308864467185276	4
141	0	0.05	-4.043568800973588	8
141	1	0.05	-3.980781041137427	8
141	2	0.05	-2.95853899075313	8
141	3	0.05	-0.03036843971602919	8
141	4	0.05	-4.090508650882386	8
141	5	0.05	-3.948099167936702	8
141	6	0.05	-0.35759611564137206	8
141	7	0.05	-4.09423083274024	8
141	9	0.05	-0.19795116455957254	8
142	0	0.05	-3.6533214582790183	2
142	1	0.05	-5.2122684603753795	2
142	3	0.05	0.5375609697865869	2
142	4	0.05	-5.344832824082435	2
142	5	0.05	-5.2632781419310515	2
142	6	0.05	-5.235828429290267	2
142	7	0.05	-5.412247293708997	2
142	8	0.05	0.6064737392941769	2
142	9	0.05	-4.467200613012861	2
143	0	0.05	-6.218475073680504	2
143	1	0.05	-6.188302355156985	2
143	3	0.05	-5.684352790016025	2
143	4	0.05	-6.181336740231707	2
143	5	0.05	-6.151774865846184	2
143	6	0.05	-6.302796086613675	2
143	7	0.05	-6.309574102058658	2
143	8	0.05	-6.3078833795860065	2
143	9	0.05	-6.242766181936094	2
144	0	0.05	-7.630812946475973	6
144	1	0.05	-7.566284272421436	6
144	2	0.05	-7.430949108675593	6
144	3	0.05	-7.67239071601075	6
144	4	0.05	-7.400782706915291	6
144	5	0.05	-7.529997536148547	6
144	7	0.05	-7.194866864918274	6
144	8	0.05	-6.246031986122623	6
144	9	0.05	-7.209280784841192	6
145	0	0.05	-6.278660777449598	8
145	1	0.05	-6.127466777215949	8
145	2	0.05	1.2683961243878599	8
145	3	0.05	-3.6221422049028953	8
145	4	0.05	-6.352049931894661	8
145	5	0.05	-6.115149227602125	8
145	6	0.05	-6.32557661092084	8
145	7	0.05	-6.315522311803852	8
145	9	0.05	-0.9357593505695059	8
146	0	0.05	4.524874242829853	6
146	1	0.05	2.2953151740996147	6
146	2	0.05	0.1944443205303085	6
146	3	0.05	0.1467714411110777	6
146	4	0.05	0.3348564924085026	6
146	5	0.05	5.253027250164667	6
146	7	0.05	-0.2097641015373751	6
146	8	0.05	7.090538926311889	6
146	9	0.05	-0.140343879770771	6
147	0	0.05	-4.943588250379282	1
147	2	0.05	-4.430101602420902	1
147	3	0.05	-2.4370356473190937	1
147	4	0.05	-1.1831302225792997	1
147	5	0.05	-1.9490745429239091	1
147	6	0.05	-2.4354342478590523	1
147	7	0.05	0.8952660458571472	1
147	8	0.05	0.9984699020611056	1
147	9	0.05	-4.880198914558535	1
148	0	0.05	-0.020456683563030875	7
148	1	0.05	6.414571210440761	7
148	2	0.05	7.106965507514222	7
149	1	0.05	-7.648466395542151	0
149	2	0.05	-7.498295624765321	0
149	3	0.05	-7.7204206960391915	0
149	4	0.05	-7.762785085548407	0
149	5	0.05	-7.5852717661142925	0
149	6	0.05	-7.693726037531932	0
149	7	0.05	-7.735495682305161	0
149	8	0.05	-7.702598220469475	0
149	9	0.05	-7.6838179068667305	0
150	0	0.05	3.9957541099598037	6
150	1	0.05	-0.3032861249308908	6
150	2	0.05	2.847293658326685	6
150	3	0.05	-0.39809238209033054	6
150	4	0.05	6.432648778517936	6
150	5	0.05	1.1362767147863377	6
150	7	0.05	-0.04631787067427832	6
150	8	0.05	-0.38480302387435167	6
150	9	0.05	-0.2967018373131148	6
