Img	Target_Label	Epsilon	Objective_Value	Label
1	0	0.05	7.505266533511665	2
1	1	0.05	7.390665150351527	2
1	3	0.05	7.484532810921185	2
1	4	0.05	7.372156335781136	2
1	5	0.05	7.46468145520132	2
1	6	0.05	7.50710384652927	2
1	7	0.05	7.567933793469348	2
1	8	0.05	7.559261554194411	2
1	9	0.05	7.406232280549981	2
2	1	0.05	-6.3586889488415155	0
2	2	0.05	-4.140838570343226	0
2	3	0.05	-7.174371114739061	0
2	4	0.05	-2.0458883828046734	0
2	5	0.05	-2.468240967367207	0
2	6	0.05	-2.4922471164034476	0
2	7	0.05	-6.523989880041028	0
2	8	0.05	-3.4213669226538825	0
2	9	0.05	-6.744577370999898	0
3	0	0.05	1.513728841657376	4
3	1	0.05	3.501800593390882	4
3	2	0.05	4.216863768700606	4
3	3	0.05	5.2471363101709185	4
3	5	0.05	2.9257318972119184	4
3	6	0.05	4.061352617261103	4
3	7	0.05	6.061276829228276	4
3	8	0.05	5.771747377354518	4
3	9	0.05	5.2869537594041045	4
4	0	0.05	7.631582004920744	8
4	1	0.05	7.607035488375103	8
4	2	0.05	7.622038151930159	8
4	3	0.05	7.564700454571966	8
4	4	0.05	7.56633415686546	8
4	5	0.05	7.548641188953	8
4	6	0.05	7.643608233205502	8
4	7	0.05	7.656974630995256	8
4	9	0.05	7.501629560515431	8
5	0	0.05	5.9396507447387625	7
5	1	0.05	4.750202575191041	7
5	2	0.05	6.770269537228467	7
5	3	0.05	6.2329941721161495	7
5	4	0.05	4.512470939298794	7
5	5	0.05	5.354092104780892	7
5	6	0.05	3.0515078920151	7
5	8	0.05	5.849800583173724	7
5	9	0.05	7.073726006736535	7
6	0	0.05	6.391040663639506	6
6	1	0.05	6.068553015312113	6
6	2	0.05	7.512310360651762	6
6	3	0.05	6.027491748662497	6
6	4	0.05	7.354612014998561	6
6	5	0.05	6.71830811232825	6
6	7	0.05	6.1599097925667765	6
6	8	0.05	7.181688173411071	6
6	9	0.05	5.861322215673268	6
7	1	0.05	-3.9420008295033555	0
7	2	0.05	0.8305192099861971	0
7	3	0.05	-0.4791649614271582	0
7	4	0.05	-0.14317595947693987	0
7	5	0.05	1.7074166528105226	0
7	6	0.05	0.708998871390404	0
7	7	0.05	0.973440799212201	0
7	8	0.05	-2.7535533002120944	0
7	9	0.05	-3.1185433283719677	0
8	0	0.05	7.5750637512384476	6
8	1	0.05	7.57064928364476	6
8	2	0.05	7.540463513101079	6
8	3	0.05	7.525381880713483	6
8	4	0.05	7.524798956682926	6
8	5	0.05	7.532146441164675	6
8	7	0.05	7.64610701136309	6
8	8	0.05	7.632895936897811	6
8	9	0.05	7.46889340186913	6
9	0	0.05	1.3908243463561887	3
9	1	0.05	6.9117093299004315	3
9	2	0.05	7.218744866377419	3
9	4	0.05	6.274115764716062	3
9	5	0.05	7.469620456017162	3
9	6	0.05	1.8292149497458543	3
9	7	0.05	3.665428384327099	3
9	8	0.05	7.544172382957266	3
9	9	0.05	4.045266023298564	3
10	0	0.05	7.568526346372957	1
10	2	0.05	7.554964472136729	1
10	3	0.05	7.5162921480733225	1
10	4	0.05	7.430670108478835	1
10	5	0.05	7.508637717110931	1
10	6	0.05	7.575885746825997	1
10	7	0.05	7.540112779932	1
10	8	0.05	7.591714079723799	1
10	9	0.05	6.9320815030353975	1
11	0	0.05	5.014868975920193	8
11	1	0.05	5.698683930844135	8
11	2	0.05	6.955851808567711	8
11	3	0.05	5.192963868944063	8
11	4	0.05	5.56665352057547	8
11	5	0.05	7.435419424131136	8
11	6	0.05	7.628902979243958	8
11	7	0.05	2.7878262113321424	8
11	9	0.05	6.646516763843373	8
12	1	0.05	-7.5138514497204945	0
12	2	0.05	-0.2434394419101002	0
12	3	0.05	-1.008103231408097	0
12	4	0.05	-6.215071478537889	0
12	5	0.05	-6.364059452789863	0
12	6	0.05	-4.304298958533117	0
12	7	0.05	-4.495632465744437	0
12	8	0.05	-2.916197680751284	0
12	9	0.05	-2.8394042828755865	0
13	0	0.05	7.607657184453156	7
13	1	0.05	6.194003916129122	7
13	2	0.05	7.620356481670173	7
13	3	0.05	7.571425739145255	7
13	4	0.05	5.827120762550656	7
13	5	0.05	7.4721740140390605	7
13	6	0.05	4.798801194280385	7
13	8	0.05	7.147737210632126	7
13	9	0.05	7.464375378364635	7
14	0	0.05	1.7711502633086407	9
14	1	0.05	0.469411945055454	9
14	2	0.05	1.844334115387064	9
14	3	0.05	5.3101987527181205	9
14	4	0.05	3.362901219326884	9
14	5	0.05	4.3251605526128705	9
14	6	0.05	0.14176463525821734	9
14	7	0.05	6.087362122098853	9
14	8	0.05	7.158571726924239	9
15	0	0.05	-0.0669563421825918	8
15	1	0.05	-5.253975159911789	8
15	2	0.05	1.2668653741369076	8
15	3	0.05	0.11542258018751542	8
15	4	0.05	-5.2431143005643905	8
15	5	0.05	-3.3482979804128465	8
15	6	0.05	-5.124022031047205	8
15	7	0.05	-4.78051914505047	8
15	9	0.05	-1.1118133062211053	8
16	0	0.05	5.885982062367151	4
16	1	0.05	-0.958591609118231	4
16	2	0.05	2.9330765028976398	4
16	3	0.05	-0.8936417546522282	4
16	5	0.05	-0.46319372088947686	4
16	6	0.05	5.391540536321652	4
16	7	0.05	2.163948019217128	4
16	8	0.05	6.068868193477403	4
16	9	0.05	4.58185625752246	4
17	0	0.05	6.82392297829598	5
17	1	0.05	3.8069664025123093	5
17	2	0.05	5.156063379495821	5
17	3	0.05	5.6064589678887735	5
17	4	0.05	4.106942683544141	5
17	6	0.05	6.140947775347053	5
17	7	0.05	4.676595856669796	5
17	8	0.05	5.381598160776053	5
17	9	0.05	5.019991518701436	5
18	0	0.05	7.519600407114832	3
18	1	0.05	7.428798208450522	3
18	2	0.05	5.73536075624908	3
18	4	0.05	6.797854603216662	3
18	5	0.05	7.483361419309491	3
18	6	0.05	6.621987671197877	3
18	7	0.05	5.980692070906518	3
18	8	0.05	6.580493368051687	3
18	9	0.05	6.968556324599027	3
19	0	0.05	5.786382537292497	4
19	1	0.05	7.349552896238354	4
19	2	0.05	5.570891793350761	4
19	3	0.05	7.253967464503916	4
19	5	0.05	6.092463951888157	4
19	6	0.05	6.1197286290533155	4
19	7	0.05	7.438312130282946	4
19	8	0.05	7.53580165325402	4
19	9	0.05	7.347439431701191	4
20	1	0.05	5.957641175338234	0
20	2	0.05	7.53862873439988	0
20	3	0.05	7.482022115995213	0
20	4	0.05	5.887520561663634	0
20	5	0.05	7.497160971014741	0
20	6	0.05	6.884477248497509	0
20	7	0.05	7.538033284869831	0
20	8	0.05	7.598085641058965	0
20	9	0.05	7.379391280083616	0
21	0	0.05	7.568311319665968	6
21	1	0.05	7.575316234790487	6
21	2	0.05	7.545165111119874	6
21	3	0.05	7.52830523917554	6
21	4	0.05	7.5339212415372305	6
21	5	0.05	7.534315387856153	6
21	7	0.05	7.663442824086267	6
21	8	0.05	7.6356147629239315	6
21	9	0.05	7.4916274613402765	6
22	0	0.05	7.230660950800885	6
22	1	0.05	7.57061925205872	6
22	2	0.05	7.542468741200645	6
22	3	0.05	7.521326166342399	6
22	4	0.05	7.5294999971373375	6
22	5	0.05	7.527320081687753	6
22	7	0.05	7.654751625974628	6
22	8	0.05	7.62868676460898	6
22	9	0.05	7.476083852738455	6
23	0	0.05	7.566389409507061	3
23	1	0.05	7.550960805988751	3
23	2	0.05	7.536020959120791	3
23	4	0.05	7.349005692041955	3
23	5	0.05	7.489960615430218	3
23	6	0.05	7.35578604417746	3
23	7	0.05	7.574055054044281	3
23	8	0.05	7.121352099808433	3
23	9	0.05	7.32778408893917	3
24	1	0.05	-1.484957641689319	0
24	2	0.05	1.7965434647768779	0
24	3	0.05	-3.906773996092984	0
24	4	0.05	-0.07168293574253397	0
24	5	0.05	1.7807616600337826	0
24	6	0.05	1.9482923913832602	0
24	7	0.05	-2.3661831289344892	0
24	8	0.05	-2.157941502813346	0
24	9	0.05	0.07082685125436919	0
25	0	0.05	4.5891290330988515	2
25	1	0.05	4.961313752529915	2
25	3	0.05	5.33199321642065	2
25	4	0.05	1.8142908647894793	2
25	5	0.05	4.1601748155507945	2
25	6	0.05	4.133996537047933	2
25	7	0.05	-1.1171719184300066	2
25	8	0.05	4.370161929738647	2
25	9	0.05	3.411319652385436	2
26	0	0.05	-7.382737207233826	3
26	1	0.05	-6.658640068611141	3
26	2	0.05	-6.3760582959130145	3
26	4	0.05	-7.340059266840646	3
26	5	0.05	-7.004424459660953	3
26	6	0.05	-7.405563445247099	3
26	7	0.05	-7.440469392592343	3
26	8	0.05	-5.24156727732823	3
26	9	0.05	-6.259780990547599	3
27	0	0.05	7.577581346449664	6
27	1	0.05	7.579993740007327	6
27	2	0.05	7.545619483825143	6
27	3	0.05	7.53783118865657	6
27	4	0.05	7.53679026492748	6
27	5	0.05	7.53917823828949	6
27	7	0.05	7.663040404132899	6
27	8	0.05	7.6405242747674444	6
27	9	0.05	7.501225445708183	6
28	0	0.05	7.1428031832358085	6
28	1	0.05	6.7057383439802205	6
28	2	0.05	7.524988368878734	6
28	3	0.05	7.248438666328863	6
28	4	0.05	7.233640449368275	6
28	5	0.05	7.1869190541552355	6
28	7	0.05	5.8065710223033244	6
28	8	0.05	7.45609826644396	6
28	9	0.05	6.222572930783432	6
29	0	0.05	7.593239770469082	7
29	1	0.05	6.770772762253033	7
29	2	0.05	7.624457813314459	7
29	3	0.05	6.996261991500141	7
29	4	0.05	7.080128924326751	7
29	5	0.05	7.307123343685892	7
29	6	0.05	7.124024260472486	7
29	8	0.05	7.642903318114768	7
29	9	0.05	7.450675024454877	7
30	0	0.05	7.5222198186873985	4
30	1	0.05	7.191146605482605	4
30	2	0.05	7.486229676001004	4
30	3	0.05	7.436151463137165	4
30	5	0.05	7.4505241795754715	4
30	6	0.05	7.5003329681870685	4
30	7	0.05	7.580665841623288	4
30	8	0.05	7.5435712281556535	4
30	9	0.05	7.390387749966608	4
31	0	0.05	7.560552450352127	9
31	1	0.05	7.512410488426801	9
31	2	0.05	7.521900695545526	9
31	3	0.05	7.436800366483249	9
31	4	0.05	7.470856603351599	9
31	5	0.05	7.437105369998136	9
31	6	0.05	7.530975005301089	9
31	7	0.05	7.5704995885234565	9
31	8	0.05	7.540085416661113	9
32	0	0.05	-7.39089434166513	3
32	1	0.05	-7.413035856413408	3
32	2	0.05	-6.426816453475184	3
32	4	0.05	-7.341426578084398	3
32	5	0.05	-7.3519167691037905	3
32	6	0.05	-7.417746441297136	3
32	7	0.05	-7.345230522479175	3
32	8	0.05	-7.402229889632734	3
32	9	0.05	-5.971337511820785	3
33	0	0.05	7.207093733118713	8
33	1	0.05	6.139475498519457	8
33	2	0.05	7.615726538657231	8
33	3	0.05	7.248618172224937	8
33	4	0.05	5.4063836719816045	8
33	5	0.05	6.462129166149044	8
33	6	0.05	6.960544712348567	8
33	7	0.05	4.249136160630051	8
33	9	0.05	6.846383169691013	8
35	0	0.05	-7.275246707066945	5
35	1	0.05	-6.188931228881139	5
35	2	0.05	-5.838435098452118	5
35	3	0.05	-4.177022271352798	5
35	4	0.05	-7.256507764251559	5
35	6	0.05	-4.559353471764633	5
35	7	0.05	-7.3854431909645	5
35	8	0.05	-3.0318906903446106	5
35	9	0.05	-4.132590704002404	5
36	0	0.05	6.926071595417342	4
36	1	0.05	6.43265552367589	4
36	2	0.05	7.45953761903075	4
36	3	0.05	6.485592666889895	4
36	5	0.05	7.0845628517224934	4
36	6	0.05	7.512153126383761	4
36	7	0.05	7.292076232595003	4
36	8	0.05	7.537176887014885	4
36	9	0.05	7.1587200795623405	4
37	0	0.05	5.79668523421032	2
37	1	0.05	7.412451857054639	2
37	3	0.05	7.433715130667219	2
37	4	0.05	6.970403040599451	2
37	5	0.05	6.6411089528273335	2
37	6	0.05	7.213434487424069	2
37	7	0.05	7.484845601439582	2
37	8	0.05	7.497612647140195	2
37	9	0.05	4.199018267962629	2
38	0	0.05	7.355345941485026	5
38	1	0.05	6.393748544269284	5
38	2	0.05	7.436022088522151	5
38	3	0.05	6.75479948338934	5
38	4	0.05	6.288083358118942	5
38	6	0.05	7.485435036844178	5
38	7	0.05	6.743680786634387	5
38	8	0.05	7.535521267241032	5
38	9	0.05	6.157907459783289	5
39	0	0.05	7.542467817706282	5
39	1	0.05	7.5265962025935575	5
39	2	0.05	7.526682698370736	5
39	3	0.05	7.4898450045587674	5
39	4	0.05	7.483196262962091	5
39	6	0.05	7.5442951899120025	5
39	7	0.05	7.592540037520723	5
39	8	0.05	7.5526871790151615	5
39	9	0.05	7.409838045015111	5
40	0	0.05	7.617947553649817	8
40	1	0.05	7.553917433710504	8
40	2	0.05	7.6103883254222415	8
40	3	0.05	7.538092802409931	8
40	4	0.05	7.2445937524842305	8
40	5	0.05	7.533533975054283	8
40	6	0.05	7.625352385817531	8
40	7	0.05	7.080886215425121	8
40	9	0.05	7.417078248536618	8
41	0	0.05	-0.8203506140676936	5
41	1	0.05	-5.928448168617002	5
41	2	0.05	-5.652663641150317	5
41	3	0.05	-2.434060835484669	5
41	4	0.05	-6.581143558406281	5
41	6	0.05	-6.655999913872802	5
41	7	0.05	-6.137036203750017	5
41	8	0.05	-1.0989691972929203	5
41	9	0.05	-3.056207205969987	5
42	0	0.05	2.5543369048503584	2
42	1	0.05	4.944222173177357	2
42	3	0.05	6.892689092814101	2
42	4	0.05	-0.06750577950122688	2
42	5	0.05	4.406869268504469	2
42	6	0.05	4.6869875396613105	2
42	7	0.05	5.443575372587036	2
42	8	0.05	5.689586619075406	2
42	9	0.05	2.7222602280743597	2
43	0	0.05	7.537602276782747	9
43	1	0.05	7.505374758471926	9
43	2	0.05	7.518336994208435	9
43	3	0.05	7.4315474529269165	9
44	0	0.05	7.458291310250505	2
44	1	0.05	7.171252345028413	2
44	3	0.05	7.453143260148615	2
44	4	0.05	7.274023114202429	2
44	5	0.05	6.672084525231155	2
44	6	0.05	7.492737252334751	2
44	7	0.05	7.472345765045686	2
44	8	0.05	6.47812705559366	2
44	9	0.05	5.6554566094038625	2
45	0	0.05	4.587293877280876	4
45	1	0.05	2.537187656261799	4
45	2	0.05	5.859235119777231	4
45	3	0.05	3.595135214518909	4
45	5	0.05	5.664454138795604	4
45	6	0.05	6.214971453135651	4
45	7	0.05	6.768754402333318	4
45	8	0.05	7.14679868621116	4
45	9	0.05	6.788352664102351	4
46	0	0.05	3.470854268956628	2
46	1	0.05	5.069642829152355	2
46	3	0.05	5.670974687500852	2
46	4	0.05	0.04794680329401681	2
46	5	0.05	2.165285928666604	2
46	6	0.05	4.378932713680759	2
46	7	0.05	-0.6168942271807244	2
46	8	0.05	2.567763142340831	2
46	9	0.05	1.960315570763956	2
47	0	0.05	7.632040797819681	7
47	1	0.05	7.634307821409426	7
47	2	0.05	7.632867207744138	7
47	3	0.05	7.603749476970389	7
47	4	0.05	7.595053245335123	7
47	5	0.05	7.577366436710902	7
47	6	0.05	7.627852354177294	7
47	8	0.05	7.657441911543165	7
47	9	0.05	7.527513507441215	7
48	1	0.05	-7.512214784823101	0
48	2	0.05	-1.8306068653759395	0
48	3	0.05	-5.210896172276701	0
48	4	0.05	-1.448240028161568	0
48	5	0.05	-3.46244977319689	0
48	6	0.05	-0.8141837223392657	0
48	7	0.05	-1.7750338239309722	0
48	8	0.05	-3.3272371288623166	0
48	9	0.05	-0.8794487147161129	0
49	0	0.05	-7.390252401132908	5
49	1	0.05	-7.437421730108468	5
49	2	0.05	-5.887805111171388	5
49	3	0.05	-4.7258688396768855	5
49	4	0.05	-7.354360293974535	5
49	6	0.05	-7.438883283332991	5
49	7	0.05	-4.02466027711756	5
49	8	0.05	-3.7702790317387245	5
49	9	0.05	-7.074620544070444	5
50	0	0.05	7.327039324522603	1
50	2	0.05	7.554431448702134	1
50	3	0.05	7.449905467374666	1
50	4	0.05	6.822438216771508	1
50	5	0.05	7.1999066451409	1
50	6	0.05	6.612715616855513	1
50	7	0.05	7.434775451050368	1
50	8	0.05	7.59088214634341	1
50	9	0.05	7.097779676051971	1
51	1	0.05	4.242572669883004	0
51	2	0.05	7.241311135636876	0
51	3	0.05	4.836899421427042	0
51	4	0.05	6.1401134476256995	0
51	5	0.05	6.3402197000832325	0
51	6	0.05	5.640907611178931	0
51	7	0.05	5.3619128108068335	0
51	8	0.05	6.7207976912779435	0
51	9	0.05	5.449444992627661	0
52	0	0.05	6.80831450463039	7
52	1	0.05	6.064065923124189	7
52	2	0.05	7.357282961986266	7
52	3	0.05	7.567471888346701	7
52	4	0.05	5.936426902411878	7
52	5	0.05	7.055703818973099	7
52	6	0.05	5.136492753155226	7
52	8	0.05	7.5271945867774015	7
52	9	0.05	7.463326859020279	7
53	0	0.05	7.527908571250722	9
53	1	0.05	7.509414278172787	9
53	2	0.05	7.522827123157767	9
53	3	0.05	7.433939766376593	9
53	4	0.05	7.470059471459844	9
53	5	0.05	7.436029334127924	9
53	6	0.05	7.527186715725236	9
53	7	0.05	7.569933389467735	9
53	8	0.05	7.5390244791523555	9
54	0	0.05	7.514430229851798	9
54	1	0.05	6.8320279761534914	9
54	2	0.05	7.5193642073571345	9
54	3	0.05	7.052481615016347	9
54	4	0.05	7.467215578359336	9
54	5	0.05	7.431927837881989	9
54	6	0.05	7.519835301840687	9
54	7	0.05	7.565487961126177	9
54	8	0.05	7.531665921926049	9
55	0	0.05	7.333802636224806	9
55	1	0.05	6.279288701110657	9
55	2	0.05	7.295176014160843	9
55	3	0.05	6.771280651936138	9
55	4	0.05	7.463006452426667	9
55	5	0.05	7.426037831865164	9
55	6	0.05	6.996043800675748	9
55	7	0.05	7.555764782253849	9
55	8	0.05	7.527090171684873	9
56	0	0.05	-7.064979600976594	6
56	1	0.05	-7.300458765301328	6
56	2	0.05	-7.355753620071044	6
56	3	0.05	-7.503617176520907	6
56	4	0.05	-4.563757273083954	6
56	5	0.05	-7.330338178007794	6
56	7	0.05	-7.593757822004251	6
56	8	0.05	-1.6112313673051284	6
56	9	0.05	-7.464722275954008	6
57	0	0.05	7.440165861949323	5
57	1	0.05	5.834820124269883	5
57	2	0.05	7.16581075833261	5
57	3	0.05	7.442300611296458	5
57	4	0.05	5.3471169913965415	5
57	6	0.05	2.471217774483586	5
57	7	0.05	5.964691321949961	5
57	8	0.05	6.904426087097205	5
57	9	0.05	7.331044197309841	5
58	0	0.05	-7.141362030625337	8
58	1	0.05	-6.7207519370472175	8
58	2	0.05	-6.639528245109582	8
58	3	0.05	-2.5469505615326877	8
58	4	0.05	-7.348770345374775	8
58	5	0.05	-3.0718021130336877	8
58	6	0.05	-6.937496238599612	8
58	7	0.05	-7.465699329074962	8
58	9	0.05	-2.892332592211398	8
59	0	0.05	5.249705686718766	8
59	1	0.05	-0.4359956252533067	8
59	2	0.05	5.223207735299386	8
59	3	0.05	1.466846194580288	8
59	4	0.05	0.6312949153520899	8
59	5	0.05	2.5575087394446387	8
59	6	0.05	4.358283865250308	8
59	7	0.05	0.1466284744000828	8
59	9	0.05	3.0740855542391023	8
60	0	0.05	0.13002506887055118	6
60	1	0.05	-1.6183944839839501	6
60	2	0.05	-0.6218581625478639	6
60	3	0.05	-6.589987459584853	6
60	4	0.05	-1.7158854044377094	6
60	5	0.05	-4.06587779027651	6
60	7	0.05	-6.697776825593359	6
60	8	0.05	-0.06970551453056056	6
60	9	0.05	-4.130335079702774	6
61	0	0.05	4.6094009014816475	9
61	1	0.05	1.9175364937496808	9
61	2	0.05	4.482272523842182	9
61	3	0.05	5.8416718054474215	9
61	4	0.05	6.5706373614736835	9
61	5	0.05	6.9118039004339655	9
61	6	0.05	4.85319324298341	9
61	7	0.05	6.8458122339199	9
61	8	0.05	5.133524289208116	9
62	0	0.05	7.554857971322773	9
62	1	0.05	0.03339336549381428	9
62	2	0.05	6.8423265982729005	9
62	3	0.05	5.847609669447989	9
62	4	0.05	7.453975914317044	9
62	5	0.05	6.412019696449646	9
62	6	0.05	5.977770517387604	9
62	7	0.05	7.248547972336465	9
62	8	0.05	7.514211505051381	9
63	0	0.05	7.541085833789493	5
63	1	0.05	7.521505702364606	5
63	2	0.05	7.522087591190191	5
63	3	0.05	7.471384899572135	5
63	4	0.05	7.473253946724296	5
63	6	0.05	7.10302812990081	5
63	7	0.05	7.590082257807162	5
63	8	0.05	7.54891964360402	5
63	9	0.05	7.382991797833649	5
64	0	0.05	6.5497962145657	4
64	1	0.05	7.383256007464134	4
64	2	0.05	7.48934806885252	4
64	3	0.05	7.4762331105322595	4
64	5	0.05	7.436127098599343	4
64	6	0.05	7.5115133835262915	4
64	7	0.05	7.575050979320898	4
64	8	0.05	7.548347295960758	4
64	9	0.05	7.39790667151775	4
65	0	0.05	4.266847556047799	2
65	1	0.05	5.794827977457668	2
65	3	0.05	7.303748742336964	2
65	4	0.05	4.0522300998223475	2
65	5	0.05	3.1740985651225375	2
65	6	0.05	4.870204490708608	2
65	7	0.05	5.949602231649563	2
65	8	0.05	5.49969421614836	2
65	9	0.05	2.7687259831309112	2
66	0	0.05	6.24855089538566	6
66	1	0.05	4.5414608365205495	6
66	2	0.05	5.085466073405916	6
66	3	0.05	5.058451883076896	6
66	4	0.05	6.533961901709003	6
66	5	0.05	5.559773913415034	6
66	7	0.05	4.414393328802707	6
66	8	0.05	6.117101345978654	6
66	9	0.05	5.671743770230243	6
67	0	0.05	0.018485520323050956	8
67	1	0.05	-6.064899777527696	8
67	2	0.05	-4.6716643961414555	8
67	3	0.05	-0.21902765028540025	8
67	4	0.05	-6.163279391345779	8
67	5	0.05	-0.789033490805902	8
67	6	0.05	-6.212139236435801	8
67	7	0.05	-6.266959181733292	8
67	9	0.05	-1.6489430868548145	8
68	0	0.05	7.591966226449387	1
68	2	0.05	7.560194658730559	1
68	3	0.05	7.545390247685372	1
68	4	0.05	7.527453279932085	1
68	5	0.05	7.522187896913046	1
68	6	0.05	7.581093845410268	1
68	7	0.05	7.642045365699575	1
68	8	0.05	7.607278460498184	1
68	9	0.05	7.481975065157887	1
69	1	0.05	4.283071926449146	0
69	2	0.05	6.222433538585681	0
69	3	0.05	4.44198176658534	0
69	4	0.05	6.599152182192063	0
69	5	0.05	5.070844954372497	0
69	6	0.05	6.851738266349778	0
69	7	0.05	6.4314101621490325	0
69	8	0.05	4.857819130843695	0
69	9	0.05	5.3673535511276995	0
70	0	0.05	4.778355386302906	6
70	1	0.05	4.491709300359395	6
70	2	0.05	7.451344868390492	6
70	3	0.05	6.637060547108234	6
70	4	0.05	6.596112406067327	6
70	5	0.05	6.097303306901987	6
70	7	0.05	5.032853216708243	6
70	8	0.05	6.8846521420634295	6
70	9	0.05	1.4851609865659763	6
71	0	0.05	7.537442486738884	9
71	1	0.05	6.486315838861554	9
71	2	0.05	7.510952863638487	9
71	3	0.05	7.427434814001504	9
71	4	0.05	7.459377629840227	9
71	5	0.05	7.431294427222602	9
71	6	0.05	7.363906504628528	9
71	7	0.05	7.563670842486095	9
71	8	0.05	7.531750560863412	9
72	0	0.05	7.486643759916023	5
72	1	0.05	6.169331557487862	5
72	2	0.05	6.902164150382395	5
72	3	0.05	7.231085741806726	5
72	4	0.05	4.912638072458904	5
72	6	0.05	6.211838436549852	5
72	7	0.05	7.432011006325506	5
72	8	0.05	7.291590165974909	5
72	9	0.05	5.9057007661029735	5
73	0	0.05	4.502486448616611	5
73	1	0.05	5.996115220300491	5
73	2	0.05	5.826768437524585	5
73	3	0.05	6.175482118440489	5
73	4	0.05	4.5934319597406486	5
73	6	0.05	5.885316732001715	5
73	7	0.05	3.3585258949135817	5
73	8	0.05	6.6095230720362395	5
73	9	0.05	5.812829535581908	5
74	0	0.05	-6.865423365775983	4
74	1	0.05	-3.0900727151410097	4
74	2	0.05	-6.331351397314578	4
74	3	0.05	-6.388298377890974	4
74	5	0.05	-2.430943624854012	4
74	6	0.05	-2.086305559839067	4
74	7	0.05	-0.7444920639495025	4
74	8	0.05	-0.29605714582894466	4
74	9	0.05	-3.7627868716638937	4
75	0	0.05	7.590489245768102	1
75	2	0.05	7.559772411522273	1
75	3	0.05	7.544846976638294	1
75	4	0.05	7.527761925816178	1
75	5	0.05	7.520516075179974	1
75	6	0.05	7.581164034433735	1
75	7	0.05	7.641157327580759	1
75	8	0.05	7.606654129885186	1
75	9	0.05	7.477659645962997	1
76	0	0.05	6.954750544547011	6
76	1	0.05	7.359713465924838	6
76	2	0.05	7.527985630063565	6
76	3	0.05	7.498011874952131	6
76	4	0.05	7.403342738170573	6
76	5	0.05	7.133296803946826	6
76	7	0.05	6.401232276000701	6
76	8	0.05	7.590290425040275	6
76	9	0.05	5.754606898144106	6
77	0	0.05	6.1860267222344465	7
77	1	0.05	5.843513349459313	7
77	2	0.05	7.545171323356619	7
77	3	0.05	7.565808011071935	7
77	4	0.05	4.5982733361727135	7
77	5	0.05	6.548011143600526	7
77	6	0.05	4.89170243522052	7
77	8	0.05	7.599054869680934	7
77	9	0.05	7.392821496039974	7
78	0	0.05	7.540292777938608	5
78	1	0.05	7.434235683494727	5
78	2	0.05	7.493984246565208	5
78	3	0.05	7.460960092928266	5
78	4	0.05	7.473602403179628	5
78	6	0.05	7.5124987714684766	5
78	7	0.05	7.530964933227694	5
78	8	0.05	7.541259067054643	5
78	9	0.05	7.363378450326846	5
79	0	0.05	7.22061259371126	2
79	1	0.05	7.512597048293964	2
79	3	0.05	7.489919667739385	2
79	4	0.05	7.464633682245389	2
79	5	0.05	7.461530694090446	2
79	6	0.05	7.508711647049245	2
79	7	0.05	7.579783967944809	2
79	8	0.05	7.556428877388231	2
79	9	0.05	7.429408958568335	2
80	0	0.05	6.993245022047997	9
80	1	0.05	7.487113719696528	9
80	2	0.05	7.487835770431056	9
80	3	0.05	7.425491850383254	9
81	1	0.05	4.420262400548085	0
81	2	0.05	6.414352835733686	0
81	3	0.05	0.766425279599003	0
81	4	0.05	6.068958191502683	0
81	5	0.05	3.2046814562941406	0
81	6	0.05	6.8360690131878625	0
81	7	0.05	4.073324588804439	0
81	8	0.05	3.7377232547490533	0
81	9	0.05	4.5512410194907185	0
82	0	0.05	6.684071294810871	6
82	1	0.05	3.0440015254171904	6
82	2	0.05	6.498419618056824	6
82	3	0.05	0.142161505619368	6
82	4	0.05	6.079574310891112	6
82	5	0.05	2.5099362774284564	6
82	7	0.05	1.901616243097133	6
82	8	0.05	5.654667380698076	6
82	9	0.05	4.457939592951169	6
83	0	0.05	6.723655507546352	4
83	1	0.05	6.154585008792847	4
83	2	0.05	7.362908479378513	4
83	3	0.05	7.210969150502585	4
83	5	0.05	6.5940139922204	4
83	6	0.05	7.460222925452236	4
83	7	0.05	7.56216870771689	4
83	8	0.05	7.527906655174453	4
83	9	0.05	7.369740757263287	4
84	0	0.05	6.233033691873487	4
84	1	0.05	6.0848158706448165	4
84	2	0.05	6.153509141074111	4
84	3	0.05	6.688767341227024	4
84	5	0.05	7.008405332753055	4
84	6	0.05	6.724185453641992	4
84	7	0.05	6.960826096393559	4
84	8	0.05	7.521122554466077	4
84	9	0.05	7.183138096533492	4
85	0	0.05	7.027785487673111	2
85	1	0.05	7.192236329537821	2
85	3	0.05	7.42450966677085	2
86	0	0.05	7.626060283242135	8
86	1	0.05	7.605300759104172	8
86	2	0.05	7.621589346641964	8
86	3	0.05	7.563516700293487	8
86	4	0.05	7.570823278161746	8
86	5	0.05	7.545759239186705	8
86	6	0.05	7.642676068806454	8
86	7	0.05	7.657633686036246	8
86	9	0.05	7.501752581023759	8
87	0	0.05	4.924358848333013	7
87	1	0.05	4.518796637628939	7
87	2	0.05	5.8077066991116935	7
87	3	0.05	6.115297710423408	7
87	4	0.05	5.34045923002304	7
87	5	0.05	5.6136825156726555	7
87	6	0.05	3.3460224324168553	7
87	8	0.05	5.763524837622589	7
87	9	0.05	5.908854658511017	7
88	0	0.05	5.226818749498525	8
88	1	0.05	1.2718142427036314	8
88	2	0.05	6.306213346174722	8
88	3	0.05	4.8456670036261755	8
88	4	0.05	-0.10542709674397738	8
88	5	0.05	1.2591064616519025	8
88	6	0.05	2.433825594424638	8
88	7	0.05	0.8177684213049761	8
88	9	0.05	3.1996267234392555	8
89	0	0.05	5.7169409027839295	3
89	1	0.05	6.055011461440096	3
89	2	0.05	5.7423238292844365	3
89	4	0.05	5.7794867317855925	3
89	5	0.05	7.453625144072014	3
89	6	0.05	0.39292874891239193	3
89	7	0.05	4.770519604097974	3
89	8	0.05	7.324400819934413	3
89	9	0.05	6.2383963363452235	3
90	1	0.05	-5.941006972334963	0
90	2	0.05	-0.004577511010333024	0
90	3	0.05	-4.6332072363037575	0
90	4	0.05	-5.0457767834256	0
90	5	0.05	-3.7647873889847614	0
90	6	0.05	-0.18589474050710442	0
90	7	0.05	-2.023649089037133	0
90	8	0.05	-3.7488829914480126	0
90	9	0.05	-1.2361053982296308	0
91	0	0.05	4.3615251681313705	9
91	1	0.05	1.1923825764912928	9
91	2	0.05	5.505041980272229	9
91	3	0.05	5.437018135065257	9
91	4	0.05	6.100256961717684	9
91	5	0.05	5.76537470097233	9
91	6	0.05	3.762301660261737	9
91	7	0.05	6.756747698910477	9
91	8	0.05	6.7770279934148325	9
92	1	0.05	6.735128960357221	0
92	2	0.05	7.541712844285635	0
92	3	0.05	6.752633795412926	0
92	4	0.05	7.413765452004062	0
92	5	0.05	7.4970955391646745	0
92	6	0.05	7.473340532624426	0
92	7	0.05	7.2495785413787335	0
92	8	0.05	7.567481499171718	0
92	9	0.05	6.025226007556795	0
93	0	0.05	7.310778519498687	1
93	2	0.05	7.551598058049382	1
93	3	0.05	7.527868967539444	1
93	4	0.05	7.522820675420563	1
93	5	0.05	7.510880813928465	1
93	6	0.05	7.132646908068827	1
93	7	0.05	7.625542808399395	1
93	8	0.05	7.60217225118807	1
93	9	0.05	7.4574636536528764	1
94	0	0.05	7.196357847233339	1
94	2	0.05	7.542371887858171	1
94	3	0.05	7.531833694588569	1
94	4	0.05	7.520591952278683	1
94	5	0.05	7.49851504696617	1
94	6	0.05	7.561361322906537	1
94	7	0.05	7.629161479776611	1
94	8	0.05	7.601361573976454	1
94	9	0.05	7.457586519898381	1
95	0	0.05	7.415920208940928	9
95	1	0.05	4.8632490090312785	9
95	2	0.05	5.916756674743901	9
95	3	0.05	7.335302381492062	9
95	4	0.05	5.960353948959221	9
95	5	0.05	7.260432007003904	9
95	6	0.05	5.990855725377405	9
95	7	0.05	7.551028059753171	9
95	8	0.05	7.266546868175219	9
96	0	0.05	-4.035721278735964	4
96	1	0.05	-0.08938518814966036	4
96	2	0.05	-1.472935744917628	4
96	3	0.05	-1.485882855682663	4
96	5	0.05	-3.433994359450869	4
96	6	0.05	-0.12825820530549492	4
96	7	0.05	1.5421738432217442	4
96	8	0.05	1.4195403496777907	4
96	9	0.05	1.2456775074774682	4
97	0	0.05	6.888957155924398	5
97	1	0.05	7.4568335154491345	5
97	2	0.05	7.374965300898598	5
97	3	0.05	7.464479213489683	5
97	4	0.05	6.582816416607974	5
97	6	0.05	7.456377287700491	5
97	7	0.05	7.492321021236885	5
97	8	0.05	7.532333410587	5
97	9	0.05	5.909863364178977	5
98	0	0.05	7.55947197899964	9
98	1	0.05	7.508873275041307	9
98	2	0.05	7.522327442573807	9
98	3	0.05	7.434779880422608	9
98	4	0.05	7.470142940365634	9
98	5	0.05	7.436470511564794	9
98	6	0.05	7.530164063703297	9
98	7	0.05	7.5707207248033805	9
98	8	0.05	7.538620670544502	9
100	0	0.05	6.914548088726538	6
100	1	0.05	5.901346276266513	6
100	2	0.05	7.520746637056552	6
100	3	0.05	6.248472412144453	6
100	4	0.05	7.221262002603184	6
100	5	0.05	7.262986307565143	6
100	7	0.05	5.572046174651633	6
100	8	0.05	7.580673902679856	6
100	9	0.05	6.510016883566085	6
101	0	0.05	5.3176778513259375	6
101	1	0.05	6.436663930019663	6
101	2	0.05	6.532228327589117	6
101	3	0.05	7.125196843091991	6
101	4	0.05	6.774412578021755	6
101	5	0.05	7.50425178884646	6
101	7	0.05	3.823016067324123	6
101	8	0.05	7.594132157255292	6
101	9	0.05	5.253659542820981	6
102	1	0.05	-7.394798052083692	0
102	2	0.05	-4.47300722475767	0
102	3	0.05	-7.487879760994915	0
102	4	0.05	-6.625944326164946	0
102	5	0.05	-6.161712354978193	0
102	6	0.05	-2.5008276011950312	0
102	7	0.05	-7.034676116986129	0
102	8	0.05	-6.230073592011965	0
102	9	0.05	-6.007431871081561	0
103	0	0.05	5.774103197718918	7
103	1	0.05	4.605388385001551	7
103	2	0.05	4.916657153208164	7
103	3	0.05	6.235739477398485	7
103	4	0.05	4.623468672294867	7
103	5	0.05	6.042044183293808	7
103	6	0.05	4.099987433440765	7
103	8	0.05	5.508742643811356	7
103	9	0.05	5.900138830048162	7
104	0	0.05	7.464942839822082	7
104	1	0.05	6.661449517719674	7
104	2	0.05	7.170736837818303	7
104	3	0.05	7.528536352837211	7
105	0	0.05	7.556016893565492	8
105	1	0.05	7.599240565804171	8
105	2	0.05	7.620933168614642	8
105	3	0.05	7.5574090874447135	8
105	4	0.05	7.5651106491555895	8
105	5	0.05	7.532965007917407	8
105	6	0.05	7.062957551695788	8
105	7	0.05	7.6524794348428316	8
105	9	0.05	7.485200658461799	8
106	0	0.05	7.548827789191761	4
106	1	0.05	7.515745542070856	4
106	2	0.05	7.497560071056648	4
106	3	0.05	7.502894636556345	4
106	5	0.05	7.474590382401838	4
106	6	0.05	7.533128675843724	4
106	7	0.05	7.5914667382089736	4
106	8	0.05	7.5613199373078706	4
106	9	0.05	7.423480051095804	4
107	0	0.05	5.403099579694054	8
107	1	0.05	2.1475421922583955	8
107	2	0.05	6.786502371913437	8
107	3	0.05	7.399869000936373	8
107	4	0.05	0.17661173108737346	8
107	5	0.05	6.313649093722141	8
107	6	0.05	2.932504998490897	8
107	7	0.05	6.8885570111102625	8
107	9	0.05	4.558609431118037	8
109	0	0.05	7.593752986562208	1
109	2	0.05	7.560313552416861	1
109	3	0.05	7.55060421783484	1
109	4	0.05	7.529759476511999	1
109	5	0.05	7.5250539845933355	1
109	6	0.05	7.582763439078069	1
109	7	0.05	7.645089631524037	1
109	8	0.05	7.609582681393848	1
109	9	0.05	7.491711439061771	1
110	0	0.05	7.500928895169253	8
110	1	0.05	7.02307221582327	8
110	2	0.05	7.6008360629459	8
110	3	0.05	7.514230010187196	8
110	4	0.05	6.088323481609115	8
110	5	0.05	7.53371327064059	8
110	6	0.05	6.574230510770907	8
110	7	0.05	6.575070292386876	8
110	9	0.05	7.376684848012718	8
111	1	0.05	5.9961025788637015	0
111	2	0.05	6.670439055035206	0
111	3	0.05	5.9680241623047365	0
111	4	0.05	5.613523700120559	0
111	5	0.05	7.48100632911522	0
111	6	0.05	6.969561781027317	0
111	7	0.05	6.112793213631372	0
111	8	0.05	6.9746450026474	0
111	9	0.05	6.465981832303562	0
112	0	0.05	7.509194528401289	2
112	1	0.05	7.474791105274106	2
112	3	0.05	7.461082987539206	2
112	4	0.05	6.605804686517614	2
112	5	0.05	7.336026093021129	2
112	6	0.05	7.4495111094627475	2
112	7	0.05	6.97197913748015	2
112	8	0.05	7.559422360819131	2
112	9	0.05	7.374172080320532	2
113	0	0.05	6.914740108109014	9
113	1	0.05	7.101645835758757	9
113	2	0.05	5.654173044767059	9
113	3	0.05	6.639688918102924	9
113	4	0.05	6.347768237181647	9
113	5	0.05	6.898519584982464	9
113	6	0.05	5.753110175419347	9
113	7	0.05	7.548090381363099	9
113	8	0.05	7.528272428563163	9
114	0	0.05	7.591706150458219	1
114	2	0.05	7.558825941115625	1
114	3	0.05	7.539725767626038	1
114	4	0.05	7.526687324248024	1
114	5	0.05	7.517852958374021	1
114	6	0.05	7.581037213332686	1
114	7	0.05	7.633499941256756	1
114	8	0.05	7.604206134623134	1
114	9	0.05	7.470991917849265	1
115	1	0.05	4.00473354421402	0
115	2	0.05	5.273301624425999	0
115	3	0.05	4.288451486271079	0
115	4	0.05	4.395928884440559	0
115	5	0.05	6.037140005257206	0
115	6	0.05	5.353206963141029	0
115	7	0.05	4.516688252763427	0
115	8	0.05	3.400405255506791	0
115	9	0.05	4.860693278644188	0
116	0	0.05	7.516387652843251	3
116	1	0.05	7.54860565725422	3
116	2	0.05	7.5354541665572965	3
116	4	0.05	7.486779324573165	3
116	5	0.05	7.487630528091516	3
116	6	0.05	6.848286939367894	3
116	7	0.05	7.2219522302797445	3
116	8	0.05	7.571088656824523	3
116	9	0.05	7.374478284044224	3
117	0	0.05	5.760377913304282	9
117	1	0.05	5.443343982331001	9
117	2	0.05	7.154918273105796	9
117	3	0.05	7.419649083025465	9
117	4	0.05	7.097159446961184	9
117	5	0.05	6.369945278407793	9
117	6	0.05	5.841300352090585	9
117	7	0.05	7.547633563180219	9
117	8	0.05	7.3449635052153095	9
118	0	0.05	6.22980891528535	7
118	1	0.05	3.605703724132285	7
118	2	0.05	6.171846614466567	7
118	3	0.05	6.559803871645747	7
118	4	0.05	3.383266408836757	7
118	5	0.05	5.905154461607841	7
118	6	0.05	1.691785459605312	7
118	8	0.05	5.919702835392311	7
118	9	0.05	7.369672373340794	7
119	1	0.05	-7.537118489286338	0
119	2	0.05	-4.20136529349026	0
119	3	0.05	-7.487946040145201	0
119	4	0.05	-6.933204686606148	0
119	5	0.05	-5.6425985427219425	0
119	6	0.05	-1.94480593543021	0
119	7	0.05	-6.538895522724393	0
119	8	0.05	-7.404004602052205	0
119	9	0.05	-6.021741918082542	0
120	0	0.05	-7.411382358109385	4
120	1	0.05	-6.963236225060535	4
120	2	0.05	-7.249962818490995	4
120	3	0.05	-7.404040653319775	4
120	5	0.05	-3.5752661786456863	4
120	6	0.05	-2.995469482338777	4
120	7	0.05	-0.7990008606003546	4
120	8	0.05	-1.532010540065107	4
120	9	0.05	-7.155110737913494	4
121	0	0.05	5.958661625062884	9
121	1	0.05	5.236690352392751	9
121	2	0.05	6.795861245761954	9
121	3	0.05	6.556046386083953	9
121	4	0.05	7.441433185340519	9
121	5	0.05	6.316698847778504	9
121	6	0.05	5.985440970662489	9
121	7	0.05	7.45969036007003	9
121	8	0.05	7.080594106856823	9
122	0	0.05	7.515689641617849	6
122	1	0.05	6.220153049522084	6
122	2	0.05	7.5225382943613415	6
122	3	0.05	6.690258066512525	6
122	4	0.05	6.630818369600228	6
122	5	0.05	6.082926913667193	6
122	7	0.05	5.65831568964861	6
122	8	0.05	7.580512946409959	6
122	9	0.05	6.481013301237962	6
123	0	0.05	7.487011311471344	8
123	1	0.05	5.5515354030117585	8
123	2	0.05	7.617950878543097	8
123	3	0.05	7.536059043840529	8
123	4	0.05	5.15501331022117	8
123	5	0.05	7.520903289140207	8
123	6	0.05	6.455161575802781	8
123	7	0.05	7.6488992382837235	8
123	9	0.05	7.457644284544119	8
124	0	0.05	7.379095057066522	9
124	1	0.05	7.347765474422539	9
124	2	0.05	7.514267045382891	9
124	3	0.05	7.429804817336231	9
124	4	0.05	7.466039104230648	9
124	5	0.05	7.434276708319818	9
124	6	0.05	7.477575666679577	9
124	7	0.05	7.566878589653351	9
124	8	0.05	7.536297753541072	9
125	0	0.05	-7.361352079022595	3
125	1	0.05	-7.385567947919412	3
125	2	0.05	-5.633859799301344	3
125	4	0.05	-7.30442061187676	3
125	5	0.05	-2.7640854469044607	3
125	6	0.05	-7.392071775444269	3
125	7	0.05	-5.678460619979584	3
125	8	0.05	-7.204084624890379	3
125	9	0.05	-5.024138228540991	3
126	0	0.05	7.542529867631691	5
126	1	0.05	7.527193265027829	5
126	2	0.05	7.526224413496968	5
126	3	0.05	7.487799778823002	5
126	4	0.05	7.484269242976427	5
126	6	0.05	7.544150165977467	5
126	7	0.05	7.584432175396564	5
126	8	0.05	7.552345682339385	5
126	9	0.05	7.406353382558935	5
127	0	0.05	7.139665024576823	4
127	1	0.05	7.203667724358374	4
127	2	0.05	7.454515491094245	4
127	3	0.05	7.450411246894741	4
127	5	0.05	7.44776016788846	4
127	6	0.05	7.517524181108341	4
127	7	0.05	7.559965390356067	4
127	8	0.05	7.529303535833062	4
127	9	0.05	7.136080435549181	4
128	0	0.05	3.557635945000459	3
128	1	0.05	0.8858338886150317	3
128	2	0.05	3.893645526676655	3
128	4	0.05	-1.1402512278296222	3
128	5	0.05	3.295946444621257	3
128	6	0.05	-1.420562813462257	3
128	7	0.05	1.4800173755975694	3
128	8	0.05	4.2345040509028475	3
128	9	0.05	4.46699543661045	3
129	0	0.05	4.551058276111888	2
129	1	0.05	6.07105195781578	2
129	3	0.05	4.8359646132651095	2
129	4	0.05	3.247587558698835	2
129	5	0.05	0.7961831017300777	2
129	6	0.05	5.813761130401265	2
129	7	0.05	0.22248741237996142	2
129	8	0.05	4.6240855168971775	2
129	9	0.05	1.9188828618339335	2
130	0	0.05	7.119984564182101	2
130	1	0.05	7.293864305537352	2
130	3	0.05	7.399858010648996	2
130	4	0.05	4.0202971277750255	2
130	5	0.05	7.379428086044077	2
130	6	0.05	4.065815157795391	2
130	7	0.05	6.006090182131683	2
130	8	0.05	7.491386126204992	2
130	9	0.05	5.963735134682088	2
131	0	0.05	2.772602222595855	4
131	1	0.05	1.1082943295191179	4
131	2	0.05	3.2827214800564426	4
131	3	0.05	3.9947328681551078	4
131	5	0.05	4.7154399316465065	4
131	6	0.05	4.559172086010346	4
131	7	0.05	6.580682117618581	4
131	8	0.05	6.490000820620991	4
131	9	0.05	5.5388881383371436	4
132	1	0.05	2.8733762012380146	0
132	2	0.05	6.314778559749741	0
132	3	0.05	0.879504697012828	0
132	4	0.05	5.07027188269467	0
132	5	0.05	2.801683047460206	0
132	6	0.05	5.173969369777805	0
132	7	0.05	4.309074479419151	0
132	8	0.05	5.660354788545684	0
132	9	0.05	5.241762119755509	0
133	0	0.05	6.444726991471249	3
133	1	0.05	7.345961093957978	3
133	2	0.05	7.39176704337295	3
133	4	0.05	7.295928848150098	3
133	5	0.05	7.465422144852161	3
133	6	0.05	6.110631396993182	3
133	7	0.05	5.523944888569764	3
133	8	0.05	6.579679504242517	3
133	9	0.05	6.822230241686528	3
134	0	0.05	7.509011846969625	2
134	1	0.05	7.339352729213571	2
134	3	0.05	7.45661001492077	2
134	4	0.05	7.383348010356118	2
134	5	0.05	7.041727568857528	2
134	6	0.05	7.504159293090918	2
134	7	0.05	6.933160528904417	2
134	8	0.05	7.271662077150952	2
134	9	0.05	6.5737006801258095	2
135	0	0.05	1.534369140329155	3
135	1	0.05	4.616775649569635	3
135	2	0.05	5.893904193038316	3
135	4	0.05	5.015528922629066	3
135	5	0.05	4.767993047607066	3
135	6	0.05	-0.34018101765791725	3
135	7	0.05	0.7762231594559283	3
135	8	0.05	7.027470959710984	3
135	9	0.05	4.339807169094825	3
136	0	0.05	7.54125582855726	5
136	1	0.05	7.524663565534953	5
136	2	0.05	7.5254732932678365	5
136	3	0.05	7.482247760439563	5
136	4	0.05	7.414548776664968	5
136	6	0.05	7.537766135394251	5
136	7	0.05	7.5912565847056594	5
136	8	0.05	7.552684069212275	5
136	9	0.05	7.400549187662427	5
137	0	0.05	7.464574366503098	1
137	2	0.05	7.552685824341593	1
137	3	0.05	7.435117243710936	1
137	4	0.05	7.513469525089189	1
137	5	0.05	7.507792506956219	1
137	6	0.05	7.575743021323021	1
137	7	0.05	7.191473699475919	1
137	8	0.05	7.596158369699196	1
137	9	0.05	7.394323137446565	1
138	0	0.05	5.540747145988552	1
138	2	0.05	7.545334053814859	1
138	3	0.05	7.5207787633026735	1
138	4	0.05	7.5147267600681245	1
138	5	0.05	6.347594817758507	1
138	6	0.05	7.093535304822937	1
138	7	0.05	7.615960656330509	1
138	8	0.05	7.5878542938290225	1
138	9	0.05	7.082138453645686	1
139	0	0.05	5.203534796764718	2
139	1	0.05	7.2362751008322155	2
139	3	0.05	6.87608519660515	2
139	4	0.05	4.648293628917115	2
139	5	0.05	6.794129962117964	2
139	6	0.05	5.834026153633879	2
139	7	0.05	4.999516126372157	2
139	8	0.05	5.815521451064121	2
139	9	0.05	5.224313488374975	2
140	0	0.05	-7.49252821962738	4
140	1	0.05	-7.4918102261550485	4
140	2	0.05	-7.312620240907232	4
140	3	0.05	-7.464929699980451	4
140	5	0.05	-7.4544154039133925	4
140	6	0.05	-6.1761770753861995	4
140	7	0.05	-4.402828595086869	4
140	8	0.05	-7.313477537097513	4
140	9	0.05	-7.357074574862663	4
141	0	0.05	7.100254940163536	8
141	1	0.05	7.153942491814151	8
141	2	0.05	7.618836240266518	8
141	3	0.05	7.548938466113647	8
141	4	0.05	7.319770073400461	8
141	5	0.05	6.241302653039822	8
141	6	0.05	7.640203826762511	8
141	7	0.05	6.188469505070296	8
141	9	0.05	7.093755275096475	8
142	0	0.05	7.419761667387706	2
142	1	0.05	7.487137410813281	2
142	3	0.05	7.459196164803011	2
142	4	0.05	6.793263789005989	2
142	5	0.05	7.121532687309141	2
142	6	0.05	7.401759318110157	2
142	7	0.05	6.762628151233769	2
142	8	0.05	7.344216265791767	2
142	9	0.05	6.840326827481703	2
143	0	0.05	5.9422846657682316	2
143	1	0.05	6.967686645888727	2
143	3	0.05	7.424250447228286	2
143	4	0.05	6.890705577550825	2
143	5	0.05	6.4489587877094054	2
143	6	0.05	7.393582546516495	2
143	7	0.05	7.3299578098319	2
143	8	0.05	6.840237729457215	2
143	9	0.05	3.7870851974251236	2
144	0	0.05	5.115729416488392	6
144	1	0.05	3.3749701719946925	6
144	2	0.05	4.956132343168836	6
144	3	0.05	3.985921553357897	6
144	4	0.05	5.584553838157885	6
144	5	0.05	3.7126686724533196	6
144	7	0.05	4.41036961243025	6
144	8	0.05	4.095685805125626	6
144	9	0.05	4.044895091871955	6
145	0	0.05	7.105189791379249	8
145	1	0.05	6.682157323124051	8
145	2	0.05	7.591203169351309	8
145	3	0.05	6.681996677807575	8
145	4	0.05	4.699957582325253	8
145	5	0.05	6.730035372816788	8
145	6	0.05	5.41755721230429	8
145	7	0.05	5.110536005708643	8
145	9	0.05	6.667292408094953	8
146	0	0.05	7.575036934064536	6
146	1	0.05	7.569867368152969	6
146	2	0.05	7.535907122961756	6
146	3	0.05	7.524595514677725	6
146	4	0.05	7.520797626017815	6
146	5	0.05	7.530939457279729	6
146	7	0.05	7.546231080904737	6
146	8	0.05	7.631089735296819	6
146	9	0.05	7.425836071480815	6
147	0	0.05	7.5675521523734615	1
147	2	0.05	7.5581415831503564	1
147	3	0.05	7.528908058902844	1
147	4	0.05	7.513460734906515	1
147	5	0.05	7.510842299110418	1
147	6	0.05	7.57879828402216	1
147	7	0.05	7.624277722146905	1
147	8	0.05	7.598989285080039	1
147	9	0.05	7.350156680661022	1
149	1	0.05	-7.556654012034843	0
149	2	0.05	-6.837458057879927	0
149	3	0.05	-7.522110592257083	0
149	4	0.05	-6.95254773501703	0
149	5	0.05	-4.318478935030293	0
149	6	0.05	-7.05281015077844	0
149	7	0.05	-7.588413292325805	0
149	8	0.05	-7.592176289129854	0
149	9	0.05	-7.2259872874877065	0
150	0	0.05	7.534837007675069	6
150	1	0.05	6.415195270708593	6
150	2	0.05	7.523072166846622	6
150	3	0.05	7.316431958104993	6
150	4	0.05	7.503146775619701	6
150	5	0.05	7.054656582862647	6
150	7	0.05	6.952790625926534	6
150	8	0.05	6.7096245193505615	6
150	9	0.05	6.084907431612851	6
