Img	Target_Label	Epsilon	Objective_Value	Label
1	0	0.05	-2.4116390199425717	2
1	1	0.05	-2.4236069235389373	2
1	3	0.05	3.392086375480901	2
1	4	0.05	-2.512607746331877	2
1	5	0.05	-2.5122674738618733	2
1	6	0.05	0.5054457106787235	2
1	7	0.05	-2.1688056631643304	2
1	8	0.05	1.6871691770138113	2
1	9	0.05	-0.9740213952696357	2
2	1	0.05	-7.546191481967476	0
2	2	0.05	-7.518622252871682	0
2	3	0.05	-7.365963262223523	0
2	4	0.05	-7.621454263723427	0
2	5	0.05	-7.573793127127974	0
2	6	0.05	-7.043497285305421	0
2	7	0.05	-7.632674504783031	0
2	8	0.05	-7.384398851615465	0
2	9	0.05	-7.469937172415635	0
3	0	0.05	-7.702390791082801	4
3	1	0.05	-7.76432248183584	4
3	2	0.05	-7.743309194175006	4
3	3	0.05	-7.7757873303855565	4
3	5	0.05	-7.753753672175299	4
3	6	0.05	-7.816072400960296	4
3	7	0.05	-7.738101289981061	4
3	8	0.05	-7.839153890760073	4
3	9	0.05	-5.9776390413522895	4
4	0	0.05	6.634221672904839	8
4	1	0.05	3.6788435215851236	8
4	2	0.05	5.488487368707232	8
4	3	0.05	6.269934089662686	8
4	4	0.05	0.09041013971367286	8
4	5	0.05	7.526695783742382	8
4	6	0.05	7.265742898110005	8
4	7	0.05	0.026970156896632888	8
4	9	0.05	3.6974302221923425	8
5	0	0.05	-7.61729708408335	7
5	1	0.05	-7.670426454919512	7
5	2	0.05	-6.684556105511389	7
5	3	0.05	-7.0344592174930485	7
5	4	0.05	-7.255785314138236	7
5	5	0.05	-7.615451620836778	7
5	6	0.05	-7.488672775228115	7
5	8	0.05	-7.751089021899367	7
5	9	0.05	-7.288496076692196	7
6	0	0.05	-7.672596327673512	6
6	1	0.05	-7.671019129066533	6
6	2	0.05	-4.846949170483571	6
6	3	0.05	-7.30135484837568	6
6	4	0.05	-7.7518933342443255	6
6	5	0.05	-4.279195642544474	6
6	7	0.05	-7.835094622759966	6
6	8	0.05	-1.585680560412219	6
6	9	0.05	-5.7418096600316355	6
7	1	0.05	-7.551350137171983	0
7	2	0.05	-7.523950137243933	0
7	3	0.05	-7.373901436770155	0
7	4	0.05	-7.628874182296929	0
7	5	0.05	-7.574665141143033	0
7	6	0.05	-7.591597576637503	0
7	7	0.05	-7.641299789625901	0
7	8	0.05	-7.675111911190576	0
7	9	0.05	-7.466686561001649	0
8	0	0.05	2.4582200995529893	6
8	1	0.05	-0.8058900389920791	6
8	2	0.05	3.9936675256521865	6
8	3	0.05	-0.44681873178688525	6
8	4	0.05	-0.8117145707248759	6
8	5	0.05	5.56048362634432	6
8	7	0.05	-0.9802053853197711	6
8	8	0.05	4.691154563804392	6
8	9	0.05	-0.7988088651545097	6
9	0	0.05	-0.29563915114968037	3
9	1	0.05	-0.22626632800825536	3
9	2	0.05	0.6871595595694375	3
9	4	0.05	-0.4215707255053131	3
9	5	0.05	5.60365952131367	3
9	6	0.05	-0.36793702909001685	3
9	7	0.05	-0.4653660783077178	3
9	8	0.05	3.827321978891047	3
9	9	0.05	-0.2852904250331965	3
10	0	0.05	0.5180996046768634	1
10	2	0.05	5.148944386058675	1
10	3	0.05	2.9725842729395495	1
10	4	0.05	0.5849116466155474	1
10	5	0.05	3.8185215695020185	1
10	6	0.05	1.4049186417614385	1
10	7	0.05	2.3656198636882504	1
10	8	0.05	1.880548414726729	1
10	9	0.05	-0.6981671692374967	1
11	0	0.05	-1.3345639092201136	8
11	1	0.05	-1.3180775711393413	8
11	2	0.05	-0.39268663559402245	8
11	3	0.05	-1.1355654878834176	8
11	4	0.05	-0.39554863173938815	8
11	5	0.05	5.161047125132918	8
11	6	0.05	4.66301530567201	8
11	7	0.05	-1.5064913398904898	8
11	9	0.05	-1.3100866894865577	8
12	1	0.05	-7.535882577757657	0
12	2	0.05	-6.160601707640205	0
12	3	0.05	-7.210897576957198	0
12	4	0.05	-7.611929463419152	0
12	5	0.05	-7.584637517576864	0
12	6	0.05	-7.406036018311212	0
12	7	0.05	-7.65383941716673	0
12	8	0.05	-7.495063483394278	0
12	9	0.05	-7.468144330901564	0
13	0	0.05	4.264784382049753	7
13	1	0.05	-1.8627026466993568	7
13	2	0.05	4.407900894725262	7
13	3	0.05	4.178174113798122	7
13	4	0.05	-1.9257354092516117	7
13	5	0.05	2.88602253931381	7
13	6	0.05	-1.948853297226835	7
13	8	0.05	-1.9291513141814811	7
13	9	0.05	3.5564277272635922	7
14	0	0.05	-5.171088065122825	9
14	1	0.05	-5.224268242428384	9
14	2	0.05	-5.216233617123545	9
14	3	0.05	-3.3911238133442887	9
14	4	0.05	-5.16279110188209	9
14	5	0.05	-5.175607619521087	9
14	6	0.05	-5.291114841385763	9
14	7	0.05	-3.709729862082464	9
14	8	0.05	-2.9655478167108282	9
15	0	0.05	-3.923218433516132	8
15	1	0.05	-7.5169451309646425	8
15	2	0.05	-5.255363531628803	8
15	3	0.05	-6.976491697186948	8
15	4	0.05	-7.614415305298189	8
15	5	0.05	-2.4526671468771752	8
15	6	0.05	-7.108809951968877	8
15	7	0.05	-7.670130667952529	8
15	9	0.05	-3.3069955813466634	8
16	0	0.05	-6.63104959028695	4
16	1	0.05	-6.811795785516977	4
16	2	0.05	-6.470019492196325	4
16	3	0.05	-6.774706855919333	4
16	5	0.05	-6.844545903264336	4
16	6	0.05	-2.5119941407171025	4
16	7	0.05	-6.934885994304575	4
16	8	0.05	-3.048600660403819	4
16	9	0.05	-6.386317366134801	4
17	0	0.05	-4.8753408862363035	5
17	1	0.05	-6.52591248426261	5
17	2	0.05	-7.612781884645878	5
17	3	0.05	-6.799617094577214	5
17	4	0.05	-7.690605540644039	5
17	6	0.05	-7.393523136014648	5
17	7	0.05	-7.74222051230376	5
17	8	0.05	-6.972976116328982	5
17	9	0.05	-7.552101354328337	5
18	0	0.05	-0.6895628905852852	3
18	1	0.05	-2.7291106569389565	3
18	2	0.05	-5.244113524108722	3
18	4	0.05	-5.571039797200274	3
18	5	0.05	1.68809677344519	3
18	6	0.05	-5.499402845724859	3
18	7	0.05	-5.563180396307812	3
18	8	0.05	-5.537398103966053	3
18	9	0.05	-1.5588979110107957	3
19	0	0.05	3.0441594435066444	4
19	1	0.05	3.3653965827790566	4
19	2	0.05	-0.32390586722718234	4
19	3	0.05	3.295534254182506	4
19	5	0.05	5.2226189848587214	4
19	6	0.05	-0.40608803596816917	4
19	7	0.05	2.9123849478565753	4
19	8	0.05	4.485932987173987	4
19	9	0.05	7.269182129571867	4
20	1	0.05	-0.4209561837333767	0
20	2	0.05	2.8441769408008386	0
20	3	0.05	0.7078459445706088	0
20	4	0.05	-0.4930163130585515	0
20	5	0.05	3.5009767523925643	0
20	6	0.05	0.8947064583624571	0
20	7	0.05	4.87987012945721	0
20	8	0.05	6.042595460715084	0
20	9	0.05	4.238513990274366	0
21	0	0.05	-2.4465156732664526	6
21	1	0.05	-4.784389993590403	6
21	2	0.05	1.47411622827914	6
21	3	0.05	-2.990998013797905	6
21	4	0.05	-2.1669355949020876	6
21	5	0.05	-1.615770517657889	6
21	7	0.05	-4.091587017227286	6
21	8	0.05	-2.7438947699724454	6
21	9	0.05	0.8189953853208447	6
22	0	0.05	-0.9903411151214101	6
22	1	0.05	-0.9291739710554477	6
22	2	0.05	3.669710088050786	6
22	3	0.05	0.5845915078915694	6
22	4	0.05	1.026664750678773	6
22	5	0.05	2.631094112491856	6
22	7	0.05	-0.6006560064095173	6
22	8	0.05	3.4352205217235507	6
22	9	0.05	0.7125902784009518	6
23	0	0.05	-7.090063237455656	3
23	1	0.05	-0.6787540961568506	3
23	2	0.05	-3.50728207684194	3
23	4	0.05	-7.259360113762728	3
23	5	0.05	0.42367979919807297	3
23	6	0.05	-7.21122624668979	3
23	7	0.05	-7.202615774285236	3
23	8	0.05	-7.181875642299577	3
23	9	0.05	-7.122750972315337	3
24	1	0.05	-7.509159081706273	0
24	2	0.05	-2.0659867282664663	0
24	3	0.05	-7.329521358203499	0
24	4	0.05	-7.588722315986835	0
24	5	0.05	-5.592739467076011	0
24	6	0.05	-4.425198221186737	0
24	7	0.05	-7.602331207780891	0
24	8	0.05	-7.640013488121731	0
24	9	0.05	-4.546223270418207	0
25	0	0.05	-5.206224217087545	2
25	1	0.05	-2.6232510664448343	2
25	3	0.05	-0.2869067481230208	2
25	4	0.05	-7.564215287814833	2
25	5	0.05	-7.581374154275559	2
25	6	0.05	-7.341547379431784	2
25	7	0.05	-7.5469587596398	2
25	8	0.05	-7.53893082505502	2
25	9	0.05	-7.4554128412955745	2
26	0	0.05	-7.905689272243579	3
26	1	0.05	-7.87319566618264	3
26	2	0.05	-7.120479514725598	3
26	4	0.05	-8.055844858584406	3
26	5	0.05	-1.9440830363463282	3
26	6	0.05	-8.032542316714235	3
26	7	0.05	-8.047395006368479	3
26	8	0.05	-8.00234220114967	3
26	9	0.05	-7.50940996206322	3
27	0	0.05	-0.19006438509366308	6
27	1	0.05	4.820420474752069	6
27	2	0.05	3.7976422562833507	6
27	3	0.05	5.205381527853609	6
27	4	0.05	0.3102537619838974	6
27	5	0.05	5.268650113196867	6
27	7	0.05	-0.33941377652392307	6
27	8	0.05	3.896791688952681	6
27	9	0.05	-0.15036276231312629	6
28	0	0.05	-7.688009887090146	6
28	1	0.05	-7.685966094413413	6
28	2	0.05	-6.034809986930343	6
28	3	0.05	-7.633810938219064	6
28	4	0.05	-7.787083410156786	6
28	5	0.05	-5.836028879128307	6
28	7	0.05	-7.8564862055965605	6
28	8	0.05	-6.978810510856104	6
28	9	0.05	-7.716759106530255	6
29	0	0.05	-5.36378500576271	7
29	1	0.05	-5.38962228283945	7
29	2	0.05	-3.5400216064941055	7
29	3	0.05	0.5878642803113576	7
29	4	0.05	-5.446657239905032	7
29	5	0.05	-2.594714834401496	7
29	6	0.05	-5.393105723213892	7
29	8	0.05	-3.702893341937577	7
29	9	0.05	-5.020876225527264	7
30	0	0.05	0.14004944428017158	4
30	1	0.05	-1.831411949755364	4
30	2	0.05	-0.8131386551875504	4
30	3	0.05	-1.8518206743810226	4
30	5	0.05	2.283180319848143	4
30	6	0.05	3.7516930016344374	4
30	7	0.05	3.817541419071602	4
30	8	0.05	-1.9351410215453	4
30	9	0.05	3.4859584501102185	4
32	0	0.05	-7.905063445103425	3
32	1	0.05	-7.876791096726754	3
32	2	0.05	-7.881291639426093	3
32	4	0.05	-8.043700843289503	3
32	5	0.05	-7.961285608746748	3
32	6	0.05	-8.032187092116569	3
32	7	0.05	-8.04635457657858	3
32	8	0.05	-8.017056578763288	3
32	9	0.05	-7.82926145096379	3
33	0	0.05	-2.8415908820438727	8
33	1	0.05	-3.4971814152026917	8
33	2	0.05	1.4069057663440756	8
33	3	0.05	0.47105672420125905	8
33	4	0.05	-3.625148482575394	8
33	5	0.05	-3.464831495991673	8
33	6	0.05	-3.5599206323862354	8
33	7	0.05	-3.6770340962475077	8
33	9	0.05	-2.3085979284111944	8
34	0	0.05	6.141145637750523	7
35	0	0.05	-7.585696561675547	5
35	1	0.05	-7.604036216513597	5
35	2	0.05	-7.603774014832926	5
35	3	0.05	-6.671224799482387	5
35	4	0.05	-7.709166718498046	5
35	6	0.05	-7.452775528956546	5
35	7	0.05	-7.751818781194922	5
35	8	0.05	-7.699457430823289	5
35	9	0.05	-7.536638638993483	5
36	0	0.05	-4.714293265555261	4
36	1	0.05	-4.770138086457611	4
36	2	0.05	-4.730238570765752	4
36	3	0.05	-4.729967304035496	4
36	5	0.05	-4.748481486966285	4
36	6	0.05	-4.689744717603465	4
36	7	0.05	-4.386520267419219	4
36	8	0.05	-2.161223192461335	4
36	9	0.05	-1.7238147723405328	4
37	0	0.05	-3.537094929724508	2
37	1	0.05	-3.499394833598214	2
37	3	0.05	2.810486837847964	2
37	4	0.05	-3.6558281557670353	2
37	5	0.05	-3.690803228804726	2
37	6	0.05	-2.219457896633062	2
37	7	0.05	-3.678552892880627	2
37	8	0.05	-2.87773924312153	2
37	9	0.05	-3.5307553594183365	2
38	0	0.05	-6.098016856169869	5
38	1	0.05	-6.189704979529373	5
38	2	0.05	-4.782397952849478	5
38	3	0.05	-4.953490635733167	5
38	4	0.05	-6.323320070872702	5
38	6	0.05	-5.353760879866436	5
38	7	0.05	-5.4543846572879975	5
38	8	0.05	-0.9603382767836895	5
38	9	0.05	-6.174726205859559	5
39	0	0.05	6.5242140043829275	5
39	1	0.05	5.781577522603198	5
39	2	0.05	5.91850034030661	5
39	3	0.05	6.978863824814217	5
39	4	0.05	3.151179789253215	5
39	6	0.05	5.733770998322086	5
39	7	0.05	4.7153851869441	5
39	8	0.05	3.5975931144650604	5
39	9	0.05	6.207139422394453	5
40	0	0.05	0.8031836333436722	8
40	1	0.05	7.331470957026123	8
40	2	0.05	1.242578826947606	8
40	3	0.05	7.684758807760381	8
40	4	0.05	4.377516535553937	8
40	5	0.05	7.166299093603687	8
40	6	0.05	3.90839053639339	8
40	7	0.05	0.009964834924657247	8
40	9	0.05	2.9180411828949566	8
41	0	0.05	-7.592250291701764	5
41	1	0.05	-7.614614925413524	5
41	2	0.05	-7.622446540855514	5
41	3	0.05	-6.376288830661799	5
41	4	0.05	-7.722811167293582	5
41	6	0.05	-7.667169768993621	5
41	7	0.05	-7.755672732685268	5
41	8	0.05	-7.707458169040528	5
41	9	0.05	-5.014617752468515	5
42	0	0.05	-4.349541407574258	2
42	1	0.05	-4.316484428817522	2
42	3	0.05	1.6095116185338127	2
42	4	0.05	-4.458117210494947	2
42	5	0.05	-4.469046195027665	2
42	6	0.05	-4.446851161331138	2
42	7	0.05	-3.8870945701255786	2
42	8	0.05	-2.8101624937735714	2
42	9	0.05	-3.0444542380348554	2
43	0	0.05	2.2557940897657733	9
43	1	0.05	0.49987914366877784	9
43	2	0.05	0.9542765270120783	9
43	3	0.05	0.4395024045984453	9
43	4	0.05	7.368510628024759	9
43	5	0.05	2.695946145129034	9
43	6	0.05	1.0089287528967885	9
43	7	0.05	-0.261707911100984	9
43	8	0.05	1.55885681239218	9
44	0	0.05	-5.3524409931903465	2
44	1	0.05	-5.471269798198022	2
44	3	0.05	-3.3931993205678337	2
44	4	0.05	-0.7376132858418509	2
44	5	0.05	-5.600953015869647	2
44	6	0.05	1.8381827367784362	2
44	7	0.05	-3.541447349117195	2
44	8	0.05	-5.621644597506013	2
44	9	0.05	-5.450951745650391	2
45	0	0.05	-5.770569896479221	4
45	1	0.05	-5.827787647529587	4
45	2	0.05	-5.686284321803063	4
45	3	0.05	-5.797287676650359	4
45	5	0.05	-5.793367822329892	4
45	6	0.05	-5.883245118411746	4
45	7	0.05	-1.9959556898506376	4
45	8	0.05	-3.7051556367126874	4
45	9	0.05	0.36053799212827947	4
46	0	0.05	-7.614712332559699	2
46	1	0.05	-7.103314286576751	2
46	3	0.05	-4.311370028512325	2
46	4	0.05	-7.738853639211957	2
46	5	0.05	-7.792077663012746	2
46	6	0.05	-7.519710732528596	2
46	7	0.05	-7.764030385793946	2
46	8	0.05	-7.719611494133904	2
46	9	0.05	-7.64709049724907	2
47	0	0.05	-5.066703788651959	7
47	1	0.05	-2.0320745453812195	7
47	2	0.05	-3.6656247077466784	7
47	3	0.05	1.7713224906623	7
47	4	0.05	-4.967581059665493	7
47	5	0.05	-5.124299297772848	7
47	6	0.05	-5.184555603104591	7
47	8	0.05	-3.074060108469721	7
47	9	0.05	-3.336053261374455	7
48	1	0.05	-7.554301843243257	0
48	2	0.05	-7.520205616884276	0
48	3	0.05	-7.379887548500586	0
48	4	0.05	-7.629437537769336	0
48	5	0.05	-7.584864119422759	0
48	6	0.05	-6.945823024539164	0
48	7	0.05	-6.647728040488976	0
48	8	0.05	-7.675038840820091	0
48	9	0.05	-7.467702411791104	0
49	0	0.05	-7.590257585092996	5
49	1	0.05	-7.622584825564205	5
49	2	0.05	-7.632810134217443	5
49	3	0.05	-5.984904931765562	5
49	4	0.05	-7.7185864661697785	5
49	6	0.05	-7.673564039565139	5
49	7	0.05	-7.109482985319835	5
49	8	0.05	-7.504817206331619	5
49	9	0.05	-7.556611640158402	5
50	0	0.05	-0.15376881419891805	1
50	2	0.05	3.2249537681228375	1
50	3	0.05	3.976876151061064	1
50	4	0.05	2.059507822783936	1
50	5	0.05	2.5788735235842934	1
50	6	0.05	0.5296493511714522	1
50	7	0.05	1.9100040771426314	1
50	8	0.05	1.7949656751760301	1
50	9	0.05	-0.873239728284369	1
51	1	0.05	-7.547608453972153	0
51	2	0.05	-7.136799437407865	0
51	3	0.05	-7.3724934671675175	0
51	4	0.05	-7.618415443616659	0
51	5	0.05	-7.578742345007978	0
51	6	0.05	-7.585328328832893	0
51	7	0.05	-7.65565724130664	0
51	8	0.05	-7.665524916992997	0
51	9	0.05	-7.039809227731083	0
52	0	0.05	-0.8187021942760417	7
52	1	0.05	-0.888281767169352	7
52	2	0.05	-1.8489247619715774	7
52	3	0.05	1.3208012642809117	7
52	4	0.05	-5.802978450086803	7
52	5	0.05	-5.532344583000937	7
52	6	0.05	-5.637147857466136	7
52	8	0.05	-5.809277287063693	7
52	9	0.05	-1.8724081322481592	7
53	0	0.05	-3.118545199570219	9
53	1	0.05	-2.9468796667214994	9
53	2	0.05	-3.1624197391427833	9
53	3	0.05	-2.4830664072720925	9
53	4	0.05	-0.5648735979005519	9
53	5	0.05	-0.32398232430792756	9
53	6	0.05	-3.233728558063488	9
53	7	0.05	3.2195944863746346	9
53	8	0.05	-3.1228787875575996	9
54	0	0.05	-1.3326026724899613	9
54	1	0.05	-1.8252897814562934	9
54	2	0.05	2.3548535154779158	9
54	3	0.05	-1.7929994874293507	9
54	4	0.05	5.0496692602042375	9
54	5	0.05	-1.8068192792648392	9
54	6	0.05	-1.5166748055452568	9
54	7	0.05	-1.91626930481576	9
54	8	0.05	-0.06830836285899142	9
55	0	0.05	-6.850334859854787	9
55	1	0.05	-6.918613687048348	9
55	2	0.05	-6.088885099071874	9
55	3	0.05	-6.862433389422617	9
55	4	0.05	-6.864899142193388	9
55	5	0.05	-6.865099637874937	9
55	6	0.05	-6.957344527275406	9
55	7	0.05	-6.9887693535457105	9
55	8	0.05	-5.894099871458902	9
56	0	0.05	-7.68857077303081	6
56	1	0.05	-7.682219924395921	6
56	2	0.05	-7.659408709786206	6
56	3	0.05	-7.65037442780158	6
56	4	0.05	-7.696375717176166	6
56	5	0.05	-7.826464779303846	6
56	7	0.05	-7.854730309343511	6
56	8	0.05	-7.834812519800248	6
56	9	0.05	-7.701879337821395	6
57	0	0.05	-4.7086514200451015	5
57	1	0.05	-5.250591413556374	5
57	2	0.05	-5.256071552061888	5
57	3	0.05	-3.158900636465771	5
57	4	0.05	-5.332409187492628	5
57	6	0.05	-5.3051638607347416	5
57	7	0.05	-5.3883875912006385	5
57	8	0.05	-3.5389192318147136	5
57	9	0.05	-1.2963419292000533	5
58	0	0.05	-5.415110442718819	8
58	1	0.05	-5.446904340933341	8
58	2	0.05	-5.475599408860234	8
58	3	0.05	-4.567609135689254	8
58	4	0.05	-5.566735889465038	8
58	5	0.05	-4.395721719013409	8
58	6	0.05	-5.540735188150592	8
58	7	0.05	-5.620859840997499	8
58	9	0.05	-4.987514911729175	8
59	0	0.05	-6.053042763983047	8
59	1	0.05	-7.326377823586771	8
59	2	0.05	-6.499110563498441	8
59	3	0.05	-1.3050398535217616	8
59	4	0.05	-2.493723441933672	8
59	5	0.05	-5.063105246340823	8
59	6	0.05	-1.4825475494708302	8
59	7	0.05	-7.499364087837418	8
59	9	0.05	-7.262267847279094	8
60	0	0.05	-7.272182508997001	6
60	1	0.05	-7.252103440089409	6
60	2	0.05	-0.8752748410300133	6
60	3	0.05	-7.14812209793754	6
60	4	0.05	-7.37047181099667	6
60	5	0.05	-3.2476537111633927	6
60	7	0.05	-7.426702523252137	6
60	8	0.05	-5.318937853629795	6
60	9	0.05	-6.8922402660212105	6
61	0	0.05	-4.409742542434991	9
61	1	0.05	-4.4742238562365495	9
61	2	0.05	-4.453200624501054	9
61	3	0.05	-1.6610725576036776	9
61	4	0.05	-4.4671859182258356	9
61	5	0.05	-1.6742795023332944	9
61	6	0.05	-4.525273514637168	9
61	7	0.05	-0.051858833917077705	9
61	8	0.05	-4.325736072272582	9
62	0	0.05	4.859259106516961	9
62	1	0.05	-0.3132264106274056	9
62	2	0.05	2.859445163100199	9
62	3	0.05	-0.17902293446197662	9
62	4	0.05	3.4042385205384353	9
62	5	0.05	-0.18270764538981518	9
62	6	0.05	-0.06325845069518053	9
62	7	0.05	-0.3317529180923366	9
62	8	0.05	1.1125569919915048	9
63	0	0.05	-3.1034649855652523	5
63	1	0.05	-0.44802331455598104	5
63	2	0.05	-7.607783017145328	5
63	3	0.05	-7.025962627876475	5
63	4	0.05	-7.61700971844032	5
63	6	0.05	-7.654444131786427	5
63	7	0.05	-6.16106059895639	5
63	8	0.05	-7.40517466122376	5
63	9	0.05	-7.2463986264994755	5
64	0	0.05	-7.501313161334466	4
64	1	0.05	-6.146553713230701	4
64	2	0.05	-7.545517908634655	4
64	3	0.05	-7.557622506760274	4
64	5	0.05	-7.530579408775177	4
64	6	0.05	-7.026264457682621	4
64	7	0.05	-0.612274117347459	4
64	8	0.05	-7.621462730777008	4
64	9	0.05	-2.7352083300317602	4
65	0	0.05	-0.8671116114306705	2
65	1	0.05	-0.8172678206997612	2
65	3	0.05	6.343606424974528	2
65	4	0.05	-0.9983120490128102	2
65	5	0.05	-1.011383717959761	2
65	6	0.05	-0.9251662464160046	2
65	7	0.05	0.8679778081087381	2
65	8	0.05	2.3619001129089634	2
65	9	0.05	-0.8322551837180683	2
66	0	0.05	-7.6917993825777735	6
66	1	0.05	-7.689205314822323	6
66	2	0.05	-7.656701149752906	6
66	3	0.05	-7.658459235867989	6
66	4	0.05	-7.77851958181548	6
66	5	0.05	-5.105839205434827	6
66	7	0.05	-7.859524569025068	6
66	8	0.05	-7.836020027585544	6
66	9	0.05	-7.715574410452756	6
67	0	0.05	1.7149234322858875	8
67	1	0.05	-5.063438254063321	8
67	2	0.05	-3.457452933282519	8
67	3	0.05	2.5489764774843104	8
67	4	0.05	-5.172756909220592	8
67	5	0.05	-4.501337020901256	8
67	6	0.05	-4.912875482164757	8
67	7	0.05	-5.213542009475021	8
67	9	0.05	-2.1599698775134155	8
68	0	0.05	0.5253943519983447	1
68	2	0.05	5.146089906628322	1
68	3	0.05	7.080615395975596	1
68	4	0.05	0.7255835452388085	1
68	5	0.05	3.516379614406677	1
68	6	0.05	3.6420865554572632	1
68	7	0.05	2.246138542340728	1
68	8	0.05	3.5761126929716314	1
68	9	0.05	1.2293952374360175	1
69	1	0.05	-7.546662752409973	0
69	2	0.05	-7.5128758026930855	0
69	3	0.05	-7.380444157818541	0
69	4	0.05	-7.513187706283868	0
69	5	0.05	-5.993599726466707	0
69	6	0.05	-5.455436226466382	0
69	7	0.05	-5.551638761403152	0
69	8	0.05	-7.655904449116822	0
69	9	0.05	-6.886405067078515	0
70	0	0.05	-7.689085105691792	6
70	1	0.05	-7.685580938878313	6
70	2	0.05	-7.562754288873477	6
70	3	0.05	-7.435156460232647	6
70	4	0.05	-7.325255224635956	6
70	5	0.05	-4.927137618931081	6
70	7	0.05	-7.8573627107210955	6
70	8	0.05	-7.832767633233842	6
70	9	0.05	-7.717443529068884	6
71	0	0.05	-1.8734370170016914	9
71	1	0.05	-1.9591341044810782	9
71	2	0.05	-1.9529645893885572	9
71	3	0.05	-0.19487609410736095	9
71	4	0.05	-1.8277878797425793	9
71	5	0.05	5.555713491133547	9
71	6	0.05	-2.0135309061303635	9
71	7	0.05	3.066210174147162	9
71	8	0.05	-2.0209597528066436	9
72	0	0.05	-6.430663201064489	5
72	1	0.05	-6.511906123122199	5
72	2	0.05	-6.521210000753753	5
72	3	0.05	1.2401030497987255	5
72	4	0.05	-6.633010090480101	5
72	6	0.05	-6.042616311656802	5
72	7	0.05	-0.6247904760699984	5
72	8	0.05	-3.0376352756986087	5
72	9	0.05	-3.560067734693938	5
73	0	0.05	-7.562648736398921	5
73	1	0.05	-7.592060144583077	5
73	2	0.05	-7.593932849123613	5
73	3	0.05	-6.281516494717283	5
73	4	0.05	-7.703699488855646	5
73	6	0.05	-6.028404647711531	5
73	7	0.05	-7.741907724124101	5
73	8	0.05	-7.693544470388673	5
73	9	0.05	-7.099877821126879	5
74	0	0.05	-7.697516503231269	4
74	1	0.05	-7.63218991356946	4
74	2	0.05	-7.7424507236167734	4
74	3	0.05	-7.758565655206834	4
74	5	0.05	-7.736697098426559	4
74	6	0.05	-7.801783704713664	4
74	7	0.05	-6.567180309642794	4
74	8	0.05	-7.831061389312442	4
74	9	0.05	-6.601146492444487	4
75	0	0.05	1.8886186889505396	1
75	2	0.05	2.758019749653738	1
75	3	0.05	3.183710097449703	1
75	4	0.05	1.1430408130951217	1
75	5	0.05	4.506104503171198	1
75	6	0.05	2.9465211923539996	1
75	7	0.05	-1.0971823219007897	1
75	8	0.05	0.23794019806534317	1
75	9	0.05	-0.22332211980534894	1
76	0	0.05	-7.657224610422078	6
76	1	0.05	-5.050781649345799	6
76	2	0.05	-0.4211810014569507	6
76	3	0.05	-6.0671957858109336	6
76	4	0.05	-7.768903074342708	6
76	5	0.05	-7.674561226551591	6
76	7	0.05	-7.80553627333583	6
76	8	0.05	-6.974763080319683	6
76	9	0.05	-7.6884098178372735	6
77	0	0.05	-1.9101623678778334	7
77	1	0.05	-1.905436325423228	7
77	2	0.05	2.0592321782331875	7
77	3	0.05	4.8718693926185	7
77	4	0.05	-1.9313320652240238	7
77	5	0.05	-1.6623139454748372	7
77	6	0.05	-2.02258588310429	7
77	8	0.05	1.5234741416840423	7
77	9	0.05	-0.9975725845649807	7
78	0	0.05	1.3571102022940602	5
78	1	0.05	-4.084929492001271	5
78	2	0.05	-4.089336403518578	5
78	3	0.05	-3.729289564719903	5
78	4	0.05	-4.1741600971677215	5
78	6	0.05	-4.114015443984603	5
78	7	0.05	-4.217762248841428	5
78	8	0.05	-1.1257492854110045	5
78	9	0.05	-4.0228690721124245	5
79	0	0.05	-4.339886478422749	2
79	1	0.05	-3.9223648808030935	2
79	3	0.05	-3.701144569173652	2
79	4	0.05	1.9961391128972725	2
79	5	0.05	-0.06598939060132665	2
79	6	0.05	-4.4478001476151325	2
79	7	0.05	-1.7143022400669101	2
79	8	0.05	-4.464435908045051	2
79	9	0.05	-4.242989824827869	2
80	0	0.05	-1.3356284118171928	9
80	1	0.05	-0.845281691022921	9
80	2	0.05	-1.3826608412424812	9
80	3	0.05	2.275551149127255	9
80	4	0.05	4.799519642582122	9
80	5	0.05	-1.3484209280315496	9
80	6	0.05	-1.4631506316786076	9
80	7	0.05	2.57772471027284	9
80	8	0.05	-1.3290990717230315	9
81	1	0.05	-6.921370892418846	0
81	2	0.05	-0.9595534639926382	0
81	3	0.05	-7.261662975588125	0
81	4	0.05	-7.405979316978378	0
81	5	0.05	-7.46382019701234	0
81	6	0.05	-1.9154701699895536	0
81	7	0.05	-7.522214151961394	0
81	8	0.05	-7.5318711822441085	0
81	9	0.05	-7.362057136580367	0
82	0	0.05	-7.391631675637508	6
82	1	0.05	-7.684468724345435	6
82	2	0.05	-7.231986954511127	6
82	3	0.05	-7.6528874002378835	6
82	4	0.05	-7.606301376288588	6
82	5	0.05	-7.731392795712057	6
82	7	0.05	-7.854753499025973	6
82	8	0.05	-7.315098902117911	6
82	9	0.05	-7.70210632178253	6
83	0	0.05	-4.956952353829322	4
83	1	0.05	-5.002492627229699	4
83	2	0.05	-4.084387972102756	4
83	3	0.05	-4.96905841369723	4
83	5	0.05	-5.025864810589184	4
83	6	0.05	0.7696415628473985	4
83	7	0.05	-0.2508439542185836	4
83	8	0.05	-5.094974919669694	4
83	9	0.05	-4.599829449569201	4
84	0	0.05	-6.2579682997584705	4
84	1	0.05	-6.312162348672379	4
84	2	0.05	-6.231080884477965	4
84	3	0.05	-6.297744934164547	4
84	5	0.05	-6.280922948076444	4
84	6	0.05	-6.372566254365698	4
84	7	0.05	-6.301760399334077	4
84	8	0.05	-6.37889386271227	4
84	9	0.05	-0.5692471911186681	4
85	0	0.05	1.2949835047482114	2
85	1	0.05	-3.444583962179377	2
85	3	0.05	2.544522914623851	2
85	4	0.05	-3.5379688538601153	2
85	5	0.05	-3.5059458783419712	2
85	6	0.05	-3.5743884728017288	2
85	7	0.05	1.823314785631296	2
85	8	0.05	-0.547279714847046	2
85	9	0.05	-3.1736747339614926	2
86	0	0.05	3.8603409098689583	8
86	1	0.05	-0.43407227517243113	8
86	2	0.05	-0.43997036107952187	8
86	3	0.05	4.002355012657735	8
86	4	0.05	4.962269357797043	8
86	5	0.05	3.5024896274517494	8
86	6	0.05	-0.725459556329974	8
86	7	0.05	-0.8243968397505412	8
86	9	0.05	5.418764418238914	8
87	0	0.05	-7.608095625600414	7
87	1	0.05	-1.7628438047046926	7
87	2	0.05	-5.555315161376372	7
87	3	0.05	-2.7642398456604527	7
87	4	0.05	-5.852679464952316	7
87	5	0.05	-7.227436156151584	7
87	6	0.05	-7.698222822110619	7
87	8	0.05	-7.567182540305162	7
87	9	0.05	-7.246007929318951	7
88	0	0.05	-7.429227570936776	8
88	1	0.05	-7.481035506808156	8
88	2	0.05	-0.052006171922521334	8
88	3	0.05	-6.086021900369969	8
88	4	0.05	-7.638093948437741	8
88	5	0.05	-7.648199527736176	8
88	6	0.05	-7.607402430656692	8
88	7	0.05	-7.6802204512054715	8
88	9	0.05	-7.302745982560443	8
89	0	0.05	-7.448981135211736	3
89	1	0.05	-6.894343636255794	3
89	2	0.05	-7.411105438175954	3
89	4	0.05	-7.590628905726151	3
89	5	0.05	-4.295437193396433	3
89	6	0.05	-7.563386356526805	3
89	7	0.05	-7.599452923370385	3
89	8	0.05	-7.561509325508188	3
89	9	0.05	-5.964620219672603	3
90	1	0.05	-7.552200804270487	0
90	2	0.05	-7.5233290678721865	0
90	3	0.05	-7.375576636116126	0
90	4	0.05	-7.629420911171269	0
90	5	0.05	-7.584975096669755	0
90	6	0.05	-7.53789717380576	0
90	7	0.05	-7.6588413451136885	0
90	8	0.05	-7.676658651102958	0
90	9	0.05	-6.9673046907116	0
91	0	0.05	-7.700931117508561	9
91	1	0.05	-7.763415050402276	9
91	2	0.05	-7.745306962316149	9
91	3	0.05	-7.510281271073115	9
91	4	0.05	-7.605842084484918	9
91	5	0.05	-7.695733892346741	9
91	6	0.05	-7.816802773409373	9
91	7	0.05	-7.6497417665400524	9
91	8	0.05	-7.685899266446943	9
92	1	0.05	-3.4447659346559063	0
92	2	0.05	-2.210793670302428	0
92	3	0.05	-6.484011837686604	0
92	4	0.05	-6.683124307968255	0
92	5	0.05	-0.5549181295043499	0
92	6	0.05	-3.868483464456291	0
92	7	0.05	-6.5233473605638475	0
92	8	0.05	-5.899510698845941	0
92	9	0.05	-6.812117835885259	0
93	0	0.05	-3.2056727002534635	1
93	2	0.05	-3.1778683863242247	1
93	3	0.05	0.028314218373960438	1
93	4	0.05	0.12134632821603789	1
93	5	0.05	-2.1111902829691576	1
93	6	0.05	-3.307496283500401	1
93	7	0.05	-1.099973373459604	1
93	8	0.05	3.128469399678722	1
93	9	0.05	1.3832727140186345	1
94	0	0.05	-6.000198737715664	1
94	2	0.05	-5.538655500424393	1
94	3	0.05	-1.1256276885554082	1
94	4	0.05	-1.2601713358025428	1
94	5	0.05	-4.430317723089111	1
94	6	0.05	-0.9543089111686954	1
94	7	0.05	-4.889721922684281	1
94	8	0.05	-4.328712161601093	1
94	9	0.05	-5.616102455827806	1
95	0	0.05	-4.404858467583272	9
95	1	0.05	-4.751536923143546	9
95	2	0.05	-4.731959686615252	9
95	3	0.05	-4.172610093700827	9
95	4	0.05	-4.731023877331809	9
95	5	0.05	-0.34417163149661073	9
95	6	0.05	-4.8012247246928945	9
95	7	0.05	1.5728852150787205	9
95	8	0.05	-4.805443830607323	9
96	0	0.05	-7.692771509308705	4
96	1	0.05	-6.643757902211417	4
96	2	0.05	-7.731155697262814	4
96	3	0.05	-7.7498154509777315	4
96	5	0.05	-7.726949382272981	4
96	6	0.05	-7.810443917315754	4
96	7	0.05	-6.199410821435895	4
96	8	0.05	-7.818087301121018	4
96	9	0.05	-2.905188246532362	4
97	0	0.05	-0.3659821841190986	5
97	1	0.05	0.5153990424185262	5
97	2	0.05	-0.3915459249786075	5
97	3	0.05	4.606467431520269	5
97	4	0.05	-0.512136679137154	5
97	6	0.05	4.668489356139538	5
97	7	0.05	-0.5677270891895208	5
97	8	0.05	3.544094339540882	5
97	9	0.05	-0.39666030782732264	5
98	0	0.05	-1.0875405888093157	9
98	1	0.05	-1.4092746716302091	9
98	2	0.05	-1.2965264178919405	9
98	3	0.05	-1.2972738480059172	9
98	4	0.05	1.4922148905065968	9
98	5	0.05	1.0261964270238004	9
98	6	0.05	-1.2632251522109328	9
98	7	0.05	4.753519161992973	9
98	8	0.05	-1.4822975923081017	9
100	0	0.05	-7.663514633070016	6
100	1	0.05	-6.810832000160645	6
100	2	0.05	-1.0075523285716013	6
100	3	0.05	-7.265735799442535	6
100	4	0.05	-7.2955714815335355	6
100	5	0.05	-5.274677766286284	6
100	7	0.05	-7.818320033143415	6
100	8	0.05	-5.454326837554327	6
100	9	0.05	-7.588814042433793	6
101	0	0.05	1.152595380376692	6
101	1	0.05	-0.014517960943355638	6
101	2	0.05	4.250831030183679	6
101	3	0.05	1.3381152315598979	6
101	4	0.05	1.6363371931768023	6
101	5	0.05	5.6180345058740375	6
101	7	0.05	-1.1769116445456282	6
101	8	0.05	4.285337033169529	6
101	9	0.05	0.21601247976475677	6
102	1	0.05	-7.5355002145476355	0
102	2	0.05	-7.50674717584726	0
102	3	0.05	-7.3680618585139195	0
102	4	0.05	-7.62230197875372	0
102	5	0.05	-7.587623076860751	0
102	6	0.05	-7.428490701843461	0
102	7	0.05	-7.6580048123416855	0
102	8	0.05	-7.674701878809063	0
102	9	0.05	-7.474101781363846	0
103	0	0.05	-7.293133127553016	7
103	1	0.05	-7.4161490432596935	7
103	2	0.05	-7.32909255732243	7
103	3	0.05	-7.489729125861404	7
103	4	0.05	-7.688387651207678	7
103	5	0.05	-4.3772278272677	7
103	6	0.05	-7.692587656677462	7
103	8	0.05	-7.7399358086999	7
103	9	0.05	-6.481541340953516	7
104	0	0.05	-0.13003451815156536	7
104	1	0.05	-0.1559100985652978	7
104	2	0.05	-0.1731144048363903	7
104	3	0.05	2.176462687570946	7
104	4	0.05	0.48772878377427237	7
104	5	0.05	2.4884101862448254	7
104	6	0.05	-0.23965556181854958	7
104	8	0.05	6.981515324419663	7
104	9	0.05	5.530522484294443	7
105	0	0.05	0.14500367396870933	8
105	1	0.05	0.18711427440492606	8
105	2	0.05	2.17793814115646	8
106	0	0.05	3.535388795933042	4
106	1	0.05	-0.9378164070984445	4
106	2	0.05	5.653590308457402	4
106	3	0.05	0.2418856927046781	4
106	5	0.05	5.0420588341536705	4
106	6	0.05	5.177784363751675	4
106	7	0.05	-1.131701089539308	4
106	8	0.05	1.4291916584582869	4
106	9	0.05	0.7992996123781616	4
107	0	0.05	-3.4453721378992976	8
107	1	0.05	-3.4157024266286937	8
107	2	0.05	0.9785696799117597	8
107	3	0.05	3.7940573358865883	8
107	4	0.05	-3.564612126600899	8
107	5	0.05	-3.0226339943857368	8
107	6	0.05	-3.549152763537103	8
107	7	0.05	2.9770338466274535	8
107	9	0.05	-3.1319140617054	8
109	0	0.05	0.8701729648133356	1
109	2	0.05	4.820327911562234	1
109	3	0.05	5.851078361165071	1
109	4	0.05	4.455844353292597	1
109	5	0.05	5.434196795733121	1
109	6	0.05	5.346756364855862	1
109	7	0.05	-0.1404347659541448	1
109	8	0.05	2.467605578518844	1
109	9	0.05	2.5968991527701144	1
110	0	0.05	-3.8880636247800515	8
110	1	0.05	-3.885272635832211	8
110	2	0.05	-0.5328820292554383	8
110	3	0.05	0.31853613365855077	8
110	4	0.05	-3.9825343190490856	8
110	5	0.05	0.7691807001618368	8
110	6	0.05	-3.4626915069348065	8
110	7	0.05	-4.044988788796616	8
110	9	0.05	-3.3982473480613247	8
111	1	0.05	-7.531422426088777	0
111	2	0.05	-7.514272138558804	0
111	3	0.05	-6.377253610265408	0
111	4	0.05	-7.600114726447362	0
111	5	0.05	-4.212769906743069	0
111	6	0.05	-1.9874548663655014	0
111	7	0.05	-4.777832318805813	0
111	8	0.05	-3.8443221380886468	0
111	9	0.05	-6.745320824586481	0
112	0	0.05	-0.9465164888988304	2
112	1	0.05	-2.5780503213000445	2
112	3	0.05	1.916980365144345	2
112	4	0.05	-3.5689575748919355	2
112	5	0.05	-3.5679778771773383	2
112	6	0.05	-3.54990084855554	2
112	7	0.05	-3.316356521473099	2
112	8	0.05	3.1639284153611418	2
112	9	0.05	-1.672715547768294	2
113	0	0.05	-2.667081244242508	9
113	1	0.05	0.15515225775964664	9
113	2	0.05	-2.709519416466141	9
113	3	0.05	2.185389710240986	9
113	4	0.05	0.4024339790162066	9
113	5	0.05	-2.6771815145239697	9
113	6	0.05	-2.796904652897347	9
113	7	0.05	2.8084675760496545	9
113	8	0.05	0.7361478984320119	9
114	0	0.05	-3.8966615674072878	1
114	2	0.05	1.1701588118032473	1
114	3	0.05	-0.41526529073849666	1
114	4	0.05	-2.3510499629136277	1
114	5	0.05	-3.998276971645183	1
114	6	0.05	1.368928964524559	1
114	7	0.05	-4.0282842994153185	1
114	8	0.05	0.9429708618820511	1
114	9	0.05	-3.849416853485042	1
115	1	0.05	-6.343173102479744	0
115	2	0.05	-3.8807951685842283	0
115	3	0.05	-6.127361322877013	0
115	4	0.05	-6.434859739864517	0
115	5	0.05	0.000311866150641861	0
115	6	0.05	-5.863495685901456	0
115	7	0.05	-6.463865017779067	0
115	8	0.05	-6.462380793560469	0
115	9	0.05	-6.242955890791907	0
116	0	0.05	-4.100175199774036	3
116	1	0.05	-4.078393330907746	3
116	2	0.05	-2.895372989859065	3
116	4	0.05	-4.2160361243973	3
116	5	0.05	-0.2888048062144195	3
116	6	0.05	-4.213148168710833	3
116	7	0.05	-4.228604433022576	3
116	8	0.05	-4.2223320917007054	3
116	9	0.05	-3.1622488592853584	3
117	0	0.05	-4.929152828171232	9
117	1	0.05	-5.390232762451845	9
117	2	0.05	-5.376786571272976	9
117	3	0.05	-1.8939101369438287	9
117	4	0.05	-0.8955230933110315	9
117	5	0.05	-5.359372919229135	9
117	6	0.05	-5.464535000136098	9
117	7	0.05	-2.5511793320632385	9
117	8	0.05	-2.036897782481137	9
118	0	0.05	-7.598830107474219	7
118	1	0.05	-7.672340567782027	7
118	2	0.05	-7.233174989911933	7
118	3	0.05	-7.552437125473034	7
118	4	0.05	-7.700664236151127	7
118	5	0.05	-7.274583606753929	7
118	6	0.05	-7.746024807908837	7
118	8	0.05	-7.751341799149918	7
118	9	0.05	-7.1413268082882455	7
119	1	0.05	-7.55232259770074	0
119	2	0.05	-7.522410706310728	0
119	3	0.05	-7.374732170351632	0
119	4	0.05	-7.629977660725	0
119	5	0.05	-7.584758032168866	0
119	6	0.05	-7.579202254082337	0
119	7	0.05	-7.659794416582066	0
119	8	0.05	-7.6764300908926595	0
119	9	0.05	-7.014324280149317	0
120	0	0.05	-5.397874867600944	4
120	1	0.05	-5.760665735014693	4
120	2	0.05	-5.735342649916771	4
120	3	0.05	-5.7443115040527575	4
120	5	0.05	-5.71247285875778	4
120	6	0.05	-5.733613503685777	4
120	7	0.05	-0.8102587021197467	4
120	8	0.05	-5.81321650765275	4
120	9	0.05	-1.0484641148282723	4
121	0	0.05	-6.901095693599455	9
121	1	0.05	-7.012278666816208	9
121	2	0.05	-6.865212096800114	9
121	3	0.05	-6.960565699346832	9
121	4	0.05	-4.277765842995066	9
121	5	0.05	-6.964973184960012	9
121	6	0.05	-7.063017854375057	9
121	7	0.05	-7.02812566656261	9
121	8	0.05	-7.0699940787858475	9
122	0	0.05	-7.673678562961606	6
122	1	0.05	-7.6687787048869405	6
122	2	0.05	-2.5219195957810796	6
122	3	0.05	-7.192735459586406	6
122	4	0.05	-7.770735816163105	6
122	5	0.05	-7.471163901162855	6
122	7	0.05	-7.837171910622764	6
122	8	0.05	-1.37350388008418	6
122	9	0.05	-7.6934899233211	6
123	0	0.05	0.8101789598811026	8
123	1	0.05	0.19534149508629822	8
123	2	0.05	1.6566832787906651	8
123	3	0.05	4.999877987499784	8
123	4	0.05	0.10391729783522738	8
123	5	0.05	0.4699733277154544	8
123	6	0.05	0.20570086406947544	8
123	7	0.05	6.138853988108197	8
123	9	0.05	4.236114581993557	8
124	0	0.05	-0.47903354057521597	9
124	1	0.05	0.5302537320965965	9
124	2	0.05	-0.5038488359357502	9
124	3	0.05	5.45247708083245	9
124	4	0.05	1.4997156710851385	9
124	5	0.05	4.762686345022725	9
124	6	0.05	1.7525154466682435	9
124	7	0.05	4.953956631667214	9
124	8	0.05	4.969894810936363	9
125	0	0.05	-7.823915461154136	3
125	1	0.05	-7.827117327764142	3
125	2	0.05	-7.843021849065182	3
125	4	0.05	-7.946563295293015	3
125	5	0.05	-6.114993863061074	3
125	6	0.05	-7.959748041698084	3
125	7	0.05	-7.447853201668577	3
125	8	0.05	-7.90993095690488	3
125	9	0.05	-6.272507419885087	3
126	0	0.05	6.760273335727718	5
126	1	0.05	4.915798105069751	5
126	2	0.05	5.11803249203768	5
126	3	0.05	6.210430821691861	5
126	4	0.05	5.68477189247687	5
126	6	0.05	7.453219830439321	5
126	7	0.05	0.04127287656211666	5
126	8	0.05	2.737742147641143	5
126	9	0.05	5.319870468458191	5
127	0	0.05	0.9341605034533856	4
127	1	0.05	-0.47366141074865326	4
127	2	0.05	4.435428757979749	4
127	3	0.05	-0.18389324460118278	4
127	5	0.05	2.7117207631046134	4
127	6	0.05	6.003805910229048	4
127	7	0.05	0.528425971145784	4
127	8	0.05	-0.5739297822752893	4
127	9	0.05	5.229847246991578	4
128	0	0.05	-7.582963372702348	3
128	1	0.05	-7.560836305417506	3
128	2	0.05	-6.622733050752765	3
128	4	0.05	-7.711162997698065	3
128	5	0.05	-0.2129301349441317	3
128	6	0.05	-7.702615497075605	3
128	7	0.05	-7.65553207540919	3
128	8	0.05	-7.372919728674315	3
128	9	0.05	-4.270785880248808	3
129	0	0.05	-3.609402747773238	2
129	1	0.05	-1.6529293417636253	2
129	3	0.05	2.255083815725927	2
129	4	0.05	-5.080415707566796	2
129	5	0.05	-5.106184323003385	2
129	6	0.05	-4.950092681703944	2
129	7	0.05	-5.090171222968584	2
129	8	0.05	-5.037298152241548	2
129	9	0.05	-4.95967602724145	2
130	0	0.05	4.87245704713059	2
130	1	0.05	0.12756371056474974	2
130	3	0.05	6.676416618742651	2
130	4	0.05	-0.08037703175240345	2
130	5	0.05	-0.04414380714086302	2
130	6	0.05	-0.0651834147892363	2
130	7	0.05	1.6033536915046578	2
131	0	0.05	-7.567786351070689	4
131	1	0.05	-7.632333441810377	4
131	2	0.05	-7.61620199920122	4
131	3	0.05	-7.595455016619953	4
131	5	0.05	-7.57940506678935	4
131	6	0.05	-7.676209118150241	4
131	7	0.05	-3.742337781543476	4
131	8	0.05	-7.689701651860016	4
131	9	0.05	-0.7753420364491547	4
132	1	0.05	-7.515753942445938	0
132	2	0.05	-1.2363081681367565	0
132	3	0.05	-7.352653942098571	0
132	4	0.05	-7.600622730685026	0
132	5	0.05	-7.573413019333609	0
132	6	0.05	-4.1326789240921205	0
132	7	0.05	-7.645070093317793	0
132	8	0.05	-7.659867584763795	0
132	9	0.05	-7.463302777435672	0
133	0	0.05	-7.834739555162939	3
133	1	0.05	-6.773265840053516	3
133	2	0.05	-7.038209397759637	3
133	4	0.05	-3.8311781583251623	3
133	5	0.05	-5.965370703297978	3
133	6	0.05	-7.96184451800842	3
133	7	0.05	-7.99220764169315	3
133	8	0.05	-7.950682303999938	3
133	9	0.05	-7.67650215536292	3
134	0	0.05	0.9142494386436756	2
134	1	0.05	-2.276372519446019	2
134	3	0.05	-2.15169124869583	2
134	4	0.05	-2.362198956915339	2
134	5	0.05	-2.4545731941052806	2
134	6	0.05	-0.01240727098877418	2
134	7	0.05	-1.5707423054443148	2
134	8	0.05	-2.4587550346357174	2
134	9	0.05	-2.316852801985244	2
135	0	0.05	-7.835296090943226	3
135	1	0.05	-7.823127053864763	3
135	2	0.05	-4.730587382809047	3
135	4	0.05	-7.947834998002485	3
135	5	0.05	-0.8237654839104066	3
135	6	0.05	-7.967827560440086	3
135	7	0.05	-7.963722589684103	3
135	8	0.05	-4.990575182694716	3
135	9	0.05	-4.9224353731735535	3
136	0	0.05	-2.268619146609156	5
136	1	0.05	1.5804597898942652	5
136	2	0.05	-1.2770960730712373	5
136	3	0.05	4.785551028788436	5
136	4	0.05	-2.3931244950478363	5
136	6	0.05	0.08469363319438579	5
136	7	0.05	3.615504938053133	5
136	8	0.05	3.5518012703531974	5
136	9	0.05	1.1165846276972395	5
137	0	0.05	-2.364098998139814	1
137	2	0.05	3.1960679422246416	1
137	3	0.05	0.47127881451125025	1
137	4	0.05	0.06843811048103639	1
137	5	0.05	0.9293109275523115	1
137	6	0.05	1.5169401989936133	1
137	7	0.05	-2.8141809551546464	1
137	8	0.05	1.2484271018685167	1
137	9	0.05	-1.8062165583825671	1
138	0	0.05	-0.23323439909219218	1
138	2	0.05	0.14661824812891175	1
138	3	0.05	6.139810441075726	1
138	4	0.05	4.100863227310405	1
138	5	0.05	-0.12834087262216182	1
138	6	0.05	-0.3434716238502323	1
138	7	0.05	0.04230038462649884	1
138	8	0.05	5.304661772096964	1
138	9	0.05	2.7447006753964245	1
139	0	0.05	-7.591155875949144	2
139	1	0.05	-3.07362530822982	2
139	3	0.05	-0.3697145671313943	2
139	4	0.05	-7.729989375886105	2
139	5	0.05	-7.732106155511852	2
139	6	0.05	-7.705057636660249	2
139	7	0.05	-6.188944113779602	2
139	8	0.05	-7.124068948103153	2
139	9	0.05	-7.619079447138949	2
140	0	0.05	-6.87234337174627	4
140	1	0.05	-6.937887179333074	4
140	2	0.05	-6.9215505851487755	4
140	3	0.05	-6.908605432616304	4
140	5	0.05	-6.590145651850864	4
140	6	0.05	-6.840068166518868	4
140	7	0.05	-1.3134338694815058	4
140	8	0.05	-5.698748761172474	4
140	9	0.05	-5.8213232344918335	4
141	0	0.05	3.7592975503235655	8
141	1	0.05	-0.03541602208944898	8
141	2	0.05	5.079075068973467	8
141	3	0.05	6.050470054117571	8
141	4	0.05	-0.13657265508631705	8
141	5	0.05	-0.14873032522290566	8
141	6	0.05	6.321160202793373	8
141	7	0.05	-0.217147513095497	8
141	9	0.05	5.07006624316046	8
142	0	0.05	-7.613196965532229	2
142	1	0.05	-7.564482771771988	2
142	3	0.05	-6.649435417366691	2
142	4	0.05	-7.735319946087142	2
142	5	0.05	-7.778841415544376	2
142	6	0.05	-7.705745411109677	2
142	7	0.05	-7.315610453633538	2
142	8	0.05	-7.388500733492124	2
142	9	0.05	-7.637385856287885	2
143	0	0.05	-7.614982185558394	2
143	1	0.05	-7.572382981694931	2
143	3	0.05	-6.577099501035893	2
143	4	0.05	-7.732406351008485	2
143	5	0.05	-7.791613444703397	2
143	6	0.05	-6.963675440111342	2
143	7	0.05	-7.768279647923029	2
143	8	0.05	-7.759945737181436	2
143	9	0.05	-7.648761257352072	2
144	0	0.05	-7.6622358434189985	6
144	1	0.05	-7.662812795785934	6
144	2	0.05	-2.878034725073936	6
144	3	0.05	-7.636689012822202	6
144	4	0.05	-7.689992976194149	6
144	5	0.05	-7.783137322400234	6
144	7	0.05	-7.329612014063817	6
144	8	0.05	-7.803180381863007	6
144	9	0.05	-7.642546119689802	6
145	0	0.05	-0.31585887587795386	8
145	1	0.05	-0.26533631414392883	8
145	2	0.05	6.753740398845501	8
145	3	0.05	4.640925521085044	8
145	4	0.05	-0.4984401838381735	8
145	5	0.05	5.537521163902345	8
145	6	0.05	-0.46600431341414844	8
145	7	0.05	-0.5407305452164092	8
145	9	0.05	-0.2717450739850381	8
146	0	0.05	4.259121348687624	6
146	1	0.05	3.0652241112333507	6
146	2	0.05	2.6372081956136695	6
146	3	0.05	5.075101239083332	6
146	4	0.05	-0.10549747718130574	6
146	5	0.05	5.520398233961834	6
146	7	0.05	-0.29055159323534996	6
146	8	0.05	3.860501913763185	6
146	9	0.05	-0.1179586718444549	6
147	0	0.05	-1.3462846182029742	1
147	2	0.05	4.45470556932395	1
147	3	0.05	4.786887772569169	1
147	4	0.05	0.7450079506252661	1
147	5	0.05	1.2468926053420262	1
147	6	0.05	3.9526019995970785	1
147	7	0.05	2.2472776376640184	1
147	8	0.05	-1.7118095966021172	1
147	9	0.05	-1.4794162016703478	1
149	1	0.05	-7.5536660798140955	0
149	2	0.05	-7.524725746779578	0
149	3	0.05	-7.373721557128753	0
149	4	0.05	-7.631710180804292	0
149	5	0.05	-7.587165065627642	0
149	6	0.05	-7.590310968972257	0
149	7	0.05	-7.662072751525917	0
149	8	0.05	-7.676288984333126	0
149	9	0.05	-7.478219553487336	0
150	0	0.05	-1.4410143889950922	6
150	1	0.05	-5.520516883708722	6
150	2	0.05	-3.1534023570845884	6
150	3	0.05	-5.201363388353329	6
150	4	0.05	0.4815482342029074	6
150	5	0.05	-0.5369110716997784	6
150	7	0.05	-5.268211282863209	6
150	8	0.05	-5.650797528068391	6
150	9	0.05	-5.508092913644765	6
