Img	Target_Label	Epsilon	Objective_Value	Label
1	0	0.05	-6.468135472880591	2
1	1	0.05	-7.574814432647768	2
1	3	0.05	-1.5476417036842696	2
1	4	0.05	-7.658426136839373	2
1	5	0.05	-7.704497427356851	2
1	6	0.05	-4.7734417904228925	2
1	7	0.05	-7.472482774865195	2
1	8	0.05	-7.511173604929327	2
1	9	0.05	-7.585304391560314	2
2	1	0.05	-7.49536614234221	0
2	2	0.05	-6.14209213593132	0
2	3	0.05	-7.481055314911285	0
2	4	0.05	-7.616175477885668	0
2	5	0.05	-7.621695691066534	0
2	6	0.05	-7.495533036727842	0
2	7	0.05	-7.600725799304088	0
2	8	0.05	-7.517147915671964	0
2	9	0.05	-7.541759285892019	0
3	0	0.05	-7.874518986726476	4
3	1	0.05	-7.861407177354039	4
3	2	0.05	-7.948235873329437	4
3	3	0.05	-6.8653867211241035	4
3	5	0.05	-8.00053142847644	4
3	6	0.05	-8.024748067737772	4
3	7	0.05	-3.440130452909453	4
3	8	0.05	-7.87879515621682	4
3	9	0.05	-6.751916739759242	4
4	0	0.05	2.059714966997018	8
4	1	0.05	0.4396747652921507	8
4	2	0.05	3.137814889299171	8
4	3	0.05	5.716187021764181	8
4	4	0.05	-0.14563920422305213	8
4	5	0.05	3.4930416804868107	8
4	6	0.05	6.5868499331502335	8
4	7	0.05	-0.1269575281252672	8
4	9	0.05	1.7498623009861232	8
5	0	0.05	-7.571891034625212	7
5	1	0.05	-7.51125043008958	7
5	2	0.05	-4.74588617409915	7
5	3	0.05	-7.001334989332932	7
5	4	0.05	-7.609995097009023	7
5	5	0.05	-7.720082006298355	7
5	6	0.05	-7.712724836050495	7
5	8	0.05	-7.550980141342581	7
5	9	0.05	-7.483531723739814	7
6	0	0.05	-7.546635331372394	6
6	1	0.05	-7.626883897137784	6
6	2	0.05	-7.373075945338793	6
6	3	0.05	-7.257034873465162	6
6	4	0.05	-7.749889415353282	6
6	5	0.05	-7.724134863106896	6
6	7	0.05	-7.732336066582775	6
6	8	0.05	-7.240804826203699	6
6	9	0.05	-7.6954800507937415	6
7	1	0.05	-7.49330908392285	0
7	2	0.05	-7.491763991959372	0
7	3	0.05	-7.4766368600543345	0
7	4	0.05	-7.640996696842539	0
7	5	0.05	-7.636282674039606	0
7	6	0.05	-7.665723860025795	0
7	7	0.05	-7.5902898477752245	0
7	8	0.05	-7.514598055564668	0
7	9	0.05	-7.341488352335415	0
8	0	0.05	-4.49512483431091	6
8	1	0.05	-4.490703387789777	6
8	2	0.05	-3.1944595115188403	6
8	3	0.05	-4.5059943998634076	6
8	4	0.05	-4.716063091775357	6
8	5	0.05	-4.293894150450058	6
8	7	0.05	-4.689260537742364	6
8	8	0.05	2.5148005288804667	6
8	9	0.05	-4.632555361700617	6
9	0	0.05	-3.186720059465025	3
9	1	0.05	-2.9762515684239337	3
9	2	0.05	-3.3352374450507245	3
9	4	0.05	-3.4197810509332234	3
9	5	0.05	-0.8523165505090318	3
9	6	0.05	-3.4223305742927814	3
9	7	0.05	-3.339784552889871	3
9	8	0.05	-3.2461573652278255	3
9	9	0.05	-3.278336131036502	3
10	0	0.05	-5.579236438243003	1
10	2	0.05	0.7672195448937823	1
10	3	0.05	-5.248654436873239	1
10	4	0.05	-6.754407167582748	1
10	5	0.05	-5.835240275317817	1
10	6	0.05	-6.1088554351662205	1
10	7	0.05	-1.640159080070746	1
10	8	0.05	-0.6443707241644907	1
10	9	0.05	-6.731075249342524	1
11	0	0.05	-0.505492786478594	8
11	1	0.05	-0.5834189900208673	8
11	2	0.05	3.9039627925649647	8
11	3	0.05	0.07879029478191424	8
11	4	0.05	-0.4469566891739183	8
11	5	0.05	1.943054236550104	8
11	6	0.05	6.8609900126322385	8
11	7	0.05	-0.7003735333186989	8
11	9	0.05	4.001886712322535	8
12	1	0.05	-7.466499852162545	0
12	2	0.05	-7.557778092259927	0
12	3	0.05	-6.263027296638106	0
12	4	0.05	-7.153871199851813	0
12	5	0.05	-7.614283746925485	0
12	6	0.05	-7.497119097305819	0
12	7	0.05	-7.552496415980103	0
12	8	0.05	-7.157381778986756	0
12	9	0.05	-6.585499169155311	0
13	0	0.05	-7.172398439702424	7
13	1	0.05	-7.130015935185324	7
13	2	0.05	-6.899361653166569	7
13	3	0.05	-1.6203358079763914	7
13	4	0.05	-7.2101759270054995	7
13	5	0.05	-7.338624231626694	7
13	6	0.05	-7.3226688567133476	7
13	8	0.05	-7.161328629369096	7
13	9	0.05	-0.2723501984785293	7
14	0	0.05	-2.207712052554873	9
14	1	0.05	-2.201565690389717	9
14	2	0.05	-2.2770669538309267	9
14	3	0.05	-2.2028725782239307	9
14	4	0.05	-2.1799831649033754	9
14	5	0.05	-2.3623414447184925	9
14	6	0.05	-2.357696281927549	9
14	7	0.05	5.1723449803527535	9
14	8	0.05	3.048871732982126	9
15	0	0.05	-6.977507073121792	8
15	1	0.05	-7.479061718973502	8
15	2	0.05	-7.582269475978871	8
15	3	0.05	-3.455219283087441	8
15	4	0.05	-7.570870754786542	8
15	5	0.05	-7.629627815936737	8
15	6	0.05	-7.1746616778604295	8
15	7	0.05	-7.582570838321399	8
15	9	0.05	-5.279691253876433	8
16	0	0.05	-2.133028111725308	4
16	1	0.05	-6.175907562626298	4
16	2	0.05	-6.241063344210916	4
16	3	0.05	-6.229678538999296	4
16	5	0.05	-6.216063958560937	4
16	6	0.05	-0.08925106780550772	4
16	7	0.05	-5.513853730207544	4
16	8	0.05	-6.137877146926345	4
16	9	0.05	-5.904724047978014	4
17	0	0.05	-2.6304764605721416	5
17	1	0.05	-6.986007715797846	5
17	2	0.05	-7.1076922320990015	5
17	3	0.05	-4.3504570404661695	5
17	4	0.05	-7.103973301376337	5
17	6	0.05	-3.3359162185504014	5
17	7	0.05	-7.111274040146509	5
17	8	0.05	-7.00419116035974	5
17	9	0.05	-6.147617090962597	5
18	0	0.05	-0.5060768058767424	3
18	1	0.05	1.3994510189133365	3
18	2	0.05	-1.1562900289694693	3
18	4	0.05	-1.5974092659696113	3
18	5	0.05	1.2472268487956963	3
18	6	0.05	-1.6401194738761098	3
18	7	0.05	-1.3071144593078565	3
18	8	0.05	-0.24320212309858263	3
18	9	0.05	3.733412239136306	3
19	0	0.05	0.145935969086383	4
19	1	0.05	5.0724554020367405	4
19	2	0.05	0.016070686524620997	4
19	3	0.05	6.065999470462504	4
19	5	0.05	0.764562368596494	4
19	6	0.05	-0.038557108861629504	4
19	7	0.05	5.034760605983855	4
19	8	0.05	7.009910556076058	4
19	9	0.05	7.797771152580159	4
20	1	0.05	-0.22285432030520008	0
20	2	0.05	0.08226600906801088	0
20	3	0.05	-0.14739113307231608	0
20	4	0.05	-0.2825517695897905	0
20	5	0.05	4.331556634729773	0
20	6	0.05	-0.2747517194885003	0
20	7	0.05	1.695561423715387	0
20	8	0.05	5.438492826440446	0
20	9	0.05	-0.1419943048672449	0
21	0	0.05	-0.3363049134804956	6
21	1	0.05	-3.8748791231245905	6
21	2	0.05	2.172713879491572	6
21	3	0.05	-4.20087814631686	6
21	4	0.05	1.4118560039370855	6
21	5	0.05	-3.8783484380203737	6
21	7	0.05	1.3617278727224489	6
21	8	0.05	1.2600369178455153	6
21	9	0.05	-2.704434313470821	6
22	0	0.05	-4.067813010688582	6
22	1	0.05	-4.0864210919583295	6
22	2	0.05	2.6700201384587308	6
22	3	0.05	-2.494437731004075	6
22	4	0.05	-2.3160305022312615	6
22	5	0.05	-4.182439057459283	6
22	7	0.05	1.8050881881340426	6
22	8	0.05	1.9024663463961842	6
22	9	0.05	-0.5723858267117486	6
23	0	0.05	-3.4011809441077987	3
23	1	0.05	1.1163531803698181	3
23	2	0.05	1.7178790212599346	3
23	4	0.05	-4.229634210932959	3
23	5	0.05	2.4131432961978168	3
23	6	0.05	-4.192045284078888	3
23	7	0.05	-1.6780398074992944	3
23	8	0.05	-4.0349982590220375	3
23	9	0.05	-2.6781525673241013	3
24	1	0.05	-7.469153803507273	0
24	2	0.05	-1.9420035485685525	0
24	3	0.05	-7.436308517820577	0
24	4	0.05	-7.6002937858149755	0
24	5	0.05	-7.379804386706166	0
24	6	0.05	-2.4495041463202583	0
24	7	0.05	-7.582602561350298	0
24	8	0.05	-7.496595477820396	0
24	9	0.05	-7.213086556292166	0
25	0	0.05	-3.123093897866997	2
25	1	0.05	-4.902529360792386	2
25	3	0.05	-0.21512813487338836	2
25	4	0.05	-7.1071397501625455	2
25	5	0.05	-7.011643732333434	2
25	6	0.05	-1.4082469576450471	2
25	7	0.05	-7.04392869941227	2
25	8	0.05	-4.8116087161722625	2
25	9	0.05	-7.012169503026166	2
26	0	0.05	-7.720808250652944	3
26	1	0.05	-7.689385280006454	3
26	2	0.05	-6.425251257517533	3
26	4	0.05	-7.968577660596242	3
26	5	0.05	-5.585231157169053	3
26	6	0.05	-7.921817719021148	3
26	7	0.05	-7.825060044030011	3
26	8	0.05	-7.768105434495874	3
26	9	0.05	-5.556496552344574	3
27	0	0.05	2.9011796489685944	6
27	1	0.05	3.28512926936034	6
27	2	0.05	4.593102976403988	6
27	3	0.05	5.576186343958963	6
27	4	0.05	2.114258728360457	6
27	5	0.05	3.2496053539359355	6
27	7	0.05	-0.34241333578987854	6
27	8	0.05	5.967132769707917	6
27	9	0.05	-0.024499774267223603	6
28	0	0.05	-7.542595366964179	6
28	1	0.05	-7.623231645640218	6
28	2	0.05	-4.319243841893745	6
28	3	0.05	-6.505264999076484	6
28	4	0.05	-7.304994530808702	6
28	5	0.05	-6.987862857813302	6
28	7	0.05	-7.732462328326351	6
28	8	0.05	-7.215563910143332	6
28	9	0.05	-7.703202231727452	6
29	0	0.05	-1.7455093229644838	7
29	1	0.05	-2.32346911292263	7
29	2	0.05	0.8868303872330888	7
29	3	0.05	2.8285570607890476	7
29	4	0.05	-2.745489168350911	7
29	5	0.05	3.4367775039994575	7
29	6	0.05	-2.9148022795064827	7
29	8	0.05	2.4468187780377004	7
29	9	0.05	-2.7086683069675908	7
30	0	0.05	1.1228592349005848	4
30	1	0.05	-0.010607719660562752	4
30	2	0.05	1.744369458281642	4
30	3	0.05	-0.05258240367483141	4
30	5	0.05	-0.17331971386818146	4
30	6	0.05	-0.17218240920572547	4
30	7	0.05	7.313890543121074	4
30	8	0.05	1.2294376063996304	4
30	9	0.05	4.009618742490353	4
32	0	0.05	-7.726724091717675	3
32	1	0.05	-7.686831993147445	3
32	2	0.05	-7.310304602501133	3
32	4	0.05	-7.965690950441359	3
32	5	0.05	-7.948185474895873	3
32	6	0.05	-7.9222436120372794	3
32	7	0.05	-7.819368293394646	3
32	8	0.05	-7.764920140300028	3
32	9	0.05	-7.739781344144661	3
33	0	0.05	-4.242602126456028	8
33	1	0.05	-4.93922768129778	8
33	2	0.05	-4.043039025577336	8
33	3	0.05	1.2013257589165425	8
33	4	0.05	-5.0813624817903875	8
33	5	0.05	-5.075795523295509	8
33	6	0.05	-1.2219177096040037	8
33	7	0.05	-5.074781628395997	8
33	9	0.05	-2.206954412368381	8
35	0	0.05	-7.298803058321806	5
35	1	0.05	-7.35030241173259	5
35	2	0.05	-7.470518523946075	5
35	3	0.05	-5.374840045779473	5
35	4	0.05	-7.505782764237504	5
35	6	0.05	-6.88830553654341	5
35	7	0.05	-7.485264887924125	5
35	8	0.05	-7.334229274583813	5
35	9	0.05	-5.437238899771403	5
36	0	0.05	-2.9055478660035687	4
36	1	0.05	-2.9504150766539574	4
36	2	0.05	-3.0212552822576866	4
36	3	0.05	-2.9793205377699374	4
36	5	0.05	-3.054256312306244	4
36	6	0.05	-3.0867128662632592	4
36	7	0.05	-1.9765306780976684	4
36	8	0.05	4.116386160502253	4
36	9	0.05	1.9450651890622577	4
37	0	0.05	-0.8247966440590083	2
37	1	0.05	-0.9404603242858579	2
38	0	0.05	-4.801312554572503	5
38	1	0.05	-7.328422003904185	5
38	2	0.05	-5.780924407702699	5
38	3	0.05	-5.412594062291664	5
38	4	0.05	-7.483345981311351	5
38	6	0.05	-7.5567482509496395	5
38	7	0.05	-7.468239825553521	5
38	8	0.05	-3.199241751048535	5
38	9	0.05	-7.401721132726676	5
39	0	0.05	5.688745167356045	5
39	1	0.05	3.818356219740946	5
39	2	0.05	5.290096164634711	5
39	3	0.05	7.7476187739840165	5
39	4	0.05	5.497511724934728	5
39	6	0.05	7.619719073491101	5
39	7	0.05	1.3786386775799622	5
39	8	0.05	7.470054016606655	5
39	9	0.05	7.637492561903977	5
40	0	0.05	-2.2333664208714903	8
40	1	0.05	-2.953376520453871	8
40	2	0.05	-2.8031169788897943	8
40	3	0.05	-1.6075600653158184	8
40	4	0.05	-3.7096308746676665	8
40	5	0.05	-3.7301128635714202	8
40	6	0.05	-3.7600546459100297	8
40	7	0.05	-3.7048617486877133	8
40	9	0.05	-3.6237781745822066	8
41	0	0.05	-7.287170709351238	5
41	1	0.05	-7.329837097042265	5
41	2	0.05	-7.454111696486931	5
41	3	0.05	-5.701017808038918	5
41	4	0.05	-7.495776719088728	5
41	6	0.05	-7.547074769870656	5
41	7	0.05	-7.438628533120868	5
41	8	0.05	-7.380551013533907	5
41	9	0.05	-2.8566395918515504	5
42	0	0.05	-1.5421007487262879	2
42	1	0.05	-1.7626714504294045	2
42	3	0.05	5.90858380587352	2
42	4	0.05	-1.922626012962122	2
42	5	0.05	-1.9529962761142572	2
42	6	0.05	-1.9741693014250872	2
42	7	0.05	-1.7361786494883618	2
42	8	0.05	4.1945502266926775	2
42	9	0.05	-1.5170639298610578	2
43	0	0.05	4.300802094607218	9
43	1	0.05	0.03718911649961571	9
43	2	0.05	2.264636453296968	9
43	3	0.05	3.40017644256664	9
43	4	0.05	7.198043725190553	9
43	5	0.05	-0.10393344702748375	9
43	6	0.05	0.07268018983787299	9
43	7	0.05	2.955268581537199	9
43	8	0.05	2.5227906333041576	9
44	0	0.05	-2.0770891628476815	2
44	1	0.05	-2.9440195012669323	2
44	3	0.05	-2.6200414806610133	2
44	4	0.05	-2.485760430268935	2
44	5	0.05	-3.068401083286404	2
44	6	0.05	3.8059663800528543	2
44	7	0.05	-2.1847631437838757	2
44	8	0.05	-2.9975663388007274	2
44	9	0.05	-3.0124897565739843	2
45	0	0.05	-3.3037555764629465	4
45	1	0.05	-3.35807582134056	4
45	2	0.05	1.4009191439742725	4
45	3	0.05	-3.3865581693538864	4
45	5	0.05	-3.437766385785997	4
45	6	0.05	-3.3142567278417756	4
45	7	0.05	-0.24840530573647937	4
45	8	0.05	3.2198215256373337	4
45	9	0.05	1.7855622302296381	4
46	0	0.05	-7.59503182816639	2
46	1	0.05	-6.492928810545319	2
46	3	0.05	-7.29764272341936	2
46	4	0.05	-7.781722551340961	2
46	5	0.05	-7.768814381914491	2
46	6	0.05	-7.815761831719861	2
46	7	0.05	-7.778722658325773	2
46	8	0.05	-7.542984535268568	2
46	9	0.05	-7.700959964992794	2
47	0	0.05	-0.9671164136638702	7
47	1	0.05	-0.9019699509420656	7
47	2	0.05	-0.18194301053120346	7
47	3	0.05	6.35513124085389	7
47	4	0.05	-0.8001344234620019	7
47	5	0.05	-1.1192448098306074	7
47	6	0.05	-1.1048980549762095	7
47	8	0.05	1.7964363525766995	7
47	9	0.05	4.554775692826171	7
48	1	0.05	-7.482569375013243	0
48	2	0.05	-6.5059122618763485	0
48	3	0.05	-7.472725326647855	0
48	4	0.05	-7.624819997974061	0
48	5	0.05	-7.603873383085182	0
48	6	0.05	-7.474220798526405	0
48	7	0.05	-3.746179886207914	0
48	8	0.05	-7.500140366962156	0
48	9	0.05	-3.0423969458994944	0
49	0	0.05	-7.2799494160485985	5
49	1	0.05	-7.316157865809965	5
49	2	0.05	-7.4409844826986165	5
49	3	0.05	-3.7627386801439355	5
49	4	0.05	-7.462504976659071	5
49	6	0.05	-7.541119035900616	5
49	7	0.05	-7.427582873017408	5
49	8	0.05	-5.573948689288472	5
49	9	0.05	-6.919764015771342	5
50	0	0.05	-5.169281820171306	1
50	2	0.05	-0.3630621823926902	1
50	3	0.05	-7.355707742344204	1
50	4	0.05	-5.826316903566422	1
50	5	0.05	-4.50377883454414	1
50	6	0.05	-3.402885667588582	1
50	7	0.05	-6.200116422885848	1
50	8	0.05	-0.09059348505855737	1
50	9	0.05	-7.6411032450296785	1
51	1	0.05	-4.622984407838957	0
51	2	0.05	-1.5445719626490781	0
51	3	0.05	-4.3989466304124765	0
51	4	0.05	-4.7265755101723705	0
51	5	0.05	-4.765785489294016	0
51	6	0.05	-4.378034249131781	0
51	7	0.05	-4.744586758711028	0
51	8	0.05	-4.636998910289553	0
51	9	0.05	-1.8785031691699983	0
52	0	0.05	-7.558776049297219	7
52	1	0.05	-7.253269435871525	7
52	2	0.05	-1.6531168190057488	7
52	3	0.05	0.02716109895939922	7
52	4	0.05	-7.579730284520477	7
52	5	0.05	-7.665410320725281	7
52	6	0.05	-7.701363893840453	7
52	8	0.05	-0.30384464849887266	7
52	9	0.05	-4.031177578473983	7
53	0	0.05	-1.4597224711243482	9
53	1	0.05	-1.4521091103434913	9
53	2	0.05	-1.5271851713828133	9
53	3	0.05	-0.2378800878142243	9
53	4	0.05	4.988911474613149	9
53	5	0.05	-1.5849300005639386	9
53	6	0.05	-1.6087285283899362	9
53	7	0.05	5.482802974982576	9
53	8	0.05	2.1267084003508585	9
54	0	0.05	-2.866848888551159	9
54	1	0.05	-2.909291348632106	9
54	2	0.05	-0.8725104451533627	9
54	3	0.05	-2.9687787460283435	9
55	0	0.05	-7.181242006992886	9
55	1	0.05	-7.2251821031276915	9
55	2	0.05	-7.306086724277633	9
55	3	0.05	-7.2718491578797675	9
55	4	0.05	-7.084957870582902	9
55	5	0.05	-7.36943330430977	9
55	6	0.05	-7.355529013408146	9
55	7	0.05	-6.517453914380814	9
55	8	0.05	-4.033671145824879	9
56	0	0.05	-7.555991637226764	6
56	1	0.05	-7.630943402201696	6
56	2	0.05	-5.342830228083265	6
56	3	0.05	-7.63687230881655	6
56	4	0.05	-4.800800945329219	6
56	5	0.05	-7.603886166893092	6
56	7	0.05	-7.466004787089182	6
56	8	0.05	-7.542035363168686	6
56	9	0.05	-7.5529950935925525	6
57	0	0.05	0.7672457894669291	5
57	1	0.05	-0.133902485397321	5
57	2	0.05	-0.26330214440085237	5
57	3	0.05	4.638264931602509	5
57	4	0.05	-0.22396673031397585	5
57	6	0.05	-0.35322777547269935	5
57	7	0.05	-0.26672821929797447	5
57	8	0.05	2.102983890018129	5
57	9	0.05	6.220927036755392	5
58	0	0.05	-5.025149221576503	8
58	1	0.05	-7.469970184447047	8
58	2	0.05	-7.580129424132652	8
58	3	0.05	-3.586497873622614	8
58	4	0.05	-7.404919866080343	8
58	5	0.05	-7.600168242440343	8
58	6	0.05	-3.5696452413840953	8
58	7	0.05	-7.595704136517441	8
58	9	0.05	-5.242677719589077	8
59	0	0.05	-5.919323859371187	8
59	1	0.05	-7.15832869303723	8
59	2	0.05	-5.236935391444064	8
59	3	0.05	-6.055904358439744	8
59	4	0.05	-7.089181092829314	8
59	5	0.05	-7.286869346901268	8
59	6	0.05	-7.342025238495366	8
59	7	0.05	-7.296976660688826	8
59	9	0.05	-5.079555982477621	8
60	0	0.05	-6.2594387447622	6
60	1	0.05	-6.192209863645222	6
60	2	0.05	0.8949151775584457	6
60	3	0.05	-6.274026772766131	6
60	4	0.05	-6.4581255175110135	6
60	5	0.05	-4.278859919849519	6
60	7	0.05	-6.451046034885352	6
60	8	0.05	-3.781352862392801	6
60	9	0.05	-6.404909254330565	6
61	0	0.05	-4.636920838449113	9
61	1	0.05	-4.643839575657642	9
61	2	0.05	-4.735933308433953	9
61	3	0.05	-0.10577185846152401	9
61	4	0.05	-3.9802043864010743	9
61	5	0.05	-4.806887646394777	9
61	6	0.05	-4.798000363169919	9
61	7	0.05	-1.6218651867571383	9
61	8	0.05	-1.7848687841706656	9
62	0	0.05	4.240498604020138	9
62	1	0.05	-1.2732481706432321	9
62	2	0.05	-1.358526063933496	9
62	3	0.05	-1.2881968084927988	9
62	4	0.05	-0.8672259947671422	9
62	5	0.05	-1.4129302168542799	9
62	6	0.05	-1.4324040932489346	9
62	7	0.05	-1.2497786241076083	9
62	8	0.05	1.5468767588905739	9
63	0	0.05	-6.703134604245389	5
63	1	0.05	-2.947316255337182	5
63	2	0.05	-7.454562556418016	5
63	3	0.05	-6.861836424008181	5
63	4	0.05	-7.456884029185677	5
63	6	0.05	-7.557568970920714	5
63	7	0.05	-6.918155081776521	5
63	8	0.05	-7.288772148471562	5
63	9	0.05	-7.393001637529487	5
64	0	0.05	-2.688150435517577	4
64	1	0.05	-0.34762070132712425	4
64	2	0.05	-1.5138685858153647	4
64	3	0.05	0.27145446713020066	4
64	5	0.05	-2.8042313268546524	4
64	6	0.05	-2.087053045701673	4
64	7	0.05	3.859683759952116	4
64	8	0.05	-1.7988774453742888	4
64	9	0.05	0.4496527604228409	4
65	0	0.05	-3.8158976500077646	2
65	1	0.05	-3.7995796222218625	2
65	3	0.05	2.9546372671374126	2
65	4	0.05	-3.9690982626613254	2
65	5	0.05	-3.9916136510146156	2
65	6	0.05	-4.010667278280427	2
65	7	0.05	-1.7370814731549593	2
65	8	0.05	-3.4564395532159304	2
65	9	0.05	-3.861785473238598	2
66	0	0.05	-7.558308395035139	6
66	1	0.05	-7.637154837745186	6
66	2	0.05	-7.721065634073065	6
66	3	0.05	-7.6425882504545175	6
66	4	0.05	-7.498826464477479	6
66	5	0.05	-7.617897397245079	6
66	7	0.05	-7.738081564877798	6
66	8	0.05	-7.674330667919339	6
66	9	0.05	-7.704266125441139	6
67	0	0.05	5.298192368504209	8
67	1	0.05	-0.5015425186579086	8
67	2	0.05	-0.6145071431367969	8
67	3	0.05	3.882601012896915	8
67	4	0.05	-0.4155940344632527	8
67	5	0.05	-0.6688822551815656	8
67	6	0.05	-0.6927610602888098	8
67	7	0.05	-0.6316076486718889	8
67	9	0.05	3.6778654888524156	8
68	0	0.05	-1.1690079440498395	1
68	2	0.05	4.82111327935193	1
68	3	0.05	5.739710036340474	1
68	4	0.05	-1.3603851161129072	1
68	5	0.05	-1.273126206067325	1
68	6	0.05	1.724577882357042	1
68	7	0.05	4.283269745560502	1
68	8	0.05	5.269699991129214	1
68	9	0.05	-1.2510443335986265	1
69	1	0.05	-4.695304195968052	0
69	2	0.05	-4.760581081816552	0
69	3	0.05	-4.713067484409929	0
69	4	0.05	-4.799344723729477	0
69	5	0.05	-4.7414341562349565	0
69	6	0.05	-2.6761217343135897	0
69	7	0.05	1.347725861018145	0
69	8	0.05	-4.7225692175960665	0
69	9	0.05	-4.56363262819002	0
70	0	0.05	-7.280563518036712	6
70	1	0.05	-7.625750954624987	6
70	2	0.05	-4.700447387659089	6
70	3	0.05	-7.626458124431805	6
70	4	0.05	-3.1300621266846878	6
70	5	0.05	-7.690397390467013	6
70	7	0.05	-7.219954483884105	6
70	8	0.05	-7.654540394792937	6
70	9	0.05	-7.699983730755696	6
71	0	0.05	-4.98668487321199	9
71	1	0.05	-5.250679794624354	9
71	2	0.05	-5.357244610944601	9
71	3	0.05	-0.5131014124103046	9
71	4	0.05	-4.956978569082991	9
71	5	0.05	1.18791963750698	9
71	6	0.05	-5.42577364846556	9
71	7	0.05	-0.9547303625575139	9
71	8	0.05	-3.268921491779736	9
72	0	0.05	-1.6379838011094596	5
72	1	0.05	-3.2939673774330287	5
72	2	0.05	-3.423039790228007	5
72	3	0.05	3.3138598277984332	5
72	4	0.05	-3.394651993548503	5
72	6	0.05	-3.5145743416081117	5
72	7	0.05	-0.9985814955732792	5
72	8	0.05	0.6092161882108654	5
72	9	0.05	1.361640033984436	5
73	0	0.05	-7.298194325325798	5
73	1	0.05	-7.347804518423813	5
73	2	0.05	-7.46817528963535	5
73	3	0.05	-5.5042136347783615	5
73	4	0.05	-7.5244265555704075	5
73	6	0.05	-4.61083359893893	5
73	7	0.05	-7.480904381665261	5
73	8	0.05	-7.395713736579268	5
73	9	0.05	-6.831773396226783	5
74	0	0.05	-7.888840949302115	4
74	1	0.05	-7.928680357815889	4
74	2	0.05	-8.011053775185543	4
74	3	0.05	-7.9878986514448105	4
74	5	0.05	-8.045495709097626	4
74	6	0.05	-8.07670838404207	4
74	7	0.05	-7.584517791590202	4
74	8	0.05	-7.105845697697722	4
74	9	0.05	-6.85957469980065	4
75	0	0.05	-7.59952915861472	1
75	2	0.05	-6.1714093586581225	1
75	3	0.05	-7.00801975219556	1
75	4	0.05	-7.643256651187451	1
75	5	0.05	-7.712797387603787	1
75	6	0.05	-7.782245564802572	1
75	7	0.05	-2.592362151515982	1
75	8	0.05	-3.3599696611811716	1
75	9	0.05	-7.671180514396338	1
76	0	0.05	-7.278156807529449	6
76	1	0.05	-5.823805603210534	6
76	2	0.05	0.22901867506426893	6
76	3	0.05	-1.1895910473288378	6
76	4	0.05	-7.501083309720524	6
76	5	0.05	-7.41315936564272	6
76	7	0.05	-7.4548447492621825	6
76	8	0.05	-7.34741666357931	6
76	9	0.05	-7.420613310081607	6
77	0	0.05	-2.5055393072601144	7
77	1	0.05	-2.462059906083363	7
77	2	0.05	4.028249925662724	7
77	3	0.05	2.31796328750288	7
77	4	0.05	-2.554440670183995	7
77	5	0.05	-2.6518368392211027	7
77	6	0.05	-2.671522636423934	7
77	8	0.05	1.7000041114230109	7
77	9	0.05	-0.2915938240124128	7
78	0	0.05	-4.60473205022118	5
78	1	0.05	-5.2419870486368145	5
78	2	0.05	-5.358565215081942	5
78	3	0.05	-4.760401829091519	5
78	4	0.05	-5.387400745644861	5
78	6	0.05	-5.325416442822777	5
78	7	0.05	-5.367209701478187	5
78	8	0.05	-4.964214918335308	5
78	9	0.05	-3.2189727636978622	5
79	0	0.05	-0.21333777303680132	2
79	1	0.05	2.98746636017851	2
79	3	0.05	3.7309044556048843	2
79	4	0.05	6.131918219344826	2
79	5	0.05	4.45267918743548	2
79	6	0.05	2.780620091752994	2
79	7	0.05	6.197255242091379	2
79	8	0.05	-0.2859988595533586	2
79	9	0.05	-0.1657807696278845	2
80	0	0.05	-0.25277964344241627	9
80	1	0.05	-0.36027692587288623	9
80	2	0.05	-0.46073842860004965	9
80	3	0.05	3.6302110720676004	9
80	4	0.05	4.659189740764428	9
80	5	0.05	-0.5330102290162169	9
80	6	0.05	-0.5349076445902968	9
80	7	0.05	2.3717767211529193	9
80	8	0.05	2.3383982650775947	9
81	1	0.05	-7.4797515223582804	0
81	2	0.05	-7.563536048545023	0
81	3	0.05	-7.469346215700683	0
81	4	0.05	-4.551782463990244	0
81	5	0.05	-7.564273666127452	0
81	6	0.05	-3.2817758974211655	0
81	7	0.05	-7.581227744903594	0
81	8	0.05	-7.506841749817251	0
81	9	0.05	-7.493256120115954	0
82	0	0.05	-2.4547727901985734	6
82	1	0.05	-7.636727670635651	6
82	2	0.05	-6.821174129976599	6
82	3	0.05	-7.639985152156762	6
82	4	0.05	-7.4881691483722825	6
82	5	0.05	-6.599372606949642	6
82	7	0.05	-7.731569024154313	6
82	8	0.05	-7.669612472591225	6
82	9	0.05	-7.706502095010711	6
83	0	0.05	-4.132254553505338	4
83	1	0.05	-4.19117310909151	4
83	2	0.05	-3.2006422042941463	4
83	3	0.05	-4.240229129710224	4
83	5	0.05	-4.275051049367311	4
83	6	0.05	1.604118278669194	4
83	7	0.05	0.17030128567443814	4
83	8	0.05	-4.156743725952563	4
83	9	0.05	-3.4357265134883566	4
84	0	0.05	-4.159156927674401	4
84	1	0.05	-4.16701624408448	4
84	2	0.05	-4.259326038030328	4
84	3	0.05	-4.2201692194283105	4
84	5	0.05	-4.325254320164312	4
84	6	0.05	-4.322689824764317	4
84	7	0.05	-3.3758824067228907	4
84	8	0.05	-4.086566406750373	4
84	9	0.05	-1.1282611386928774	4
85	0	0.05	3.4532773682848954	2
85	1	0.05	-0.5130007044448209	2
85	3	0.05	3.4975597254684097	2
85	4	0.05	-0.6416976368676156	2
85	5	0.05	-0.7086651822109417	2
85	6	0.05	-0.7214554386040246	2
85	7	0.05	6.700327719969185	2
85	8	0.05	5.412461576315322	2
85	9	0.05	-0.4956637204450619	2
86	0	0.05	-0.7388881964910536	8
86	1	0.05	-1.219230952665475	8
86	2	0.05	2.5747601817319974	8
86	3	0.05	3.9507809130539404	8
86	4	0.05	1.433970977824162	8
86	5	0.05	-1.6018016808823856	8
86	6	0.05	-1.2691725758403	8
86	7	0.05	-0.9190704018054483	8
86	9	0.05	-1.0689852199543444	8
87	0	0.05	-7.56154171870085	7
87	1	0.05	-7.508004524336817	7
87	2	0.05	-1.0748034356852842	7
87	3	0.05	-4.371062739966592	7
87	4	0.05	-7.580789303111785	7
87	5	0.05	-7.685130722914571	7
87	6	0.05	-7.703912798080061	7
87	8	0.05	-5.215319666450009	7
87	9	0.05	-7.445896171946946	7
88	0	0.05	-7.442173895925156	8
88	1	0.05	-7.477762394812054	8
88	2	0.05	-0.7244510599057636	8
88	3	0.05	-6.033412066987189	8
88	4	0.05	-7.667094116288885	8
88	5	0.05	-7.609384329278538	8
88	6	0.05	-7.675927504240854	8
88	7	0.05	-7.629252016965113	8
88	9	0.05	-7.5446743378509264	8
89	0	0.05	-2.785423040841551	3
89	1	0.05	-3.1021914804369266	3
89	2	0.05	-3.2349830859529156	3
89	4	0.05	-3.2337656951944482	3
89	5	0.05	2.657732679791959	3
89	6	0.05	-3.300947837849206	3
89	7	0.05	-3.207260457735453	3
89	8	0.05	-2.8541640236153367	3
89	9	0.05	3.057403602314659	3
90	1	0.05	-7.497654286113719	0
90	2	0.05	-6.95458868774904	0
90	3	0.05	-7.485087618957082	0
90	4	0.05	-7.63729124052283	0
90	5	0.05	-7.628798971996862	0
90	6	0.05	-6.866668494907253	0
90	7	0.05	-7.602786471913161	0
90	8	0.05	-7.520002805255579	0
90	9	0.05	-7.407537051759707	0
91	0	0.05	-7.51292280646613	9
91	1	0.05	-7.528582173686963	9
91	2	0.05	-7.613486996741686	9
91	3	0.05	-6.435608677784345	9
91	4	0.05	-7.4197215539848935	9
91	5	0.05	-7.693921991101681	9
91	6	0.05	-7.6681796040928125	9
91	7	0.05	-3.431351799826823	9
91	8	0.05	-6.879628334540291	9
92	1	0.05	-7.177520254871924	0
92	2	0.05	-7.132085423022861	0
92	3	0.05	-7.461750544735855	0
92	4	0.05	-7.643162965519939	0
92	5	0.05	-5.509614299761282	0
92	6	0.05	-5.764139496698994	0
92	7	0.05	-7.562381423791304	0
92	8	0.05	-7.511763604699884	0
92	9	0.05	-7.540125307221362	0
93	0	0.05	-6.389698288300435	1
93	2	0.05	-5.936255903255014	1
93	3	0.05	-0.7400153090439587	1
93	4	0.05	-5.67213617557923	1
93	5	0.05	-6.524253719108852	1
93	6	0.05	-6.585196909395503	1
93	7	0.05	-3.613213177566707	1
93	8	0.05	0.6785887216081905	1
93	9	0.05	-1.58399732000499	1
94	0	0.05	-2.222815266344866	1
94	2	0.05	-2.0681576781989386	1
94	3	0.05	4.402811903392578	1
94	4	0.05	0.5681062048412815	1
94	5	0.05	-2.3414812786075774	1
94	6	0.05	1.780611803605995	1
94	7	0.05	3.718066896698353	1
94	8	0.05	4.1061737572145525	1
94	9	0.05	-0.08625366299145111	1
95	0	0.05	-7.711614254113538	9
95	1	0.05	-7.729364241556665	9
95	2	0.05	-7.815831731353465	9
95	3	0.05	-4.8713062454051475	9
95	4	0.05	-7.653945885845282	9
95	5	0.05	-3.6356222540629775	9
95	6	0.05	-7.88054253882747	9
95	7	0.05	-2.887187932867705	9
95	8	0.05	-7.486879788446076	9
96	0	0.05	-5.787468180074518	4
96	1	0.05	-5.780521095109628	4
96	2	0.05	-5.808796426754022	4
96	3	0.05	-5.851533961588916	4
96	5	0.05	-5.927577727983054	4
96	6	0.05	-5.94014414353624	4
96	7	0.05	-1.9883796611405145	4
96	8	0.05	-4.238342491131044	4
96	9	0.05	-0.7922888651544608	4
97	0	0.05	3.6576119008578836	5
97	1	0.05	1.7925675383312387	5
97	2	0.05	0.7180471179504179	5
97	3	0.05	7.541036278260379	5
97	4	0.05	1.6315848615613346	5
97	6	0.05	5.91563773666035	5
97	7	0.05	0.10899938020129989	5
97	8	0.05	4.159965577746826	5
97	9	0.05	0.17118604422100106	5
98	0	0.05	2.250380587767582	9
98	1	0.05	-0.3838279293844935	9
98	2	0.05	3.8875711603989105	9
98	3	0.05	0.23584915408008075	9
98	4	0.05	5.372891310541842	9
98	5	0.05	-0.48601880353411614	9
98	6	0.05	-0.3900695543084611	9
98	7	0.05	5.5436705140367275	9
98	8	0.05	0.8962534454847955	9
100	0	0.05	-5.787741221264675	6
100	1	0.05	-6.292577942762004	6
100	2	0.05	-3.1610905646726026	6
100	3	0.05	-6.288237076084077	6
100	4	0.05	-2.622914081838414	6
100	5	0.05	-3.6463511525777825	6
100	7	0.05	-5.759973637619678	6
100	8	0.05	-6.3076078238146955	6
100	9	0.05	-6.36159137906085	6
101	0	0.05	-6.599980235675095	6
101	1	0.05	-6.896809035369713	6
101	2	0.05	-6.793984322401816	6
101	3	0.05	-6.704481861119909	6
101	4	0.05	-7.058770080017203	6
101	5	0.05	-1.8290788776537874	6
101	7	0.05	-7.017821647280279	6
101	8	0.05	-1.54858431151292	6
101	9	0.05	-6.682105444717377	6
102	1	0.05	-7.493554275516563	0
102	2	0.05	-6.581643933912397	0
102	3	0.05	-7.4789051579447925	0
102	4	0.05	-7.63444653807572	0
102	5	0.05	-7.624073849222371	0
102	6	0.05	-7.4327074096081445	0
102	7	0.05	-7.604472148960541	0
102	8	0.05	-7.519524805909026	0
102	9	0.05	-6.60649622922494	0
103	0	0.05	-4.896519141137433	7
103	1	0.05	-4.8390725185870815	7
103	2	0.05	-4.320610356647131	7
103	3	0.05	-0.1609729575870726	7
103	4	0.05	-4.920805155068431	7
103	5	0.05	-4.846456171727252	7
103	6	0.05	-5.042921997261153	7
103	8	0.05	-4.003744996190122	7
103	9	0.05	-1.4800138164372945	7
104	0	0.05	-0.09245740920768458	7
104	1	0.05	-0.08157632732748404	7
104	2	0.05	-0.19557166135746096	7
105	0	0.05	0.3901630126417743	8
105	1	0.05	1.4434415926333473	8
105	2	0.05	6.226551520799652	8
105	3	0.05	7.682867965516455	8
105	4	0.05	0.009516306902735385	8
105	5	0.05	-0.10573232401883653	8
105	6	0.05	-0.11745862063260644	8
105	7	0.05	1.44305180491108	8
105	9	0.05	5.887541801044553	8
106	0	0.05	2.393599896166961	4
106	1	0.05	0.10080364156299075	4
106	2	0.05	5.3639492884260225	4
106	3	0.05	0.08790809605830315	4
106	5	0.05	0.011190431308171146	4
106	6	0.05	5.996456241789678	4
106	7	0.05	3.9419704869309022	4
106	8	0.05	0.092421833490643	4
106	9	0.05	0.31677333332381424	4
107	0	0.05	-3.1065475950224974	8
107	1	0.05	-5.872687292139234	8
107	2	0.05	-1.8465442414474764	8
107	3	0.05	0.720031052627406	8
107	4	0.05	-6.051746015425905	8
107	5	0.05	-6.037993628431743	8
107	6	0.05	-6.071841898308693	8
107	7	0.05	1.034662885996277	8
107	9	0.05	-3.738039677802437	8
108	0	0.05	0.08901973311286906	8
109	0	0.05	-0.14386920004023143	1
109	2	0.05	5.211532729466462	1
109	3	0.05	6.298518899645336	1
109	4	0.05	2.5221112762799693	1
109	5	0.05	4.1568341831168425	1
109	6	0.05	4.866768151255915	1
109	7	0.05	3.0421734675486976	1
109	8	0.05	7.158524075590563	1
109	9	0.05	1.5362383735678442	1
110	0	0.05	0.4722499163925428	8
110	1	0.05	-0.022592158815606864	8
110	2	0.05	4.372909813850504	8
110	3	0.05	2.4693933794731255	8
110	4	0.05	0.003344206785376553	8
110	5	0.05	1.7898901578596647	8
110	6	0.05	2.424032405909922	8
110	7	0.05	-0.14967658141467505	8
110	9	0.05	1.1534893277522555	8
111	1	0.05	-7.487392002773332	0
111	2	0.05	-7.574389582129441	0
111	3	0.05	-7.470011194905965	0
111	4	0.05	-7.607773076714098	0
111	5	0.05	-7.0019319329411305	0
111	6	0.05	-7.4278797700826935	0
111	7	0.05	-7.579972936251494	0
111	8	0.05	-6.222509652560917	0
111	9	0.05	-7.529776355092653	0
112	0	0.05	-6.391184564894522	2
112	1	0.05	-7.0173917738525	2
112	3	0.05	-4.181732774464542	2
112	4	0.05	-7.161873435904637	2
112	5	0.05	-7.118073793444005	2
112	6	0.05	-6.748785489202544	2
112	7	0.05	-7.044440162680969	2
112	8	0.05	0.2776794779845569	2
112	9	0.05	-7.087185387842456	2
113	0	0.05	0.8805682561743159	9
113	1	0.05	2.081734790565783	9
113	2	0.05	-0.3045960899290358	9
113	3	0.05	1.471132824313831	9
113	4	0.05	3.9074738699883134	9
113	5	0.05	-0.38145738591322553	9
113	6	0.05	-0.39603011341372124	9
113	7	0.05	6.859310586775756	9
113	8	0.05	5.073843593245354	9
114	0	0.05	-2.5840117623311927	1
114	2	0.05	3.276986703530357	1
114	3	0.05	1.349281848783566	1
114	4	0.05	-3.5367868556132325	1
114	5	0.05	-3.5054068663997167	1
114	6	0.05	0.48109600047418644	1
114	7	0.05	-1.5101722928318335	1
114	8	0.05	2.436381266841479	1
114	9	0.05	-3.5279036269767157	1
115	1	0.05	-5.518383896111957	0
115	2	0.05	-2.406297235164568	0
115	3	0.05	-4.047871277232777	0
115	4	0.05	-5.658033142311479	0
115	5	0.05	-2.664441806327147	0
115	6	0.05	-2.678622874640342	0
115	7	0.05	-5.632701426677176	0
115	8	0.05	-5.546575562162134	0
115	9	0.05	-5.552733600207062	0
116	0	0.05	-6.715334984870493	3
116	1	0.05	-6.686868171339302	3
116	2	0.05	-3.6355248679936545	3
116	4	0.05	-6.843367277869643	3
116	5	0.05	-5.795326087321546	3
116	6	0.05	-6.915867760502202	3
116	7	0.05	-6.819201464484699	3
116	8	0.05	-6.760603180008427	3
116	9	0.05	-4.924301774567878	3
117	0	0.05	-4.7743421926623535	9
117	1	0.05	-4.766474253500008	9
117	2	0.05	-4.856616502178712	9
117	3	0.05	0.6305189369710705	9
117	4	0.05	-4.491518774215901	9
117	5	0.05	-4.930977563664051	9
117	6	0.05	-4.918590419262914	9
117	7	0.05	-0.8537781504538021	9
117	8	0.05	-0.9401795681125149	9
118	0	0.05	-7.565726896371361	7
118	1	0.05	-7.512145713713016	7
118	2	0.05	-4.9114729730079665	7
118	3	0.05	-7.234361739460456	7
118	4	0.05	-7.568786228660402	7
118	5	0.05	-7.717801877367912	7
118	6	0.05	-7.711215827017969	7
118	8	0.05	-7.548797247477464	7
118	9	0.05	-6.5729959467845935	7
119	1	0.05	-7.497180605673689	0
119	2	0.05	-7.582458846878727	0
119	3	0.05	-7.484777641265658	0
119	4	0.05	-7.638495891989913	0
119	5	0.05	-7.633336484463483	0
119	6	0.05	-7.384965805736589	0
119	7	0.05	-7.6050338516963105	0
119	8	0.05	-7.523066421781551	0
119	9	0.05	-7.547386547408108	0
120	0	0.05	-7.866020916543834	4
120	1	0.05	-7.924073601149543	4
120	2	0.05	-8.007262449887824	4
120	3	0.05	-7.984952216946703	4
120	5	0.05	-8.038483490496034	4
120	6	0.05	-8.071578737933367	4
120	7	0.05	-7.580278479545695	4
120	8	0.05	-7.924358334522681	4
120	9	0.05	-5.471619920303391	4
121	0	0.05	-1.1494775774701782	9
121	1	0.05	-3.3957039228720434	9
121	2	0.05	-3.4719351820202715	9
121	3	0.05	-2.5589112047638047	9
121	4	0.05	2.7728151620054073	9
121	5	0.05	-3.5331386106809437	9
121	6	0.05	-3.5422217910192755	9
121	7	0.05	2.8022263774909306	9
121	8	0.05	-3.1252342248621807	9
122	0	0.05	-6.818489753025993	6
122	1	0.05	-6.900012461188492	6
122	2	0.05	-2.2653705809252083	6
122	3	0.05	-6.8926373242680405	6
122	4	0.05	-7.0422941905262855	6
122	5	0.05	-6.859670065164008	6
122	7	0.05	-7.014296452123788	6
122	8	0.05	-4.96482461813167	6
122	9	0.05	-6.977399586385767	6
123	0	0.05	0.48350388994735866	8
123	1	0.05	0.07939451348189139	8
123	2	0.05	1.0013172634049967	8
123	3	0.05	6.376726721258401	8
123	4	0.05	0.05892886854545759	8
123	5	0.05	-0.1291168648676105	8
123	6	0.05	-0.11819920669332058	8
123	7	0.05	7.582940531861459	8
123	9	0.05	6.32491611892816	8
124	0	0.05	0.013939418071665747	9
124	1	0.05	0.028836608430156202	9
124	2	0.05	-0.07363003836730951	9
124	3	0.05	4.086273619276727	9
124	4	0.05	0.5758373252540472	9
124	5	0.05	-0.13996467393642983	9
124	6	0.05	-0.1660811886251259	9
124	7	0.05	4.712311777896688	9
124	8	0.05	7.147989601104145	9
125	0	0.05	-7.674634939523003	3
125	1	0.05	-7.647721262612459	3
125	2	0.05	-7.793488171433092	3
125	4	0.05	-7.848379713882127	3
125	5	0.05	-7.805515268839976	3
125	6	0.05	-7.857358984757186	3
125	7	0.05	-6.865078809645367	3
125	8	0.05	-7.632121634636017	3
125	9	0.05	-4.270406922228326	3
126	0	0.05	4.932270257517311	5
126	1	0.05	1.833279891973248	5
126	2	0.05	1.032712439419711	5
126	3	0.05	7.948797331088521	5
126	4	0.05	0.16593946773973298	5
127	0	0.05	0.09742325186678111	4
127	1	0.05	0.1975545535186801	4
127	2	0.05	0.43986949404682424	4
127	3	0.05	1.0349186359578355	4
127	5	0.05	-0.20807519083521922	4
127	6	0.05	7.249949972212475	4
127	7	0.05	5.173598583506859	4
127	8	0.05	-0.14180303614766526	4
127	9	0.05	2.4451663888857635	4
128	0	0.05	-7.7181205416226755	3
128	1	0.05	-7.68438935895337	3
128	2	0.05	-7.059775452318049	3
128	4	0.05	-7.960442001636217	3
128	5	0.05	-7.22630415323172	3
128	6	0.05	-7.914048201886136	3
128	7	0.05	-7.811741541621394	3
128	8	0.05	-7.719910311862416	3
128	9	0.05	-5.585029013741278	3
129	0	0.05	-7.064645890808709	2
129	1	0.05	-3.8910037495056007	2
129	3	0.05	-4.671920041118583	2
129	4	0.05	-7.755645843980342	2
129	5	0.05	-7.6837440886009425	2
129	6	0.05	-3.758445861508468	2
129	7	0.05	-7.735690423427215	2
129	8	0.05	-4.334768157112578	2
129	9	0.05	-7.689373099815517	2
130	0	0.05	1.2217160990795153	2
130	1	0.05	0.29566263549967503	2
130	3	0.05	6.577587908569823	2
130	4	0.05	-0.03399754567500238	2
130	5	0.05	-0.015039472969138865	2
130	6	0.05	-0.05537653744780022	2
130	7	0.05	0.7436191976582536	2
131	0	0.05	-7.8675844781818505	4
131	1	0.05	-7.877047009877311	4
131	2	0.05	-7.942731371936462	4
131	3	0.05	-7.961090098122391	4
131	5	0.05	-7.993672858473539	4
131	6	0.05	-8.025246258390641	4
131	7	0.05	-0.6359227774425301	4
131	8	0.05	-7.826954483970989	4
131	9	0.05	-3.49916792086142	4
132	1	0.05	-7.486344746225817	0
132	2	0.05	-6.695142603777471	0
132	3	0.05	-7.469394358149541	0
132	4	0.05	-7.593479770424003	0
132	5	0.05	-7.602048373871722	0
132	6	0.05	-6.117136630068258	0
132	7	0.05	-7.588302593594462	0
132	8	0.05	-7.512799367880945	0
132	9	0.05	-7.537608170846244	0
133	0	0.05	-3.7336565374282893	3
133	1	0.05	0.018968120812083177	3
133	2	0.05	-1.1416794022836767	3
133	4	0.05	-5.5524806755365335	3
133	5	0.05	-1.3949159919055971	3
133	6	0.05	-5.554067862455433	3
133	7	0.05	-5.4645300113930855	3
133	8	0.05	-5.371657783791722	3
133	9	0.05	-0.8392727180292561	3
134	0	0.05	3.05745656484465	2
134	1	0.05	-3.2402730465642087	2
134	3	0.05	-2.7708348004861225	2
134	4	0.05	-3.3919160430252075	2
134	5	0.05	-3.3597650022646848	2
134	6	0.05	-2.3978780608934347	2
134	7	0.05	-2.7192107423463487	2
134	8	0.05	-3.2949841078582573	2
134	9	0.05	-3.3270660375744026	2
135	0	0.05	-7.305113620332501	3
135	1	0.05	-6.221271573948565	3
135	2	0.05	-6.675953785667003	3
135	4	0.05	-7.276707799004895	3
135	5	0.05	-6.1347294269425	3
135	6	0.05	-7.495292778902015	3
135	7	0.05	-7.400707531722663	3
135	8	0.05	-3.705112483786768	3
135	9	0.05	-3.9211295186665103	3
136	0	0.05	-0.04819473160232712	5
136	1	0.05	-0.016180803158743262	5
136	2	0.05	1.3567994107732135	5
136	3	0.05	7.43383549113027	5
136	4	0.05	-0.1930486486539245	5
136	6	0.05	-0.25604249471612367	5
136	7	0.05	1.5094954814930222	5
136	8	0.05	1.1497731569533902	5
136	9	0.05	0.00013334202047767712	5
137	0	0.05	-1.6497864782761917	1
137	2	0.05	2.253318882351528	1
137	3	0.05	-0.06933589870014785	1
137	4	0.05	-3.389748348787177	1
137	5	0.05	-3.771347669693002	1
137	6	0.05	0.8864263670365444	1
137	7	0.05	1.0187733710804567	1
137	8	0.05	3.091811528026761	1
137	9	0.05	-3.8275328940293485	1
138	0	0.05	-0.6856687482240268	1
138	2	0.05	1.127684617133322	1
138	3	0.05	6.399881009278833	1
138	4	0.05	4.209080456865131	1
138	5	0.05	-0.8003915818653814	1
138	6	0.05	-0.8493606615065739	1
138	7	0.05	5.173659113333863	1
138	8	0.05	5.080861695666404	1
138	9	0.05	5.3397951879842696	1
139	0	0.05	-7.350830212417813	2
139	1	0.05	-0.4461898350154749	2
139	3	0.05	-3.766060626203544	2
139	4	0.05	-7.543628534035377	2
139	5	0.05	-7.487663325001074	2
139	6	0.05	-7.566261808244983	2
139	7	0.05	-3.131275221638559	2
139	8	0.05	-3.0864301871912554	2
139	9	0.05	-7.4545135657693224	2
140	0	0.05	-7.888558042460831	4
140	1	0.05	-7.931547187454278	4
140	2	0.05	-8.006595855708532	4
140	3	0.05	-7.990639844879496	4
140	5	0.05	-8.043654477070609	4
140	6	0.05	-8.075337066410953	4
140	7	0.05	-5.464722963732966	4
140	8	0.05	-7.540055510810917	4
140	9	0.05	-6.806980646217988	4
141	0	0.05	0.37285721134872496	8
141	1	0.05	-0.9599438918813606	8
141	2	0.05	4.2411886455532795	8
141	3	0.05	4.4551662732571735	8
141	4	0.05	-1.1000306551205068	8
141	5	0.05	-1.116384600740791	8
141	6	0.05	4.900932717683294	8
141	7	0.05	-1.1034827658030077	8
141	9	0.05	-1.0355162833778544	8
142	0	0.05	-6.823087611310321	2
142	1	0.05	-6.561518438131985	2
142	3	0.05	-2.241754192356573	2
142	4	0.05	-7.760822125934915	2
142	5	0.05	-7.731203313957337	2
142	6	0.05	-6.867777745842195	2
142	7	0.05	-6.8058653298995715	2
142	8	0.05	-6.5428459250403685	2
142	9	0.05	-7.673463705200265	2
143	0	0.05	-6.439881475288096	2
143	1	0.05	-7.588857388358445	2
143	3	0.05	-2.7799366224055513	2
143	4	0.05	-7.640701537127419	2
143	5	0.05	-7.7360060106044655	2
143	6	0.05	-7.768044586977831	2
143	7	0.05	-7.72442229368081	2
143	8	0.05	-7.648197476803757	2
143	9	0.05	-7.678792723785593	2
144	0	0.05	-6.084090404800649	6
144	1	0.05	-7.634099083660605	6
144	2	0.05	-5.799808843916199	6
144	3	0.05	-7.644237657778917	6
144	4	0.05	-7.712381945683866	6
144	5	0.05	-7.709778300549541	6
144	7	0.05	-7.732628242493553	6
144	8	0.05	-7.671916724120604	6
144	9	0.05	-7.53550615599929	6
145	0	0.05	-2.1358007437494937	8
145	1	0.05	-1.1186096344026866	8
145	2	0.05	5.368392412742034	8
145	3	0.05	3.202886506374499	8
145	4	0.05	-2.315139460363593	8
145	5	0.05	-2.3103366222735557	8
145	6	0.05	-2.22892521729786	8
145	7	0.05	-2.295488519554354	8
145	9	0.05	-1.1389259174877193	8
146	0	0.05	2.562812353517313	6
146	1	0.05	-0.29509227423751144	6
146	2	0.05	-3.4407837104432955	6
146	3	0.05	1.498795693826005	6
146	4	0.05	-3.6801676176150933	6
146	5	0.05	-0.2393195103559961	6
146	7	0.05	-3.644446402897216	6
146	8	0.05	1.1995934548788587	6
146	9	0.05	-3.5991897376244135	6
147	0	0.05	-0.31242255586939105	1
147	2	0.05	7.172367126824968	1
147	3	0.05	1.9330068423022142	1
147	4	0.05	0.6458056206212406	1
147	5	0.05	-0.07777080140875978	1
147	6	0.05	3.2716767821328525	1
147	7	0.05	1.476220651037884	1
147	8	0.05	6.228063463489547	1
147	9	0.05	-0.445257902717545	1
148	0	0.05	0.11916511707879421	7
148	1	0.05	6.969602985905155	7
148	2	0.05	7.616241665193474	7
148	3	0.05	7.65511197919937	7
148	4	0.05	5.513063033172151	7
148	5	0.05	0.012169978540157092	7
148	6	0.05	0.8687141886222021	7
148	8	0.05	0.1616676902159114	7
148	9	0.05	0.6446083888345401	7
149	1	0.05	-7.494477763146301	0
149	2	0.05	-1.089795649825687	0
149	3	0.05	-7.477062712371196	0
149	4	0.05	-7.641194912469529	0
149	5	0.05	-7.605693689246806	0
149	6	0.05	-7.666304797275231	0
149	7	0.05	-7.597176388756736	0
149	8	0.05	-7.513962616854918	0
149	9	0.05	-7.441965962283135	0
150	0	0.05	0.4131611443880545	6
150	1	0.05	-5.550339433195545	6
150	2	0.05	-0.8545392301986996	6
150	3	0.05	-5.349314422590574	6
150	4	0.05	-0.9305565081987877	6
150	5	0.05	-5.621485268539964	6
150	7	0.05	-3.727404533203366	6
150	8	0.05	-5.564341897962216	6
150	9	0.05	-5.60006629327711	6
