Img	Target_Label	Epsilon	Objective_Value	Label
1	0	0.05	7.5892112209442635	2
1	1	0.05	7.575967244152693	2
1	3	0.05	7.580056802876822	2
1	4	0.05	7.432914521441834	2
1	5	0.05	7.663426945541128	2
1	6	0.05	7.569096597710566	2
1	7	0.05	7.573198848180988	2
1	8	0.05	7.678968572124762	2
1	9	0.05	7.612339790991336	2
2	1	0.05	-7.6042207110386695	0
2	2	0.05	-7.431076695015164	0
2	3	0.05	-7.626303013934798	0
2	4	0.05	-6.970294181634319	0
2	5	0.05	-3.550428339274631	0
2	6	0.05	-5.7102676320391685	0
2	7	0.05	-7.495949763897775	0
2	8	0.05	-7.195300724230866	0
2	9	0.05	-7.031934005702045	0
3	0	0.05	1.208772055196991	4
3	1	0.05	0.4277502932279124	4
3	2	0.05	-0.3556317477548137	4
3	3	0.05	3.9277822590000424	4
3	5	0.05	0.9487874676124142	4
3	6	0.05	4.704699570007845	4
3	7	0.05	5.027655632749004	4
3	8	0.05	1.7483336095888697	4
3	9	0.05	6.706192203073449	4
4	0	0.05	7.97025904650146	8
4	1	0.05	7.852635557609819	8
4	2	0.05	7.70291913235315	8
4	3	0.05	7.834438021016406	8
4	4	0.05	6.667865842671086	8
4	5	0.05	8.07811732444241	8
4	6	0.05	7.904901926740865	8
4	7	0.05	7.814688563532408	8
4	9	0.05	7.782580084725607	8
5	0	0.05	7.602701962398761	7
5	1	0.05	6.757438707274735	7
5	2	0.05	7.5620466611733175	7
5	3	0.05	7.644917573972097	7
5	4	0.05	7.17918204924296	7
5	5	0.05	7.6143922683643535	7
5	6	0.05	7.269208295697321	7
5	8	0.05	6.75268081075696	7
5	9	0.05	7.590056122363075	7
6	0	0.05	6.323682024781281	6
6	1	0.05	6.084934401778225	6
6	2	0.05	6.154204545572629	6
6	3	0.05	5.5632312915991236	6
6	4	0.05	7.158646811336575	6
6	5	0.05	7.620104845857074	6
6	7	0.05	6.343837283158617	6
6	8	0.05	6.563915329147108	6
6	9	0.05	7.557658845548521	6
7	1	0.05	-6.198086889159752	0
7	2	0.05	-6.0391131809886565	0
7	3	0.05	-6.219187568600511	0
7	4	0.05	-5.704284450317573	0
7	5	0.05	-0.6195502471732462	0
7	6	0.05	-3.465180253861994	0
7	7	0.05	-2.840338202650311	0
7	8	0.05	-4.512676130962499	0
7	9	0.05	-3.681751293578972	0
8	0	0.05	7.532148521807856	6
8	1	0.05	5.503395405818169	6
8	2	0.05	6.800196525559072	6
8	3	0.05	6.784493417487396	6
8	4	0.05	6.503440870803997	6
8	5	0.05	7.590236446987853	6
8	7	0.05	4.575701362307173	6
8	8	0.05	7.442767147140761	6
8	9	0.05	6.688157558624952	6
9	0	0.05	5.9472200587085435	3
9	1	0.05	6.709391623685144	3
9	2	0.05	7.571461953400999	3
9	4	0.05	4.762230645748881	3
9	5	0.05	7.815294215858945	3
9	6	0.05	6.586664648179551	3
9	7	0.05	6.1713022653836935	3
9	8	0.05	7.466557609880738	3
9	9	0.05	6.657775973954852	3
10	0	0.05	7.128756616681666	1
10	2	0.05	7.615380435825905	1
10	3	0.05	7.5254030954792	1
10	4	0.05	5.773366023144416	1
10	5	0.05	7.723270267604285	1
10	6	0.05	7.589578246387144	1
10	7	0.05	6.921553670488246	1
10	8	0.05	7.462583328435684	1
10	9	0.05	7.419573131910793	1
11	0	0.05	7.970472982171205	8
11	1	0.05	7.714240459076873	8
11	2	0.05	7.885441736137833	8
11	3	0.05	7.829822573366138	8
11	4	0.05	7.66211744281656	8
11	5	0.05	8.078329532778149	8
11	6	0.05	7.906604961796765	8
11	7	0.05	7.811151165896043	8
11	9	0.05	7.787852630405091	8
12	1	0.05	-7.0241054029502195	0
12	2	0.05	-3.3564686763917244	0
12	3	0.05	-3.3971703017236665	0
12	4	0.05	-6.805135634570519	0
12	5	0.05	-6.465314632908318	0
12	6	0.05	-1.9400239939484776	0
12	7	0.05	-6.563727707551216	0
12	8	0.05	-3.9014855521089578	0
12	9	0.05	-3.856940511159754	0
13	0	0.05	7.60794811965148	7
13	1	0.05	6.72014641859143	7
13	2	0.05	7.564333196126264	7
13	3	0.05	7.646376331781431	7
13	4	0.05	6.73701459996838	7
13	5	0.05	7.680624687184304	7
13	6	0.05	7.358558639936756	7
13	8	0.05	7.41252891663201	7
13	9	0.05	7.589152480995331	7
14	0	0.05	3.2801545393529445	9
14	1	0.05	-0.815779915471878	9
14	2	0.05	-0.43038109957366155	9
14	3	0.05	4.369314591552252	9
14	4	0.05	3.372635496928458	9
14	5	0.05	0.612580721618911	9
14	6	0.05	-0.7914614130479453	9
14	7	0.05	6.449530567121162	9
14	8	0.05	5.495156507620635	9
15	0	0.05	4.683663486136368	8
15	1	0.05	0.06867304894931031	8
15	2	0.05	5.679545475748126	8
15	3	0.05	5.101288400369428	8
15	4	0.05	2.3622741681868904	8
15	5	0.05	6.103096967336795	8
15	6	0.05	4.9795883550767615	8
15	7	0.05	4.4052919968583275	8
15	9	0.05	6.186854774624446	8
16	0	0.05	-2.1128397116199373	4
16	1	0.05	-6.826701570133052	4
16	2	0.05	-4.868096720442731	4
16	3	0.05	-6.842361344435004	4
16	5	0.05	-6.5066243697074295	4
16	6	0.05	-3.36880306774724	4
16	7	0.05	-3.0383740315403633	4
16	8	0.05	-0.7814918687632105	4
16	9	0.05	-3.4821572135365084	4
17	0	0.05	7.035659849193028	5
17	1	0.05	5.52127377571413	5
17	2	0.05	5.324831066927608	5
17	3	0.05	5.457643680791267	5
17	4	0.05	5.646740779054896	5
17	6	0.05	7.2579778482538	5
17	7	0.05	6.31109546929691	5
17	8	0.05	6.521540873881148	5
17	9	0.05	5.7318537579654905	5
18	0	0.05	7.703372983440656	3
18	1	0.05	7.66046246899449	3
18	2	0.05	7.527512241972204	3
18	4	0.05	7.496062702518472	3
18	5	0.05	7.820890764874432	3
18	6	0.05	7.636142069063849	3
18	7	0.05	7.700917014199751	3
18	8	0.05	7.628947223735295	3
18	9	0.05	7.692086416441063	3
19	0	0.05	4.993906909808822	4
19	1	0.05	6.407047688863633	4
19	2	0.05	5.671802351270137	4
19	3	0.05	7.325247054898266	4
19	5	0.05	6.615456534095963	4
19	6	0.05	5.297824452363054	4
19	7	0.05	6.8961003784723225	4
19	8	0.05	6.942459845856237	4
19	9	0.05	7.425071995669296	4
20	1	0.05	5.742013895594197	0
20	2	0.05	7.610826969713104	0
20	3	0.05	7.490037393269877	0
20	4	0.05	6.744251200928005	0
20	5	0.05	7.751302234059562	0
20	6	0.05	7.457279674885921	0
20	7	0.05	7.636208425356498	0
20	8	0.05	7.664722000983104	0
20	9	0.05	7.632538880262122	0
21	0	0.05	5.377931154834496	6
21	1	0.05	5.189420711995135	6
21	2	0.05	6.21527942092195	6
21	3	0.05	4.966394746150403	6
21	4	0.05	7.282141999965099	6
21	5	0.05	7.205466269418936	6
21	7	0.05	6.813292093386118	6
21	8	0.05	6.31126909349457	6
21	9	0.05	7.585341233483514	6
22	0	0.05	7.079368662776444	6
22	1	0.05	7.493074015496594	6
22	2	0.05	7.595476733698056	6
22	3	0.05	7.61535524862057	6
22	4	0.05	7.407665573636697	6
22	5	0.05	7.7155713856650605	6
22	7	0.05	7.619598197585453	6
22	8	0.05	7.741477308790231	6
22	9	0.05	7.605570843819757	6
23	0	0.05	7.529770088019583	3
23	1	0.05	7.645141622954705	3
23	2	0.05	7.607446377851602	3
23	4	0.05	6.78506768726844	3
23	5	0.05	7.820048079311607	3
23	6	0.05	7.3180266392251685	3
23	7	0.05	7.596326237112386	3
23	8	0.05	7.151991490902557	3
23	9	0.05	7.68217006735216	3
24	1	0.05	-3.8090675916552383	0
24	2	0.05	1.2020594758499878	0
24	3	0.05	-4.775968264600659	0
24	4	0.05	-3.0502693752943446	0
24	5	0.05	0.8763808305242626	0
24	6	0.05	0.3404489824647822	0
24	7	0.05	-3.805175326668074	0
24	8	0.05	-2.103333889118775	0
24	9	0.05	-3.0458328200122455	0
25	0	0.05	2.729374096666708	2
25	1	0.05	3.5652515860188196	2
25	3	0.05	4.477832351471754	2
25	4	0.05	-1.8949812595783462	2
25	5	0.05	-0.14760741266062993	2
25	6	0.05	1.4385279387931222	2
25	7	0.05	-1.9876182710303245	2
25	8	0.05	2.4745264168676866	2
25	9	0.05	1.3606764321954938	2
26	0	0.05	-2.297396479969568	3
26	1	0.05	-1.4925959290031785	3
26	2	0.05	-0.637624320702752	3
26	4	0.05	-3.4796344494374867	3
26	5	0.05	1.1982239782276107	3
26	6	0.05	-4.032359748204892	3
26	7	0.05	-2.7125729369541824	3
26	8	0.05	0.14112269698375743	3
26	9	0.05	1.5852181941556192	3
27	0	0.05	7.404278769274956	6
27	1	0.05	7.599786361706234	6
27	2	0.05	7.599179293773797	6
27	3	0.05	7.61457725720706	6
27	4	0.05	7.385895355051238	6
27	5	0.05	7.714839891626184	6
27	7	0.05	7.074845262232822	6
27	8	0.05	7.635705980037385	6
27	9	0.05	7.557308864328343	6
28	0	0.05	4.0877686332883805	6
28	1	0.05	4.966709456439044	6
28	2	0.05	6.088068357987734	6
28	3	0.05	5.152773987050667	6
28	4	0.05	4.406392189775203	6
28	5	0.05	5.195210589997223	6
28	7	0.05	1.9142639719753378	6
28	8	0.05	5.075980500688189	6
28	9	0.05	4.56678699167298	6
29	0	0.05	7.593515499381919	7
29	1	0.05	7.079831265002141	7
29	2	0.05	7.565560308793853	7
29	3	0.05	7.63197228704624	7
29	4	0.05	7.1727461975624225	7
29	5	0.05	7.06269046011074	7
29	6	0.05	7.511184967104876	7
29	8	0.05	7.51468760859938	7
29	9	0.05	7.594187747234751	7
30	0	0.05	5.833006533257485	4
30	1	0.05	3.569607339627564	4
30	2	0.05	5.3003173391749945	4
30	3	0.05	5.206636924657887	4
30	5	0.05	6.789395922675906	4
30	6	0.05	5.829089668991643	4
30	7	0.05	6.9107284834284926	4
30	8	0.05	5.338059777982036	4
30	9	0.05	7.092913376365397	4
32	0	0.05	-7.52599166792551	3
32	1	0.05	-7.3838245703439895	3
32	2	0.05	-7.328075565090654	3
32	4	0.05	-7.353982535957543	3
32	5	0.05	-6.5653432683173465	3
32	6	0.05	-7.5095064484278655	3
32	7	0.05	-6.546414152981856	3
32	8	0.05	-7.630369223743659	3
32	9	0.05	-4.961973861286168	3
33	0	0.05	5.120543861518796	8
33	1	0.05	0.29413888838606633	8
33	2	0.05	7.215516719436689	8
33	3	0.05	4.19154469328926	8
33	4	0.05	1.4582066980169015	8
33	5	0.05	4.935613237611193	8
33	6	0.05	5.397006828051539	8
33	7	0.05	0.9538048409134293	8
33	9	0.05	5.147390327007887	8
35	0	0.05	-7.682173836720929	5
35	1	0.05	-7.69015916670772	5
35	2	0.05	-7.552421702962701	5
35	3	0.05	-6.588985385923236	5
35	4	0.05	-7.3513728440954225	5
35	6	0.05	-3.486656951451412	5
35	7	0.05	-7.588546791934597	5
35	8	0.05	-6.571019601216425	5
35	9	0.05	-5.604226072084573	5
36	0	0.05	3.9577513903843964	4
36	1	0.05	0.8143884080455509	4
36	2	0.05	5.0277271476746765	4
36	3	0.05	2.8181689346900405	4
36	5	0.05	5.869583272336071	4
36	6	0.05	5.234256008866043	4
36	7	0.05	5.082652658392092	4
36	8	0.05	6.43342458421849	4
36	9	0.05	5.536956590993341	4
37	0	0.05	6.692450656452571	2
37	1	0.05	5.972867399144804	2
37	3	0.05	7.52918769381153	2
37	4	0.05	5.566114416080893	2
37	5	0.05	6.193564082582108	2
37	6	0.05	6.3923146653670555	2
37	7	0.05	6.877966366789329	2
37	8	0.05	6.995875384701131	2
37	9	0.05	6.47225935541677	2
38	0	0.05	5.096007739184055	5
38	1	0.05	1.789248292615071	5
38	2	0.05	5.125883292413779	5
38	3	0.05	3.912337597483309	5
38	4	0.05	1.8662276853241073	5
38	6	0.05	5.19436956312706	5
38	7	0.05	4.863158778583648	5
38	8	0.05	6.177918267505744	5
38	9	0.05	2.6661925269159252	5
39	0	0.05	7.758507495298891	5
39	1	0.05	7.748597155939887	5
39	2	0.05	7.675680460221514	5
39	3	0.05	7.812723087828603	5
39	4	0.05	7.5785433487532625	5
39	6	0.05	7.7166200153067	5
39	7	0.05	7.720289009264136	5
39	8	0.05	8.032036618045751	5
39	9	0.05	7.761028740147002	5
40	0	0.05	7.937967103893826	8
40	1	0.05	7.307003593249828	8
40	2	0.05	7.748745656224954	8
40	3	0.05	7.834987538672208	8
40	4	0.05	6.788139022891372	8
40	5	0.05	8.07096747480072	8
40	6	0.05	7.693140595739262	8
40	7	0.05	6.660201076677369	8
40	9	0.05	7.772970413788071	8
41	0	0.05	-7.7057446085673345	5
41	1	0.05	-7.709741921631365	5
41	2	0.05	-7.577174373720699	5
41	3	0.05	-6.606144270626204	5
41	4	0.05	-7.521260706749673	5
41	6	0.05	-6.980100277164412	5
41	7	0.05	-7.601479903680774	5
41	8	0.05	-7.683878604772569	5
41	9	0.05	-6.0839501669501095	5
42	0	0.05	5.692188345147993	2
42	1	0.05	5.595369307378572	2
42	3	0.05	7.501975133238676	2
42	4	0.05	4.243689712583311	2
42	5	0.05	6.828042474068459	2
42	6	0.05	6.440899887474827	2
42	7	0.05	7.404988503624769	2
42	8	0.05	6.744026113525396	2
42	9	0.05	6.71032571354895	2
43	0	0.05	7.641753970947441	9
43	1	0.05	7.630868186553637	9
43	2	0.05	7.6402026609263896	9
43	3	0.05	7.6652531767638585	9
43	4	0.05	7.435910357409391	9
43	5	0.05	7.758551892055397	9
43	6	0.05	7.604910695518269	9
43	7	0.05	7.6273713459852726	9
43	8	0.05	7.660524619025079	9
44	0	0.05	7.597993748653141	2
44	1	0.05	7.320388451247047	2
44	3	0.05	7.560069711836683	2
44	4	0.05	7.411335022970283	2
44	5	0.05	6.78650262186902	2
44	6	0.05	7.557849306965274	2
44	7	0.05	7.558077977002213	2
44	8	0.05	7.053619219555421	2
44	9	0.05	7.566567253919958	2
45	0	0.05	6.8441467932048425	4
45	1	0.05	6.00761314539939	4
45	2	0.05	7.370210748030361	4
45	3	0.05	6.605442503864608	4
45	5	0.05	7.553113379542338	4
45	6	0.05	7.333105245323478	4
45	7	0.05	7.453969769836398	4
45	8	0.05	7.450265054786381	4
45	9	0.05	7.430966894184283	4
46	0	0.05	-7.518093886720363	2
46	1	0.05	-7.434790304700848	2
46	3	0.05	-7.107251143573871	2
46	4	0.05	-7.341047036227992	2
46	5	0.05	-7.399824813529579	2
46	6	0.05	-6.414290081102248	2
46	7	0.05	-7.42640321866597	2
46	8	0.05	-6.972157000495586	2
46	9	0.05	-7.492813956421813	2
47	0	0.05	5.567593732274804	7
47	1	0.05	7.330680898588467	7
47	2	0.05	7.570435001417188	7
47	3	0.05	7.644770906522449	7
47	4	0.05	5.713747658419741	7
47	5	0.05	7.18341008200827	7
47	6	0.05	7.324112818817295	7
47	8	0.05	7.469101911343474	7
47	9	0.05	7.583377767273884	7
48	1	0.05	-3.4590989564088215	0
48	2	0.05	1.416359410477897	0
48	3	0.05	-1.179149283439011	0
48	4	0.05	-0.3758728137449208	0
48	5	0.05	2.434251694634454	0
48	6	0.05	2.389085922492997	0
48	7	0.05	0.9931958641789426	0
48	8	0.05	-0.14754207113042236	0
48	9	0.05	2.8589943880467166	0
49	0	0.05	5.871021475482421	5
49	1	0.05	3.6697469626907187	5
49	2	0.05	4.968745067681225	5
49	3	0.05	6.345857141121673	5
49	4	0.05	4.880385143564508	5
49	6	0.05	4.861092611659785	5
49	7	0.05	5.840363782203913	5
49	8	0.05	5.611902851898565	5
49	9	0.05	5.813611216430636	5
50	0	0.05	7.574105890004703	1
50	2	0.05	7.614543968423635	1
50	3	0.05	7.624312099792027	1
50	4	0.05	7.297614903776264	1
50	5	0.05	7.731787921083413	1
50	6	0.05	7.593910208759148	1
50	7	0.05	7.621732885682101	1
50	8	0.05	7.380547952654271	1
50	9	0.05	7.623270578429797	1
51	1	0.05	-5.952319645476436	0
51	2	0.05	-1.8158140220801537	0
51	3	0.05	-6.3702393106079045	0
51	4	0.05	-3.8515752379820336	0
51	5	0.05	-1.09295169949725	0
51	6	0.05	-2.9101910486369498	0
51	7	0.05	-4.705953008862398	0
51	8	0.05	-2.8726527396493995	0
51	9	0.05	-4.6307002202901035	0
52	0	0.05	7.585049527755713	7
52	1	0.05	6.238110206089282	7
52	2	0.05	7.553702861851001	7
52	3	0.05	7.644802459002062	7
52	4	0.05	6.88059615115748	7
52	5	0.05	7.6098975417541155	7
52	6	0.05	6.996330923328945	7
52	8	0.05	7.46059358425928	7
52	9	0.05	7.584991790251854	7
53	0	0.05	7.084239705166435	9
53	1	0.05	6.613289536363353	9
53	2	0.05	7.310074639141694	9
53	3	0.05	7.427360646712547	9
53	4	0.05	7.41333951008305	9
53	5	0.05	7.744144779912125	9
53	6	0.05	7.570164189450314	9
53	7	0.05	7.618706141580671	9
53	8	0.05	7.578382655770224	9
54	0	0.05	7.6278053912497805	9
54	1	0.05	6.584569866683143	9
54	2	0.05	7.6216137011255345	9
54	3	0.05	7.254819826358822	9
54	4	0.05	7.425273663463111	9
54	5	0.05	7.745944757563023	9
54	6	0.05	7.586805218107221	9
54	7	0.05	7.623289793606315	9
54	8	0.05	7.608255744199424	9
55	0	0.05	6.923490811941643	9
55	1	0.05	4.700458143471698	9
55	2	0.05	6.771521398826586	9
55	3	0.05	6.2612453033027915	9
55	4	0.05	7.3183445668360925	9
55	5	0.05	7.596060923623008	9
55	6	0.05	6.698095672105742	9
55	7	0.05	7.559414996546064	9
55	8	0.05	7.462374707268198	9
56	0	0.05	-5.4517159987174	6
56	1	0.05	-5.873220124495178	6
56	2	0.05	-5.115875888376954	6
56	3	0.05	-4.38080448977675	6
56	4	0.05	-4.823219928504393	6
56	5	0.05	-4.944848587612833	6
56	7	0.05	-7.455850453306199	6
56	8	0.05	-2.5162024723170826	6
56	9	0.05	-0.7965930908110268	6
57	0	0.05	6.047605118351495	5
57	1	0.05	4.725020405034872	5
57	2	0.05	5.860946683307439	5
57	3	0.05	7.349233179750158	5
57	4	0.05	6.259382428466054	5
57	6	0.05	6.277348808501164	5
57	7	0.05	6.623453920763647	5
57	8	0.05	7.163416019294605	5
57	9	0.05	7.62162353732599	5
58	0	0.05	7.897347391302821	8
58	1	0.05	3.889314019108189	8
58	2	0.05	7.593983648536424	8
58	3	0.05	7.455675411748351	8
58	4	0.05	5.911224176816138	8
58	5	0.05	6.9015090058134385	8
58	6	0.05	6.728137053023896	8
58	7	0.05	4.8028174433448	8
58	9	0.05	7.737901112755577	8
59	0	0.05	3.908022267060867	8
59	1	0.05	-1.5343666606144741	8
59	2	0.05	4.037128799545013	8
59	3	0.05	0.7325688397142557	8
59	4	0.05	1.220268027370019	8
59	5	0.05	-0.9603531005793383	8
59	6	0.05	2.4757457597071473	8
59	7	0.05	-1.411639339671568	8
59	9	0.05	4.777035021025058	8
60	0	0.05	3.6134823745051707	6
60	1	0.05	3.635051292025219	6
60	2	0.05	5.073682038273764	6
60	3	0.05	4.1252763334977365	6
60	4	0.05	3.748527469992631	6
60	5	0.05	3.7713730114397706	6
60	7	0.05	1.2170493002194596	6
60	8	0.05	4.363770686224899	6
60	9	0.05	4.698557516434428	6
61	0	0.05	7.6303990523660925	9
61	1	0.05	7.376354918685437	9
61	2	0.05	7.638921021200588	9
61	3	0.05	7.660035392577345	9
61	4	0.05	7.415942268006507	9
61	5	0.05	7.761590514099736	9
61	6	0.05	7.602472666961948	9
61	7	0.05	7.639031313938294	9
61	8	0.05	7.629737197197011	9
62	0	0.05	7.643243753492674	9
62	1	0.05	6.360517135915618	9
62	2	0.05	7.576860190214136	9
62	3	0.05	6.691650971155742	9
62	4	0.05	7.424873671905374	9
62	5	0.05	7.748781881438247	9
62	6	0.05	7.568902521379062	9
62	7	0.05	7.619953805879185	9
62	8	0.05	7.555113127049364	9
63	0	0.05	7.0836408024396444	5
63	1	0.05	6.8254856358881195	5
63	2	0.05	6.231255834585681	5
63	3	0.05	7.2467548635781895	5
63	4	0.05	6.080103347142687	5
63	6	0.05	6.773892714192332	5
63	7	0.05	7.602566074476458	5
63	8	0.05	7.5780236604396425	5
63	9	0.05	7.28596597803722	5
64	0	0.05	5.346339087916795	4
64	1	0.05	7.418815624770589	4
64	2	0.05	7.168321563564543	4
64	3	0.05	6.925323104253938	4
64	5	0.05	6.343067852664502	4
64	6	0.05	7.354886049373504	4
64	7	0.05	7.450886615146711	4
64	8	0.05	7.097604518741306	4
64	9	0.05	7.427152431164752	4
65	0	0.05	5.936549245994129	2
65	1	0.05	6.319084526139058	2
65	3	0.05	7.522471089816123	2
65	4	0.05	5.856844311134926	2
65	5	0.05	6.9242227846512225	2
65	6	0.05	6.725706503693635	2
65	7	0.05	7.540623296247295	2
65	8	0.05	5.80360689644977	2
65	9	0.05	7.293974454457661	2
66	0	0.05	-3.815771815264113	6
66	1	0.05	-2.909406852064282	6
66	2	0.05	-1.6086103454110015	6
66	3	0.05	-4.25281382773424	6
66	4	0.05	-0.5226587529330888	6
66	5	0.05	0.14568257810599297	6
66	7	0.05	-4.739581483993724	6
66	8	0.05	-2.262332090165644	6
66	9	0.05	0.7977745379625408	6
67	0	0.05	7.967396030783316	8
67	1	0.05	5.3851423385042985	8
67	2	0.05	7.86481388624652	8
67	3	0.05	7.82827969800272	8
67	4	0.05	6.134635576166362	8
67	5	0.05	7.424746232996591	8
67	6	0.05	7.755018984929155	8
67	7	0.05	6.539851264856924	8
67	9	0.05	7.7735434491056425	8
68	0	0.05	6.122065516923535	1
68	2	0.05	7.186342080264042	1
68	3	0.05	7.619851311691093	1
68	4	0.05	5.572413713303867	1
68	5	0.05	7.244839589707097	1
68	6	0.05	7.489029731795793	1
68	7	0.05	7.589065131544677	1
68	8	0.05	7.548150614873717	1
68	9	0.05	7.527272747911724	1
69	1	0.05	5.7256769578707525	0
69	2	0.05	6.352387393471834	0
69	3	0.05	5.400302553243108	0
69	4	0.05	6.401441986197681	0
69	5	0.05	6.386638108589016	0
69	6	0.05	7.242456650844664	0
69	7	0.05	7.520488890359469	0
69	8	0.05	6.165863028956274	0
69	9	0.05	7.502793409778634	0
70	0	0.05	6.296161291717581	6
70	1	0.05	5.431119172934274	6
70	2	0.05	7.566805694427675	6
70	3	0.05	6.7581878944559675	6
70	4	0.05	7.2291189575090256	6
70	5	0.05	7.587761864939925	6
70	7	0.05	5.440185009007587	6
70	8	0.05	5.943329271683196	6
70	9	0.05	6.540270156738954	6
71	0	0.05	7.530607439516024	9
71	1	0.05	6.368758532351829	9
71	2	0.05	7.598548149985404	9
71	3	0.05	7.649003408688586	9
71	4	0.05	7.403846129452143	9
71	5	0.05	7.75765760415259	9
71	6	0.05	6.9492273018829245	9
71	7	0.05	7.6264587341396	9
71	8	0.05	7.456005184646477	9
72	0	0.05	7.175936004617249	5
72	1	0.05	7.354364944734821	5
72	2	0.05	5.942812194944084	5
72	3	0.05	7.597469008602711	5
72	4	0.05	5.287991962493363	5
72	6	0.05	6.966031471725864	5
72	7	0.05	7.567567921747616	5
72	8	0.05	6.981649864092153	5
72	9	0.05	7.543591295373113	5
73	0	0.05	-2.1690088145846373	5
73	1	0.05	-2.7424673122102337	5
73	2	0.05	-2.4317225570511627	5
73	3	0.05	-1.12876765423412	5
73	4	0.05	-2.258654460215671	5
73	6	0.05	3.8189791948890752	5
73	7	0.05	-2.6412568519619004	5
73	8	0.05	-0.37974326583133605	5
73	9	0.05	-0.565606435476626	5
74	0	0.05	-2.598668876579165	4
74	1	0.05	-5.9907245907647235	4
74	2	0.05	-5.875123823845964	4
74	3	0.05	-2.5584799001842873	4
74	5	0.05	0.01117124391359698	4
74	6	0.05	-0.9010518031212912	4
74	7	0.05	0.013555987810717098	4
74	8	0.05	-5.866017189935305	4
74	9	0.05	0.40412509076686065	4
75	0	0.05	6.939243807077243	1
75	2	0.05	7.170851429724825	1
75	3	0.05	7.625291710225737	1
75	4	0.05	6.546831122598397	1
75	5	0.05	7.742068465187549	1
75	6	0.05	7.587899499334929	1
75	7	0.05	7.608575614759724	1
75	8	0.05	7.5910971850554985	1
75	9	0.05	7.629499313549211	1
76	0	0.05	4.422867685235024	6
76	1	0.05	5.091148028784083	6
76	2	0.05	7.3445016831875956	6
76	3	0.05	6.2998673191147265	6
76	4	0.05	4.401579859727544	6
76	5	0.05	6.0619770944230265	6
76	7	0.05	1.055389737067491	6
76	8	0.05	6.157583914433526	6
76	9	0.05	4.524076412282454	6
77	0	0.05	7.376225823842072	7
77	1	0.05	6.454017142217291	7
77	2	0.05	7.5592095745139	7
77	3	0.05	7.651012426518503	7
77	4	0.05	6.542704178457704	7
77	5	0.05	7.674756897101833	7
77	6	0.05	7.152716410631123	7
77	8	0.05	7.418321503006403	7
77	9	0.05	7.582933322367118	7
78	0	0.05	7.63182913148643	5
78	1	0.05	3.455451308535505	5
78	2	0.05	6.921541231537389	5
78	3	0.05	6.501292063371741	5
78	4	0.05	5.901090848763184	5
78	6	0.05	7.374807290014346	5
78	7	0.05	6.079336457237271	5
78	8	0.05	7.117898203162463	5
78	9	0.05	6.613504574009655	5
79	0	0.05	7.459918195774838	2
79	1	0.05	7.594975404411254	2
79	3	0.05	7.589086488359408	2
79	4	0.05	7.440660326472645	2
79	5	0.05	7.662131843980737	2
79	6	0.05	7.572735477566335	2
79	7	0.05	7.582857658477795	2
79	8	0.05	7.7097301778879785	2
79	9	0.05	7.621073586755991	2
80	0	0.05	7.585194144737482	9
80	1	0.05	7.627718699971708	9
80	2	0.05	7.631473445784912	9
80	3	0.05	7.651527415194062	9
80	4	0.05	7.427987064273844	9
80	5	0.05	7.753561843419762	9
80	6	0.05	7.583807628140508	9
80	7	0.05	7.631576541990482	9
80	8	0.05	7.65630820786824	9
81	1	0.05	4.0105587078376335	0
81	2	0.05	6.529850773963955	0
81	3	0.05	2.129360253426876	0
81	4	0.05	5.534267726233424	0
81	5	0.05	5.417749277119614	0
81	6	0.05	7.42201474140712	0
81	7	0.05	4.356642781706456	0
81	8	0.05	3.6657343218933067	0
81	9	0.05	5.326768472349157	0
82	0	0.05	7.4719280692924555	6
82	1	0.05	6.471172301661411	6
82	2	0.05	7.576599191023357	6
82	3	0.05	6.546320240739334	6
82	4	0.05	7.381676731688006	6
82	5	0.05	6.555139440306171	6
82	7	0.05	5.991331906178	6
82	8	0.05	7.076767536618738	6
82	9	0.05	7.5596237153935	6
83	0	0.05	4.934027577658671	4
83	1	0.05	1.5909749110172458	4
83	2	0.05	5.642618184517951	4
83	3	0.05	5.5018441345414155	4
83	5	0.05	5.4290450719507355	4
83	6	0.05	5.913444030277694	4
83	7	0.05	5.453417107425536	4
83	8	0.05	4.220284586613124	4
83	9	0.05	6.361711087422227	4
84	0	0.05	-2.8473351710366637	4
84	1	0.05	-1.9385415265185872	4
84	2	0.05	-2.396531408644074	4
84	3	0.05	-2.161667057479648	4
84	5	0.05	-0.21147168189367987	4
84	6	0.05	1.6971888854153805	4
84	7	0.05	1.8873604709211333	4
84	8	0.05	1.1137304188316608	4
84	9	0.05	4.321157126378823	4
85	0	0.05	7.585111661165742	2
85	1	0.05	6.342537831331099	2
85	3	0.05	7.529047185563704	2
85	4	0.05	6.355178998452946	2
85	5	0.05	6.685530722716391	2
85	6	0.05	6.298642542342221	2
85	7	0.05	7.55925273172697	2
85	8	0.05	7.551801986022689	2
85	9	0.05	7.572573825574558	2
86	0	0.05	7.967958914202248	8
86	1	0.05	7.856440656618753	8
86	2	0.05	7.886031461633914	8
86	3	0.05	7.8385312822936015	8
86	4	0.05	7.662373944611287	8
86	5	0.05	8.078461034562308	8
86	6	0.05	7.906323722980079	8
86	7	0.05	7.838452536489232	8
86	9	0.05	7.789142506310756	8
87	0	0.05	7.5122404819002995	7
87	1	0.05	6.583426464577125	7
87	2	0.05	7.562870211911803	7
87	3	0.05	7.642218377331833	7
87	4	0.05	7.402270571132423	7
87	5	0.05	7.638158272630458	7
87	6	0.05	7.303073277814721	7
87	8	0.05	7.424362023827091	7
87	9	0.05	7.589340667691829	7
88	0	0.05	4.534536491738935	8
88	1	0.05	1.1916563228739476	8
88	2	0.05	6.6582658487557485	8
88	3	0.05	4.742107172990561	8
88	4	0.05	0.11544762554396645	8
88	5	0.05	2.2964161318045164	8
88	6	0.05	3.6489162129889987	8
88	7	0.05	1.486551804009711	8
88	9	0.05	4.7350072513925	8
89	0	0.05	7.609862484382389	3
89	1	0.05	7.654721832920512	3
89	2	0.05	7.525106228240253	3
89	4	0.05	7.4683167921322875	3
89	5	0.05	7.820345229021168	3
89	6	0.05	7.617873358535753	3
89	7	0.05	6.678028868151511	3
89	8	0.05	7.632110006685542	3
89	9	0.05	7.684027808900585	3
90	1	0.05	3.495032688662333	0
90	2	0.05	4.4996849721703445	0
90	3	0.05	3.0744575541113126	0
90	4	0.05	4.361438759089066	0
90	5	0.05	4.935106201973375	0
90	6	0.05	4.808312581934527	0
90	7	0.05	5.056765800057361	0
90	8	0.05	4.2507993470138095	0
90	9	0.05	5.7030821982180555	0
91	0	0.05	5.272394184288979	9
91	1	0.05	1.2972933904949797	9
91	2	0.05	4.806471562408764	9
91	3	0.05	5.348241948267064	9
91	4	0.05	6.881693965298599	9
91	5	0.05	6.7293841371518806	9
91	6	0.05	5.733479295610678	9
91	7	0.05	7.052241470918209	9
91	8	0.05	5.957707955080022	9
92	1	0.05	7.547278569368784	0
92	2	0.05	7.628888960338343	0
92	3	0.05	7.379171400381864	0
92	4	0.05	6.625240743145058	0
92	5	0.05	7.747296134178002	0
92	6	0.05	7.560713366391699	0
92	7	0.05	7.628718913099091	0
92	8	0.05	7.564261505510279	0
92	9	0.05	6.826847894718403	0
93	0	0.05	5.815520048677429	1
93	2	0.05	7.404803139597459	1
93	3	0.05	7.624960999947303	1
93	4	0.05	7.1645372377655665	1
93	5	0.05	7.698461004041498	1
93	6	0.05	7.5759788384865	1
93	7	0.05	7.465806031225313	1
93	8	0.05	7.5952155725219805	1
93	9	0.05	7.625182243452472	1
94	0	0.05	7.446802943326905	1
94	2	0.05	7.608646420585024	1
94	3	0.05	7.638844232978155	1
94	4	0.05	7.414686348640312	1
94	5	0.05	7.746848363146423	1
94	6	0.05	7.59355394957921	1
94	7	0.05	7.644900104178258	1
94	8	0.05	7.684744150002038	1
94	9	0.05	7.6425754772349475	1
95	0	0.05	7.070732933575628	9
95	1	0.05	4.724394284717997	9
95	2	0.05	5.957040507541474	9
95	3	0.05	7.293348002620632	9
95	4	0.05	6.941557495994197	9
95	5	0.05	7.743416682405072	9
95	6	0.05	5.974877911195445	9
95	7	0.05	7.600866850264071	9
95	8	0.05	6.771245886186017	9
96	0	0.05	-0.19421510885260787	4
96	1	0.05	0.2384106365377865	4
96	2	0.05	-0.8578354618200544	4
96	3	0.05	-0.6047633237151785	4
96	5	0.05	1.309905896804058	4
96	6	0.05	3.419619736285205	4
96	7	0.05	3.2804597525923334	4
96	8	0.05	2.579230757829265	4
96	9	0.05	5.1967278561720525	4
97	0	0.05	7.725253990768891	5
97	1	0.05	7.720238696113899	5
97	2	0.05	7.6538508344106235	5
97	3	0.05	7.762829940476052	5
97	4	0.05	7.54421313945298	5
97	6	0.05	7.686410060852535	5
97	7	0.05	7.692426909938916	5
97	8	0.05	7.874295492652021	5
97	9	0.05	7.688432136260599	5
98	0	0.05	7.644288379044537	9
98	1	0.05	7.619945611094294	9
98	2	0.05	7.6362103279849665	9
98	3	0.05	7.652170194351806	9
98	4	0.05	7.43286686403961	9
98	5	0.05	7.759587877398258	9
98	6	0.05	7.605197286960314	9
98	7	0.05	7.637192367141551	9
98	8	0.05	7.647985751652713	9
100	0	0.05	7.023102955731813	6
100	1	0.05	7.17724756539344	6
100	2	0.05	7.502641939869119	6
100	3	0.05	6.4444660507251665	6
100	4	0.05	7.309661570151201	6
100	5	0.05	7.440945631670273	6
100	7	0.05	6.252908919283442	6
100	8	0.05	7.187789838455827	6
100	9	0.05	7.583256584799721	6
101	0	0.05	7.57906862034435	6
101	1	0.05	6.794902908325993	6
101	2	0.05	7.588923851586503	6
101	3	0.05	7.59272719527049	6
101	4	0.05	7.178020965905448	6
101	5	0.05	7.715803277442607	6
101	7	0.05	6.54389631518383	6
101	8	0.05	7.602449801342306	6
101	9	0.05	7.570510863521046	6
102	1	0.05	-7.611502889113386	0
102	2	0.05	-7.369062918323636	0
102	3	0.05	-7.6308837617649905	0
102	4	0.05	-7.156521525221002	0
102	5	0.05	-7.119304583593379	0
102	6	0.05	-5.735281145362239	0
102	7	0.05	-7.501378547938751	0
102	8	0.05	-7.446033205329019	0
102	9	0.05	-7.094519331824694	0
103	0	0.05	6.1917014724374155	7
103	1	0.05	5.310395201407961	7
103	2	0.05	7.183235030431642	7
103	3	0.05	7.323382729838517	7
103	4	0.05	5.677644925087559	7
103	5	0.05	7.346606676288667	7
103	6	0.05	6.47221604239098	7
103	8	0.05	6.489821212275499	7
103	9	0.05	7.544813590017249	7
104	0	0.05	7.580932163467548	7
104	1	0.05	6.308582263759524	7
104	2	0.05	7.311945164840329	7
104	3	0.05	7.59714809355	7
104	4	0.05	7.346593749795049	7
104	5	0.05	7.666225831511182	7
104	6	0.05	6.519767370584467	7
104	8	0.05	7.571731204605529	7
104	9	0.05	7.588271171617437	7
105	0	0.05	7.915639953571915	8
105	1	0.05	7.415222309865185	8
105	2	0.05	7.886015006987997	8
105	3	0.05	7.837654974492528	8
105	4	0.05	7.585682891845197	8
105	5	0.05	8.054639416316816	8
105	6	0.05	7.593448743445248	8
105	7	0.05	7.829696513408341	8
105	9	0.05	7.786532105847289	8
106	0	0.05	7.471136660015208	4
106	1	0.05	7.451379387007492	4
106	2	0.05	7.465468330313791	4
106	3	0.05	7.480997433378778	4
106	5	0.05	7.572047162094354	4
106	6	0.05	7.409066885854379	4
106	7	0.05	7.4628788539528506	4
106	8	0.05	7.5259996743993955	4
106	9	0.05	7.4409974241063805	4
107	0	0.05	6.081960230292841	8
107	1	0.05	0.4256068408373915	8
107	2	0.05	7.482236626292211	8
107	3	0.05	7.818860336598545	8
107	4	0.05	0.5803567776385072	8
107	5	0.05	7.263968543644039	8
107	6	0.05	4.212491072395853	8
107	7	0.05	7.227231252743408	8
107	9	0.05	5.532820400123338	8
108	0	0.05	7.971266053385803	8
108	1	0.05	7.857513154794211	8
108	2	0.05	7.887115627931663	8
109	0	0.05	7.2631759951272015	1
109	2	0.05	7.608249283217382	1
109	3	0.05	7.638935743131283	1
109	4	0.05	7.4416529044708986	1
109	5	0.05	7.74619194973953	1
109	6	0.05	7.596496776561131	1
109	7	0.05	7.6414959285536606	1
109	8	0.05	7.658762303253955	1
109	9	0.05	7.641108338918984	1
110	0	0.05	7.972218722958224	8
110	1	0.05	7.836106283096718	8
110	2	0.05	7.886036436653896	8
110	3	0.05	7.836884248482334	8
110	4	0.05	7.661398489656212	8
110	5	0.05	8.078355878069036	8
110	6	0.05	7.905728993843497	8
110	7	0.05	7.837383328875294	8
110	9	0.05	7.78686726118184	8
111	1	0.05	5.921901322998022	0
111	2	0.05	7.502170268902909	0
111	3	0.05	6.858344581451503	0
111	4	0.05	6.219332461898594	0
111	5	0.05	7.7455972652702245	0
111	6	0.05	7.450812404304983	0
111	7	0.05	7.255347141633081	0
111	8	0.05	7.427197134726758	0
111	9	0.05	7.175064445678492	0
112	0	0.05	5.608428640336283	2
112	1	0.05	1.9075116555248692	2
112	3	0.05	5.329181587506056	2
112	4	0.05	1.169081450650879	2
112	5	0.05	4.42241991466188	2
112	6	0.05	4.9567841145301195	2
112	7	0.05	0.691719043228529	2
112	8	0.05	6.915800838166475	2
112	9	0.05	5.995806167727023	2
113	0	0.05	7.555272682432983	9
113	1	0.05	7.610840796142914	9
113	2	0.05	7.326789322326097	9
113	3	0.05	7.625254582509821	9
113	4	0.05	7.167289467626699	9
113	5	0.05	7.704570247219681	9
113	6	0.05	7.169468426259549	9
113	7	0.05	7.627505808448437	9
113	8	0.05	7.59811756723416	9
114	0	0.05	7.614156220411229	1
114	2	0.05	7.618022386495187	1
114	3	0.05	7.635415904761343	1
114	4	0.05	7.186295774825724	1
114	5	0.05	7.741062285253655	1
114	6	0.05	7.598190385467647	1
114	7	0.05	7.35105240377015	1
114	8	0.05	7.5912731934331035	1
114	9	0.05	7.616162881484105	1
115	1	0.05	-6.842719820255406	0
115	2	0.05	-5.910560695998107	0
115	3	0.05	-6.552580528307423	0
115	4	0.05	-6.568695384059162	0
115	5	0.05	0.3448667485740959	0
115	6	0.05	-1.9557382714799585	0
115	7	0.05	-6.050169490040145	0
115	8	0.05	-6.965283438290278	0
115	9	0.05	-4.098858667183554	0
116	0	0.05	4.077939201914463	3
116	1	0.05	4.921402156850731	3
116	2	0.05	6.631035702797563	3
116	4	0.05	3.688925687232352	3
116	5	0.05	6.662740976717926	3
116	6	0.05	2.1793614810307083	3
116	7	0.05	5.0020893164972975	3
116	8	0.05	6.631090370214496	3
116	9	0.05	6.6268451188748765	3
117	0	0.05	5.110176810429453	9
117	1	0.05	5.3868276076758175	9
117	2	0.05	7.299434417617515	9
117	3	0.05	7.588170278337834	9
117	4	0.05	5.459482733771797	9
117	5	0.05	7.187562048370101	9
117	6	0.05	6.611290004237202	9
117	7	0.05	7.485190001131916	9
117	8	0.05	7.245193376273879	9
118	0	0.05	7.550888207698251	7
118	1	0.05	6.122062193520183	7
118	2	0.05	7.430040595414615	7
118	3	0.05	7.569992725785407	7
118	4	0.05	6.363869050165439	7
118	5	0.05	7.273998801860465	7
118	6	0.05	7.042578331509968	7
118	8	0.05	6.447959139749408	7
118	9	0.05	7.579436124483435	7
119	1	0.05	3.767238741616593	0
119	2	0.05	4.813174623052813	0
119	3	0.05	4.1874571835252326	0
119	4	0.05	4.337602417910012	0
119	5	0.05	5.124370183995418	0
119	6	0.05	4.92438705563976	0
119	7	0.05	4.996990772809565	0
119	8	0.05	4.161167276469806	0
119	9	0.05	5.9867917055217	0
120	0	0.05	-6.29340823651531	4
120	1	0.05	-6.413875795238985	4
120	2	0.05	-6.282730259165112	4
120	3	0.05	-6.449927246151177	4
120	5	0.05	-6.202884327441082	4
120	6	0.05	-5.791673984639813	4
120	7	0.05	-4.1246143351657425	4
120	8	0.05	-6.410309122054922	4
120	9	0.05	0.2169191454373695	4
121	0	0.05	6.976293870507244	9
121	1	0.05	5.606207898696484	9
121	2	0.05	7.422462503237695	9
121	3	0.05	7.12796242024008	9
121	4	0.05	7.390594455372423	9
121	5	0.05	7.108306990538075	9
121	6	0.05	6.79514526843156	9
121	7	0.05	7.591961508392419	9
121	8	0.05	7.001968998782513	9
122	0	0.05	1.5672372785259159	6
122	1	0.05	-3.5295685964710195	6
122	2	0.05	0.7148896976294975	6
122	3	0.05	-0.05991211748171189	6
122	4	0.05	-4.184156311440266	6
122	5	0.05	-0.1468811077555604	6
122	7	0.05	-4.270372096889117	6
122	8	0.05	0.9767300893304072	6
122	9	0.05	1.2081797974425312	6
123	0	0.05	7.856640979083358	8
123	1	0.05	4.646284159592751	8
123	2	0.05	7.845718046263341	8
123	3	0.05	7.831905458048917	8
123	4	0.05	6.507646540069098	8
123	5	0.05	8.062436830497003	8
123	6	0.05	7.260270311237786	8
123	7	0.05	7.824845991046856	8
123	9	0.05	7.7797376231240785	8
124	0	0.05	6.870054212470111	9
124	1	0.05	6.857027697785265	9
124	2	0.05	7.611244262843225	9
124	3	0.05	7.654879628182066	9
124	4	0.05	7.384171428533738	9
124	5	0.05	7.75562194739851	9
124	6	0.05	7.456926449664763	9
124	7	0.05	7.624053251599333	9
124	8	0.05	7.593530038279795	9
125	0	0.05	4.804127536782334	3
125	1	0.05	-0.79601819734329	3
125	2	0.05	-0.07799515453966761	3
125	4	0.05	-0.6821451847917182	3
125	5	0.05	4.5895407915116015	3
125	6	0.05	-0.832575524244205	3
125	7	0.05	4.931866829573569	3
125	8	0.05	4.439158232114148	3
125	9	0.05	5.222026824207705	3
126	0	0.05	7.685717360445867	5
126	1	0.05	7.675800296125773	5
126	2	0.05	7.6300074108211495	5
127	0	0.05	7.446809055107721	4
127	1	0.05	7.405298547906114	4
127	2	0.05	7.44530860795919	4
127	3	0.05	7.436878779406696	4
127	5	0.05	7.5514124584342115	4
127	6	0.05	7.403677170319185	4
127	7	0.05	7.445327255136633	4
127	8	0.05	7.155305302906544	4
127	9	0.05	7.426820232894335	4
128	0	0.05	-1.628145051712879	3
128	1	0.05	-2.3870239388877943	3
128	2	0.05	-2.6405788307297504	3
128	4	0.05	-3.6912607935750743	3
128	5	0.05	0.21943824621641167	3
128	6	0.05	-3.8471637946895054	3
128	7	0.05	-1.1547510970361845	3
128	8	0.05	-1.4913599122376726	3
128	9	0.05	2.5696896576796604	3
129	0	0.05	5.207123702701546	2
129	1	0.05	6.279273490641704	2
129	3	0.05	5.369262756087749	2
129	4	0.05	1.9687935109588248	2
129	5	0.05	3.1177634950972952	2
129	6	0.05	6.507809237755643	2
129	7	0.05	3.7197143233666847	2
129	8	0.05	5.000553439171148	2
129	9	0.05	4.450538897138924	2
130	0	0.05	7.156388673661432	2
130	1	0.05	6.212447940091515	2
130	3	0.05	7.5169761117791465	2
130	4	0.05	4.626475245105823	2
130	5	0.05	7.235659905639885	2
130	6	0.05	6.6612843924323215	2
130	7	0.05	6.013369692008809	2
130	8	0.05	7.4723280571885	2
130	9	0.05	7.220585482307711	2
131	0	0.05	-7.1806330263836	4
131	1	0.05	-7.201028626526348	4
131	2	0.05	-7.083152674302437	4
131	3	0.05	-7.233958435894102	4
131	5	0.05	-7.118547239763643	4
131	6	0.05	-7.142630517744624	4
131	7	0.05	-5.492113326419819	4
131	8	0.05	-7.259950246745688	4
131	9	0.05	-6.133168814990586	4
132	1	0.05	4.051036266607717	0
132	2	0.05	6.074595508972054	0
132	3	0.05	5.152598048324119	0
132	4	0.05	5.452490326072249	0
132	5	0.05	6.4590971893579106	0
132	6	0.05	6.719713206035899	0
132	7	0.05	5.426288710977081	0
132	8	0.05	5.4234069910629366	0
132	9	0.05	6.660512068750738	0
133	0	0.05	4.8044592093326886	3
133	1	0.05	6.052405358918479	3
133	2	0.05	5.910314929325369	3
133	4	0.05	3.9609476168358646	3
133	5	0.05	5.411908933129323	3
133	6	0.05	3.649449029221476	3
133	7	0.05	4.444984816683266	3
133	8	0.05	3.959287884022909	3
133	9	0.05	4.940201486410462	3
134	0	0.05	7.558949407958957	2
134	1	0.05	5.96583602177542	2
134	3	0.05	6.47282369718292	2
134	4	0.05	6.758226205426885	2
134	5	0.05	3.8560900730216088	2
134	6	0.05	7.489596570353056	2
134	7	0.05	5.998445551063209	2
134	8	0.05	5.562803351368553	2
134	9	0.05	6.390252833098758	2
135	0	0.05	2.111077080064398	3
135	1	0.05	2.715172725494216	3
135	2	0.05	4.686537877599068	3
135	4	0.05	4.084815041986327	3
135	5	0.05	6.577014600884116	3
135	6	0.05	-0.024058920906638474	3
135	7	0.05	3.655837181913043	3
135	8	0.05	6.68393133735222	3
135	9	0.05	6.184753339094675	3
136	0	0.05	7.725484527154278	5
136	1	0.05	7.730515580675711	5
136	2	0.05	7.662947000960006	5
136	3	0.05	7.784573932164227	5
136	4	0.05	7.553256241882524	5
136	6	0.05	7.690722307917326	5
136	7	0.05	7.70819890046624	5
136	8	0.05	7.93935736454079	5
136	9	0.05	7.729342385869122	5
137	0	0.05	6.349349867924142	1
137	2	0.05	7.524687353713798	1
137	3	0.05	7.294923932952257	1
137	4	0.05	5.499504461033873	1
137	5	0.05	7.523693124508101	1
137	6	0.05	7.590822454222252	1
137	7	0.05	6.031892758855621	1
137	8	0.05	7.512083056958579	1
137	9	0.05	7.421129189723129	1
138	0	0.05	6.73069340678576	1
138	2	0.05	7.618475629566837	1
138	3	0.05	7.639009106701772	1
138	4	0.05	7.451299580088763	1
138	5	0.05	7.744082618266719	1
138	6	0.05	7.584556816497696	1
138	7	0.05	7.646892297099483	1
138	8	0.05	7.6895283421189955	1
138	9	0.05	7.642596618325514	1
139	0	0.05	5.844920406445626	2
139	1	0.05	7.546131326427408	2
139	3	0.05	7.110136683003406	2
139	4	0.05	4.827568633882122	2
139	5	0.05	6.676682889400065	2
139	6	0.05	7.013061131802469	2
139	7	0.05	7.070916069174239	2
139	8	0.05	6.270263359892913	2
139	9	0.05	6.581245053579982	2
140	0	0.05	1.881381284496415	4
140	1	0.05	-1.2902262658992383	4
140	2	0.05	1.554128801249725	4
140	3	0.05	3.9573855776430906	4
140	5	0.05	5.276920654989291	4
140	6	0.05	3.6971205896748596	4
140	7	0.05	4.9791901761403095	4
140	8	0.05	3.900162493343921	4
140	9	0.05	4.393749261293993	4
141	0	0.05	7.97129662326554	8
141	1	0.05	7.635408814603012	8
141	2	0.05	7.886126256920731	8
141	3	0.05	7.840959841312059	8
141	4	0.05	7.502623790855982	8
141	5	0.05	8.071361978398444	8
141	6	0.05	7.9050651433542445	8
141	7	0.05	7.5656624513136626	8
141	9	0.05	7.785270041392519	8
142	0	0.05	7.486951271859574	2
142	1	0.05	7.535369040321914	2
142	3	0.05	7.255800018645645	2
142	4	0.05	5.819568091699693	2
142	5	0.05	6.955517489196113	2
142	6	0.05	7.497900916397847	2
142	7	0.05	7.063901349427895	2
142	8	0.05	6.833268399039057	2
142	9	0.05	7.164606611648564	2
143	0	0.05	4.754300141055498	2
143	1	0.05	2.928113314195188	2
143	3	0.05	7.226636368368786	2
143	4	0.05	2.3450902257550457	2
143	5	0.05	4.210561355679673	2
143	6	0.05	4.348750265379436	2
143	7	0.05	5.086108061891218	2
143	8	0.05	4.120770475143806	2
143	9	0.05	1.8416461942032538	2
144	0	0.05	4.105876194625509	6
144	1	0.05	1.9640006622781296	6
144	2	0.05	3.1057657889286676	6
144	3	0.05	2.0681341552545995	6
144	4	0.05	4.45826119328993	6
144	5	0.05	3.320860948746628	6
144	7	0.05	3.8964258119792086	6
144	8	0.05	2.2907730012717225	6
144	9	0.05	4.800912917869986	6
145	0	0.05	6.521616347673834	8
145	1	0.05	6.851422286021419	8
145	2	0.05	7.881439443689008	8
145	3	0.05	7.456691028340346	8
145	4	0.05	5.911625075490314	8
145	5	0.05	6.849958353643798	8
145	6	0.05	7.202224236532003	8
145	7	0.05	4.888970163835867	8
145	9	0.05	7.683646158993897	8
146	0	0.05	6.925800656658172	6
146	1	0.05	5.304312085848249	6
146	2	0.05	5.8950473094928295	6
146	3	0.05	5.430081885638881	6
146	4	0.05	4.224758178905682	6
146	5	0.05	7.055794370853718	6
146	7	0.05	4.1261051085431335	6
146	8	0.05	6.763275631218505	6
146	9	0.05	5.265963121998161	6
147	0	0.05	7.660956030586043	1
147	2	0.05	7.623794016198966	1
147	3	0.05	7.655834468601028	1
147	4	0.05	7.4607511964784345	1
147	5	0.05	7.7514907812565745	1
147	6	0.05	7.608220639160159	1
147	7	0.05	7.651289943443279	1
147	8	0.05	7.7541844075110875	1
147	9	0.05	7.652448334896447	1
148	0	0.05	4.139303816386851	7
149	1	0.05	-7.610405932031117	0
149	2	0.05	-6.211510992227898	0
149	3	0.05	-7.629762872884323	0
149	4	0.05	-7.441199844849412	0
149	5	0.05	-5.829709309695131	0
149	6	0.05	-4.984024516560405	0
149	7	0.05	-7.502956866891507	0
149	8	0.05	-7.583751693148008	0
149	9	0.05	-7.566263667589553	0
150	0	0.05	7.542324339735468	6
150	1	0.05	6.388439450484191	6
150	2	0.05	7.585968147224978	6
150	3	0.05	7.527670859010682	6
150	4	0.05	7.388835209220337	6
150	5	0.05	7.543322036708397	6
150	7	0.05	6.800303959164303	6
150	8	0.05	5.868640672730521	6
150	9	0.05	7.477725275117305	6
