Img	Target_Label	Epsilon	Objective_Value	Label
1	1	0.05	-6.0728027093536605	3
1	2	0.05	-6.055503867613956	3
1	4	0.05	1.3880984304886923	3
1	5	0.05	-5.629158837403127	3
1	6	0.05	-3.3217522186495803	3
1	7	0.05	-2.4819009508453074	3
1	8	0.05	-4.895818318672263	3
1	9	0.05	-3.7602077519160364	3
1	10	0.05	-6.260084617117539	3
2	2	0.05	-7.621037220670724	1
2	3	0.05	-7.5464557895818345	1
2	4	0.05	-7.640278083773254	1
2	5	0.05	-7.628997641471599	1
2	6	0.05	-7.740876321890226	1
2	7	0.05	-7.533037000231938	1
2	8	0.05	-7.682282303460565	1
2	9	0.05	-7.441636815518673	1
2	10	0.05	-7.737480177624605	1
3	1	0.05	-4.171620608047968	5
3	2	0.05	-4.183764638703121	5
3	3	0.05	-4.276338852288946	5
3	4	0.05	-4.291339437322964	5
3	6	0.05	-4.138555611529672	5
3	7	0.05	-4.0268081986843915	5
3	8	0.05	-2.853118482230512	5
3	9	0.05	-4.1789583272832	5
3	10	0.05	2.651517415800445	5
4	1	0.05	2.539914349061397	9
4	2	0.05	0.5841792140061453	9
4	3	0.05	4.340424810632275	9
4	4	0.05	5.8092593833697155	9
4	5	0.05	0.0589532441687701	9
4	6	0.05	5.598218797724026	9
4	7	0.05	5.443991856493611	9
4	8	0.05	1.6979641457807915	9
4	10	0.05	2.2603347424160902	9
5	1	0.05	-7.6289891080890255	8
5	2	0.05	-4.689468880736392	8
5	3	0.05	-7.307072222491882	8
5	4	0.05	-5.308087240497384	8
5	5	0.05	-7.075658700676104	8
5	6	0.05	-7.632505341792409	8
5	7	0.05	-7.646673117045896	8
5	9	0.05	-7.699048875582316	8
5	10	0.05	-7.513462931654768	8
6	1	0.05	-5.848807562475086	7
6	2	0.05	-5.935893076182642	7
6	3	0.05	-5.9262602547542995	7
6	4	0.05	-6.0741359081376745	7
6	5	0.05	-4.834059149484833	7
6	6	0.05	-3.8879608307198876	7
6	8	0.05	-6.011378916607016	7
6	9	0.05	-0.35294397742756595	7
6	10	0.05	-3.392395229505508	7
7	2	0.05	-7.620744611973832	1
7	3	0.05	-7.548408838161925	1
7	4	0.05	-7.633413228736195	1
7	5	0.05	-7.668369825547098	1
7	6	0.05	-7.440218849817446	1
7	7	0.05	-7.537800683840594	1
7	8	0.05	-7.6814177090306375	1
7	9	0.05	-7.661441176788761	1
7	10	0.05	-7.740421038718297	1
8	1	0.05	-6.051183202582526	7
8	2	0.05	-6.030182592583341	7
8	3	0.05	-6.034608375192829	7
8	4	0.05	-6.047259614595642	7
8	5	0.05	-6.009970597488737	7
8	6	0.05	-1.2505404199381238	7
8	8	0.05	-6.107464181117395	7
8	9	0.05	-0.5683643908769633	7
8	10	0.05	-6.148578690263981	7
9	1	0.05	-0.17726569154802185	4
9	2	0.05	2.091058685963062	4
9	3	0.05	2.9186053466910993	4
9	5	0.05	-0.19559759424728024	4
9	6	0.05	5.466585382016907	4
9	7	0.05	-0.1325315724887336	4
9	8	0.05	-0.18514142282162666	4
9	9	0.05	6.063670034471939	4
9	10	0.05	-0.18719916673300604	4
10	1	0.05	-5.732757633109511	2
10	3	0.05	0.25241798535021837	2
10	4	0.05	-5.5983990117616225	2
10	5	0.05	-4.258474629948352	2
10	6	0.05	-3.4171576001145696	2
10	7	0.05	-4.476485562582792	2
10	8	0.05	-0.6820834229302319	2
10	9	0.05	-2.5769075663313235	2
10	10	0.05	-5.77161388361629	2
11	1	0.05	-2.265846193556357	9
11	2	0.05	-2.263945489850597	9
11	3	0.05	2.2148029844465222	9
11	4	0.05	-2.2849313354050382	9
11	5	0.05	-0.32893599462563106	9
11	6	0.05	1.7252411740218216	9
11	7	0.05	5.113744937244683	9
11	8	0.05	-2.3161283751348836	9
11	10	0.05	1.2856325612768713	9
12	2	0.05	-7.613778598973563	1
12	3	0.05	-7.477122528909999	1
12	4	0.05	-7.588300888096489	1
12	5	0.05	-7.6007282475536995	1
12	6	0.05	-7.72808569824421	1
12	7	0.05	-7.2480106760962055	1
12	8	0.05	-7.677512022331666	1
12	9	0.05	-6.5060219127278724	1
12	10	0.05	-5.610408012621751	1
13	1	0.05	-6.573254346698983	8
13	2	0.05	-6.588769398929491	8
13	3	0.05	-3.8867023625082426	8
13	4	0.05	-3.3974712446574555	8
13	5	0.05	-6.676871985327955	8
13	6	0.05	-4.388187708956641	8
13	7	0.05	-6.675637365600083	8
13	9	0.05	-6.727009525689591	8
13	10	0.05	-1.257088142808031	8
14	1	0.05	-5.617362729696537	10
14	2	0.05	-5.531229389263503	10
14	3	0.05	-5.497497209653363	10
14	4	0.05	-4.674491337980441	10
14	5	0.05	-3.5212732165462386	10
14	6	0.05	-5.612529544523795	10
14	7	0.05	-5.63157757867453	10
14	8	0.05	-0.9851461689127679	10
14	9	0.05	-2.8311367284974676	10
15	1	0.05	-7.679349505647807	9
15	2	0.05	-7.6476530261963385	9
15	3	0.05	-4.213769104121186	9
15	4	0.05	-6.93774403038526	9
15	5	0.05	-7.673138770042387	9
15	6	0.05	-6.269857457442622	9
15	7	0.05	-7.666785325982504	9
15	8	0.05	-5.668373942388633	9
15	10	0.05	-0.22239453263037984	9
16	1	0.05	-1.6185620060226669	5
16	2	0.05	-3.965685484267246	5
16	3	0.05	-3.0852776684098018	5
16	4	0.05	-4.111873836331274	5
16	6	0.05	-4.12578533535288	5
16	7	0.05	-3.7862588368831767	5
16	8	0.05	-4.087511292059835	5
16	9	0.05	0.33042070010386765	5
16	10	0.05	-3.561913670919746	5
17	1	0.05	-2.779116775033561	6
17	2	0.05	-7.39871326579358	6
17	3	0.05	-7.374475370573157	6
17	4	0.05	-2.9051017431010964	6
17	5	0.05	-5.507264099438446	6
17	7	0.05	-6.5733160727661835	6
17	8	0.05	-6.879941406866769	6
17	9	0.05	-7.039040570962369	6
17	10	0.05	-5.3298773950043055	6
18	1	0.05	-1.5547618157422136	4
18	2	0.05	-0.7065326442547655	4
18	3	0.05	-2.1933047391937777	4
18	5	0.05	-1.3203634524956611	4
18	6	0.05	3.7676358011803015	4
18	7	0.05	-2.1784072575819766	4
18	8	0.05	-2.3531344556306197	4
18	9	0.05	-1.9243911034517815	4
18	10	0.05	3.0287126703262794	4
19	1	0.05	-3.4116854004689334	5
19	2	0.05	-1.3473537521301895	5
19	3	0.05	-3.3389369767777244	5
19	4	0.05	0.37010579874553096	5
19	6	0.05	-3.4012162868503952	5
19	7	0.05	-3.426811143216295	5
19	8	0.05	0.5504801178091236	5
19	9	0.05	-3.3341516646310994	5
19	10	0.05	2.6930775894112506	5
20	2	0.05	-1.8325887731398707	1
20	3	0.05	-1.673065808725866	1
20	4	0.05	-1.8271981369318098	1
20	5	0.05	-1.6254485909055023	1
20	6	0.05	0.043226886563180036	1
20	7	0.05	-1.7196633187113304	1
20	8	0.05	1.6233814922590821	1
20	9	0.05	1.8050313509808193	1
20	10	0.05	2.9251803482222263	1
21	1	0.05	-0.7833953207026233	7
21	2	0.05	-1.2341146078828127	7
21	3	0.05	0.09008370480745954	7
21	4	0.05	-0.8416780772924077	7
21	5	0.05	2.9340107324907803	7
21	6	0.05	0.5339826873861322	7
21	8	0.05	3.531419130148023	7
21	9	0.05	0.8972243305276412	7
21	10	0.05	1.1906130756481708	7
22	1	0.05	-4.038837519598513	7
22	2	0.05	-4.008591857576531	7
22	3	0.05	-0.7626241399228822	7
22	4	0.05	-1.9108786671506577	7
22	5	0.05	1.6790426421586793	7
22	6	0.05	1.2027846842725853	7
22	8	0.05	-0.19079707382793543	7
22	9	0.05	-0.05382528549818893	7
22	10	0.05	-2.823444596736838	7
23	1	0.05	-1.1287783530795488	4
23	2	0.05	0.8017267953792069	4
23	3	0.05	4.711617154263319	4
23	5	0.05	-1.4278468457624716	4
23	6	0.05	5.588859497120834	4
23	7	0.05	-1.057669070662611	4
23	8	0.05	-1.4370645825509105	4
23	9	0.05	-1.4191923156435962	4
23	10	0.05	-1.5446499631516493	4
24	2	0.05	-3.954096578062675	1
24	3	0.05	-2.0583833181859377	1
24	4	0.05	-3.938358355753714	1
24	5	0.05	-3.971346752893403	1
24	6	0.05	-1.477828274368133	1
24	7	0.05	-2.4392278734872446	1
24	8	0.05	-4.02871101409186	1
24	9	0.05	-3.944759287692205	1
24	10	0.05	-3.9557109501669054	1
25	1	0.05	-7.6750348515343845	3
25	2	0.05	-7.047653041594475	3
25	4	0.05	-5.939421952552741	3
25	5	0.05	-7.696259870981609	3
25	6	0.05	-7.758694877592853	3
25	7	0.05	-7.575318842469985	3
25	8	0.05	-7.79391397003738	3
25	9	0.05	-7.689604692285634	3
25	10	0.05	-7.812905067652838	3
26	1	0.05	-7.960030698988638	4
26	2	0.05	-7.916062827103938	4
26	3	0.05	-7.492217068493079	4
26	5	0.05	-7.982463257768106	4
26	6	0.05	-8.005036230646583	4
26	7	0.05	-7.958330143312559	4
26	8	0.05	-8.03443241657515	4
26	9	0.05	-7.94042192307885	4
26	10	0.05	-8.044193339788688	4
27	1	0.05	-0.2975163795274151	7
27	2	0.05	3.591649921788891	7
27	3	0.05	3.3976005054238008	7
27	4	0.05	0.7892835555091845	7
27	5	0.05	5.024000114705907	7
27	6	0.05	5.563510989820915	7
27	8	0.05	2.8489043171291906	7
27	9	0.05	5.129271532367311	7
27	10	0.05	-0.6560264631029228	7
28	1	0.05	-5.250225536273702	7
28	2	0.05	-5.214027112362966	7
28	3	0.05	-0.6556561789636581	7
28	4	0.05	-5.173166410559982	7
28	5	0.05	-4.8728239255095716	7
28	6	0.05	-1.876679279466943	7
28	8	0.05	-5.321401197755953	7
28	9	0.05	-2.446610971298858	7
28	10	0.05	-5.333642557180888	7
29	1	0.05	-7.6162165514403775	8
29	2	0.05	-7.5058151419475845	8
29	3	0.05	-7.447335933748904	8
29	4	0.05	-7.620698484785436	8
29	5	0.05	-7.598000738471312	8
29	6	0.05	-5.378891518809675	8
29	7	0.05	-7.613061339486721	8
29	9	0.05	-5.128573677837916	8
29	10	0.05	-7.556569928618237	8
30	1	0.05	-6.688954418701759	5
30	2	0.05	-7.153720092308765	5
30	3	0.05	-5.445777402546591	5
30	4	0.05	-5.398709797030764	5
30	6	0.05	-4.383250464972533	5
30	7	0.05	-6.556378342303262	5
30	8	0.05	-2.9806355714503807	5
30	9	0.05	-7.288545740948887	5
30	10	0.05	-3.601871911624494	5
32	1	0.05	-7.965144408718184	4
32	2	0.05	-7.915838219448525	4
32	3	0.05	-7.783234064033309	4
32	5	0.05	-7.98454864348038	4
32	6	0.05	-7.927698643394056	4
32	7	0.05	-7.975374343871658	4
32	8	0.05	-7.992446407416466	4
32	9	0.05	-7.957042216549549	4
32	10	0.05	-8.043736366568263	4
33	1	0.05	-1.0291311765293034	9
33	2	0.05	-1.003639925072675	9
33	3	0.05	2.7693587909917814	9
33	4	0.05	-0.14868244711623033	9
33	5	0.05	-0.9829179429408794	9
33	6	0.05	-0.8756713549282198	9
33	7	0.05	-1.0023763143971416	9
33	8	0.05	-1.1297105648342964	9
33	10	0.05	0.23634300419999643	9
35	1	0.05	-7.42897885702937	6
35	2	0.05	-7.4237021076282526	6
35	3	0.05	-7.408311526214236	6
35	4	0.05	-7.16484929829632	6
35	5	0.05	-7.446304794232466	6
35	7	0.05	-6.756455515836943	6
35	8	0.05	-7.488384499556771	6
35	9	0.05	-7.364087138814009	6
35	10	0.05	-7.172852104592784	6
36	1	0.05	-2.4664909339049843	5
36	2	0.05	-2.408815971154617	5
36	3	0.05	-2.385674009435113	5
36	4	0.05	-2.5086429866339333	5
36	6	0.05	-1.560993434301626	5
36	7	0.05	-1.095275198859446	5
36	8	0.05	-0.6651273410906686	5
36	9	0.05	2.6793738693104245	5
36	10	0.05	2.8366901294641895	5
37	1	0.05	-7.063033822320933	3
37	2	0.05	-6.979991763552968	3
37	4	0.05	-4.440644700043262	3
37	5	0.05	-7.013123240205076	3
37	6	0.05	-7.150207457787383	3
37	7	0.05	-6.975524135027164	3
37	8	0.05	-7.1713572285378815	3
37	9	0.05	-7.075085444540984	3
37	10	0.05	-7.1254784792174455	3
38	1	0.05	-7.420464782814176	6
38	2	0.05	-7.413233506043289	6
38	3	0.05	-6.505557797743226	6
38	4	0.05	-7.28958886591129	6
38	5	0.05	-7.441276706666418	6
38	7	0.05	-7.313510723942695	6
38	8	0.05	-7.482141388197745	6
38	9	0.05	-3.7260720232305817	6
38	10	0.05	-7.5204025145314874	6
39	1	0.05	5.09910910001848	6
39	2	0.05	5.7367601872513685	6
39	3	0.05	5.860114721565148	6
39	4	0.05	6.213261279809861	6
39	5	0.05	6.995895259878261	6
39	7	0.05	6.771669179012891	6
39	8	0.05	4.510068796270599	6
39	9	0.05	3.38615570190652	6
39	10	0.05	6.649011369291041	6
40	1	0.05	-1.1230315434622984	9
40	2	0.05	-0.5375376948133805	9
40	3	0.05	1.5535471049125977	9
40	4	0.05	3.12299619277909	9
40	5	0.05	0.8710068680204077	9
40	6	0.05	5.2501295196001445	9
40	7	0.05	0.3702719856356045	9
40	8	0.05	-1.1762501609363705	9
40	10	0.05	-0.6790990110104325	9
41	1	0.05	-7.428171704940774	6
41	2	0.05	-7.423831312691301	6
41	3	0.05	-7.4067046107493075	6
41	4	0.05	-7.040954338296574	6
41	5	0.05	-7.44897664090554	6
41	7	0.05	-7.3291712989259175	6
41	8	0.05	-7.425174029385296	6
41	9	0.05	-7.090651165300282	6
41	10	0.05	-2.385627952707525	6
42	1	0.05	-7.626066119028874	3
42	2	0.05	-7.618365532274335	3
42	4	0.05	0.236335265291657	3
42	5	0.05	-7.656400838794459	3
42	6	0.05	-7.6574145356392025	3
42	7	0.05	-7.633896517516046	3
42	8	0.05	-7.263733796475414	3
42	9	0.05	-5.417327989553288	3
42	10	0.05	-7.465335330683266	3
43	1	0.05	-0.5325354311319721	10
43	2	0.05	-1.1605328597756648	10
43	3	0.05	-1.4179440354498911	10
43	4	0.05	-1.81958130057274	10
43	5	0.05	5.946006663738708	10
43	6	0.05	-1.646054086500966	10
43	7	0.05	-1.4912774785829637	10
43	8	0.05	-1.5877721216091731	10
43	9	0.05	-1.4968179617971786	10
44	1	0.05	0.24280111664426934	3
44	2	0.05	-6.288594608028474	3
44	4	0.05	-4.6251016847725674	3
44	5	0.05	-4.80518524789306	3
44	6	0.05	-6.3748061742816695	3
44	7	0.05	0.19131007249623957	3
44	8	0.05	-3.0640680847408968	3
44	9	0.05	-6.320448169412972	3
44	10	0.05	-5.133349335644526	3
45	1	0.05	-3.9670830975455798	5
45	2	0.05	-3.9327089981664853	5
45	3	0.05	-2.8324675103489816	5
45	4	0.05	-4.02411119745868	5
45	6	0.05	-1.857377182213885	5
45	7	0.05	-3.9372213159546035	5
45	8	0.05	-3.8099539742940216	5
45	9	0.05	-0.07955257922657019	5
45	10	0.05	1.815709109312311	5
46	1	0.05	-7.685058208872639	3
46	2	0.05	-7.6652839348956325	3
46	4	0.05	-7.292462668115088	3
46	5	0.05	-7.704044709784811	3
46	6	0.05	-7.775441409649766	3
46	7	0.05	-7.61498534236851	3
46	8	0.05	-7.80236973522701	3
46	9	0.05	-7.706557265353952	3
46	10	0.05	-7.820858527461409	3
47	1	0.05	-2.1991237253682625	8
47	2	0.05	-2.2544779564285022	8
47	3	0.05	0.998912987337949	8
47	4	0.05	4.167071692700772	8
47	5	0.05	-2.3519569205889055	8
47	6	0.05	-1.512986317753001	8
47	7	0.05	-2.1633173369475096	8
47	9	0.05	-1.9608834135495314	8
47	10	0.05	2.842508787940942	8
48	2	0.05	-7.620864858923973	1
48	3	0.05	-7.547163812286027	1
48	4	0.05	-7.6367440073027275	1
48	5	0.05	-7.667414507054522	1
48	6	0.05	-7.7367005568762215	1
48	7	0.05	-7.538612337248875	1
48	8	0.05	-5.694906141989865	1
48	9	0.05	-7.671353210520026	1
48	10	0.05	-7.737023801864364	1
49	1	0.05	-7.430506997642379	6
49	2	0.05	-7.425288254131697	6
49	3	0.05	-7.405799953944099	6
49	4	0.05	-6.18439823679207	6
49	5	0.05	-7.465670803531509	6
49	7	0.05	-7.336188293880325	6
49	8	0.05	-6.052733248896839	6
49	9	0.05	-7.341718430775722	6
49	10	0.05	-5.905137406391083	6
50	1	0.05	-6.0671518950322465	2
50	3	0.05	-2.9187257463449283	2
50	4	0.05	-5.875121862004555	2
50	5	0.05	-1.3335915073810944	2
50	6	0.05	-6.086737189671497	2
50	7	0.05	-6.059394853578834	2
50	8	0.05	-2.069947596600704	2
50	9	0.05	-2.9912260450672568	2
50	10	0.05	-4.627908394186961	2
51	2	0.05	-7.616972890581681	1
51	3	0.05	-7.538861526537375	1
51	4	0.05	-7.636376118224516	1
51	5	0.05	-7.660968381815406	1
51	6	0.05	-7.741659468551091	1
51	7	0.05	-7.532759685782803	1
51	8	0.05	-7.6841453001307745	1
51	9	0.05	-7.658625390990369	1
51	10	0.05	-7.735724580331916	1
52	1	0.05	-7.625508452248973	8
52	2	0.05	-4.5873423090224215	8
52	3	0.05	-6.52502656651771	8
52	4	0.05	-5.569630193523904	8
52	5	0.05	-7.623856090787013	8
52	6	0.05	-7.613694040722359	8
52	7	0.05	-7.651792185230832	8
52	9	0.05	-7.6806181202674395	8
52	10	0.05	-6.807027864702063	8
53	1	0.05	-5.838139523598355	10
53	2	0.05	-5.891581154161594	10
53	3	0.05	-5.830841298451068	10
53	4	0.05	-5.9886783555319925	10
53	5	0.05	-0.44834618356931993	10
53	6	0.05	-5.916944109490189	10
53	7	0.05	-5.913637795136953	10
53	8	0.05	0.028566043364774453	10
53	9	0.05	-5.787775093486306	10
54	1	0.05	-2.2200674689350044	10
54	2	0.05	-2.343861605989665	10
54	3	0.05	3.968338314608723	10
54	4	0.05	-2.5074703017762703	10
54	5	0.05	3.250754867997429	10
54	6	0.05	-2.474640288887713	10
54	7	0.05	-2.4283441002966093	10
54	8	0.05	-1.5584718431402962	10
54	9	0.05	-2.3988353374453752	10
55	1	0.05	-7.342458337010895	10
55	2	0.05	-7.262593707518065	10
55	3	0.05	-6.372659271341891	10
55	4	0.05	-7.407654596692236	10
55	5	0.05	-4.341116464047875	10
55	6	0.05	-7.3540322468701325	10
55	7	0.05	-7.285950867760766	10
55	8	0.05	-5.648096900323857	10
55	9	0.05	-4.59553976019187	10
56	1	0.05	-7.313481480868748	7
56	2	0.05	-7.267418606204395	7
56	3	0.05	-7.216495831993515	7
56	4	0.05	-7.217237757733447	7
56	5	0.05	-7.297678161811802	7
56	6	0.05	-7.477476319280321	7
56	8	0.05	-7.4132934902929986	7
56	9	0.05	-7.247293528486071	7
56	10	0.05	-7.3683021543597675	7
57	1	0.05	-5.315313913840282	6
57	2	0.05	-5.5006574372882975	6
57	3	0.05	-5.279299424783074	6
57	4	0.05	-3.9911007560547036	6
57	5	0.05	-5.36425188380585	6
57	7	0.05	-5.156953436078035	6
57	8	0.05	-5.443486520484433	6
57	9	0.05	-5.182288859137356	6
57	10	0.05	1.033335540269939	6
58	1	0.05	-7.711746170145109	9
58	2	0.05	-7.6811232639837534	9
58	3	0.05	-7.513939156179193	9
58	4	0.05	-2.1762428924142045	9
58	5	0.05	-7.6390715793645985	9
58	6	0.05	-7.426872644016928	9
58	7	0.05	-7.690702677212817	9
58	8	0.05	-7.767924931919012	9
58	10	0.05	-4.101888090348956	9
59	1	0.05	-5.123615592333855	9
59	2	0.05	-5.14356227238633	9
59	3	0.05	-0.8749931216185737	9
59	4	0.05	-3.2402735568425323	9
59	5	0.05	-3.0704215991452366	9
59	6	0.05	-3.4804602961888356	9
59	7	0.05	-4.363882985332742	9
59	8	0.05	-5.154463696531863	9
59	10	0.05	-4.841720777511236	9
60	1	0.05	-7.770549011604915	7
60	2	0.05	-7.799114509219186	7
60	3	0.05	-7.57518680960349	7
60	4	0.05	-7.8642596901999235	7
60	5	0.05	-6.7242682311865	7
60	6	0.05	-7.64374340796647	7
60	8	0.05	-7.9048175129289024	7
60	9	0.05	-7.218099456644877	7
60	10	0.05	-7.917540603494947	7
61	1	0.05	-2.3275274057339086	10
61	2	0.05	-2.4873195501972982	10
61	3	0.05	-2.512150339298083	10
61	4	0.05	-0.03029397797921721	10
61	5	0.05	-0.8936060789037144	10
61	6	0.05	3.182828360461024	10
61	7	0.05	-2.309942135874211	10
61	8	0.05	2.669265684478393	10
61	9	0.05	-1.8497252282831798	10
62	1	0.05	1.4043611070590762	10
62	2	0.05	-1.6506678160346544	10
62	3	0.05	0.7132280131619747	10
62	4	0.05	-1.6868434629541247	10
62	5	0.05	3.0328276605931324	10
62	6	0.05	-1.461067886052933	10
62	7	0.05	-0.7473454320383868	10
62	8	0.05	-1.120092449465222	10
62	9	0.05	-0.6491648267360954	10
63	1	0.05	-5.675324069201251	6
63	2	0.05	0.3216081267232493	6
63	3	0.05	-5.590121131707722	6
63	4	0.05	-5.476864795747538	6
63	5	0.05	-3.906550079096025	6
63	7	0.05	-5.571135025724051	6
63	8	0.05	0.5544841236694987	6
63	9	0.05	-4.856253957554848	6
63	10	0.05	-5.092845289214134	6
64	1	0.05	-7.626533262622414	5
64	2	0.05	-7.445946152434443	5
64	3	0.05	-7.571520503210961	5
64	4	0.05	-7.715422098563805	5
64	6	0.05	-7.640718904355719	5
64	7	0.05	-7.54288684831781	5
64	8	0.05	-1.3925548374320729	5
64	9	0.05	-7.607779148258064	5
64	10	0.05	-3.243835205572264	5
65	1	0.05	-3.575183163493973	3
65	2	0.05	-3.8096472551762806	3
65	4	0.05	-1.0855480933298842	3
65	5	0.05	-3.8956446936471143	3
65	6	0.05	-3.9246701434797306	3
65	7	0.05	-3.852491229634871	3
65	8	0.05	-3.976513198943827	3
65	9	0.05	-3.880089782265699	3
65	10	0.05	-3.9368011210943994	3
66	1	0.05	-7.830060445530614	7
66	2	0.05	-7.811091215796134	7
66	3	0.05	-7.772540552670962	7
66	4	0.05	-7.874331855269545	7
66	5	0.05	-6.90057540288109	7
66	6	0.05	-7.455102254927667	7
66	8	0.05	-7.917242807299891	7
66	9	0.05	-7.839306700681793	7
66	10	0.05	-7.928155264594753	7
67	1	0.05	0.6607047827638152	9
67	2	0.05	-5.9850651298014474	9
67	3	0.05	-5.935402650792445	9
67	4	0.05	-2.669196863325794	9
67	5	0.05	-5.990645599347132	9
67	6	0.05	-6.04919173927274	9
67	7	0.05	-5.973167989037759	9
67	8	0.05	-6.035859311815736	9
67	10	0.05	-2.878877955003498	9
68	1	0.05	-1.96198919465322	2
68	3	0.05	2.811534459559909	2
68	4	0.05	3.5378901089666375	2
68	5	0.05	2.287893312927145	2
68	6	0.05	-0.9766043877901845	2
68	7	0.05	-2.4355677963972	2
68	8	0.05	3.4056386505938687	2
68	9	0.05	3.473839856629025	2
68	10	0.05	1.5977062310204837	2
69	2	0.05	-2.52730034063846	1
69	3	0.05	-2.4482773972044756	1
69	4	0.05	-2.377636990749847	1
69	5	0.05	-2.376551923413092	1
69	6	0.05	-1.5049102401521375	1
69	7	0.05	0.4697584388658382	1
69	8	0.05	2.8715007546640576	1
69	9	0.05	-2.5592630051371446	1
69	10	0.05	-2.026206815687535	1
70	1	0.05	-7.829747206443345	7
70	2	0.05	-7.80921133366082	7
70	3	0.05	-7.710962747588192	7
70	4	0.05	-7.858217129490249	7
70	5	0.05	-7.146032755874054	7
70	6	0.05	-6.5614404898568575	7
70	8	0.05	-7.915411566194668	7
70	9	0.05	-7.848250414393686	7
70	10	0.05	-7.931572863048979	7
71	1	0.05	-2.688464439222362	10
71	2	0.05	-2.634891804393271	10
71	3	0.05	-2.7022353458543824	10
71	4	0.05	-2.7911531676401875	10
71	5	0.05	2.2945966877090753	10
71	6	0.05	3.0700797266556292	10
71	7	0.05	-2.707659684473956	10
71	8	0.05	1.101665673394312	10
71	9	0.05	-2.736725957318336	10
72	1	0.05	-4.964713298146605	6
72	2	0.05	-7.269109533639234	6
72	3	0.05	-6.995925658215715	6
72	4	0.05	-2.2165978569090186	6
72	5	0.05	-7.323162383276465	6
72	7	0.05	-7.190154056716356	6
72	8	0.05	-1.1234980528821559	6
72	9	0.05	-4.884972866413892	6
72	10	0.05	-1.5479381836284931	6
73	1	0.05	-6.942399560508719	6
73	2	0.05	-6.9462426028697175	6
73	3	0.05	-6.9330228613214855	6
73	4	0.05	-6.361293990443743	6
73	5	0.05	-6.976748152766473	6
73	7	0.05	-5.259621492580792	6
73	8	0.05	-7.007470326541944	6
73	9	0.05	-6.439599729261286	6
73	10	0.05	-4.9982776049973525	6
74	1	0.05	-7.64048078826262	5
74	2	0.05	-3.293408713261628	5
74	3	0.05	-7.578254982016928	5
74	4	0.05	-7.690286572429068	5
74	6	0.05	-7.633328526139387	5
74	7	0.05	-3.8069650314267474	5
74	8	0.05	-1.5246504327816848	5
74	9	0.05	-7.270712401721791	5
74	10	0.05	-4.586007850712515	5
75	1	0.05	-1.5447849804088158	2
75	3	0.05	0.8801161983941261	2
75	4	0.05	2.6482907556603106	2
75	5	0.05	3.704796883791292	2
75	6	0.05	0.1458630492696436	2
75	7	0.05	-0.3137511869002427	2
75	8	0.05	4.189858021100705	2
75	9	0.05	1.1650655885936858	2
75	10	0.05	-0.2665123713964587	2
76	1	0.05	-4.660990433784199	7
76	2	0.05	-3.5860291754915172	7
76	3	0.05	-0.8919687655963818	7
76	4	0.05	-2.1765885821782356	7
76	5	0.05	-4.661924801472924	7
76	6	0.05	-2.2190334308866344	7
76	8	0.05	-4.755069932214598	7
76	9	0.05	-3.942189083519716	7
76	10	0.05	-4.785222872857137	7
77	1	0.05	-5.093832052629176	8
77	2	0.05	-5.018329744976842	8
77	3	0.05	-1.8153333561122524	8
77	4	0.05	-2.5718216898531447	8
77	5	0.05	-5.101650840893941	8
77	6	0.05	-5.10005122693511	8
77	7	0.05	-5.0990302036368025	8
77	9	0.05	-5.087179118088598	8
77	10	0.05	-4.646781767895889	8
78	1	0.05	1.8728393658675844	6
78	2	0.05	-0.7251660694169504	6
78	3	0.05	-1.4597690947521509	6
78	4	0.05	-0.7660674217002754	6
78	5	0.05	1.044440490725537	6
78	7	0.05	0.8989632634162157	6
78	8	0.05	-1.5670965464008726	6
78	9	0.05	-0.8806280640260838	6
78	10	0.05	1.739814906868842	6
79	1	0.05	-2.0029739176417345	3
79	2	0.05	-1.9541391317229144	3
79	4	0.05	-1.9489583953303127	3
79	5	0.05	2.7430170528546896	3
79	6	0.05	3.2767409373766685	3
79	7	0.05	-1.9590050578846183	3
79	8	0.05	3.9730644618493187	3
79	9	0.05	-1.8641224128583234	3
79	10	0.05	-1.9704003752170272	3
80	1	0.05	-4.611142961621388	10
80	2	0.05	-2.0101683302172013	10
80	3	0.05	-4.509126317085004	10
80	4	0.05	-2.9982355960404976	10
80	5	0.05	2.249164417977629	10
80	6	0.05	-4.5949694666397045	10
80	7	0.05	-4.609208303663554	10
80	8	0.05	-0.3908304559248677	10
80	9	0.05	-4.524617111837052	10
81	2	0.05	-5.258534632777394	1
81	3	0.05	-0.4541374611242787	1
81	4	0.05	-5.229197135854854	1
81	5	0.05	-2.463923180715124	1
81	6	0.05	-5.2924929749935545	1
81	7	0.05	-3.5008632326823332	1
81	8	0.05	-5.323437880606431	1
81	9	0.05	-5.295865211325942	1
81	10	0.05	-5.365068065177157	1
82	1	0.05	-2.6124248532715106	7
82	2	0.05	-4.601269179091084	7
82	3	0.05	-4.139598012192311	7
82	4	0.05	-4.8086115356807175	7
82	5	0.05	-1.1641844999884285	7
82	6	0.05	-2.4590950862422787	7
82	8	0.05	-4.681035552759513	7
82	9	0.05	-4.773611020240187	7
82	10	0.05	-4.833746673669877	7
83	1	0.05	-7.044699627779272	5
83	2	0.05	-6.588776562150292	5
83	3	0.05	-3.164593246877256	5
83	4	0.05	-7.097105489334726	5
83	6	0.05	-7.114836744262969	5
83	7	0.05	-4.070378552494775	5
83	8	0.05	-2.8536312003883992	5
83	9	0.05	-6.701024889108679	5
83	10	0.05	-5.8943683746637925	5
84	1	0.05	-7.569079856478569	5
84	2	0.05	-7.502507769410769	5
84	3	0.05	-7.388002325136117	5
84	4	0.05	-7.63160143390683	5
84	6	0.05	-6.914764460634813	5
84	7	0.05	-7.5670618434026515	5
84	8	0.05	-5.0580117050461375	5
84	9	0.05	-6.605609276937645	5
84	10	0.05	-3.829706377796309	5
85	1	0.05	-0.3884215351707278	3
85	2	0.05	2.2859538690841616	3
85	4	0.05	1.7654773929153023	3
85	5	0.05	-2.165222725598899	3
85	6	0.05	-2.144821398180693	3
85	7	0.05	-2.158115276699642	3
85	8	0.05	4.566720103342762	3
85	9	0.05	-1.6756172701228293	3
85	10	0.05	-1.9805531206019917	3
86	1	0.05	-0.21409505080306954	9
86	2	0.05	1.1669598891833168	9
86	3	0.05	2.001360752469584	9
86	4	0.05	4.880209351971066	9
86	5	0.05	5.331100570726524	9
86	6	0.05	3.478382918704394	9
86	7	0.05	0.3406232604784803	9
86	8	0.05	1.5147026624187652	9
86	10	0.05	4.859431677614648	9
87	1	0.05	-7.6290200760233295	8
87	2	0.05	-5.994391154021699	8
87	3	0.05	-7.4871023263398	8
87	4	0.05	-5.707298154088063	8
87	5	0.05	-7.62103486072127	8
87	6	0.05	-7.6377205944021	8
87	7	0.05	-7.642617677473397	8
87	9	0.05	-7.656024306270466	8
87	10	0.05	-7.568323649902211	8
88	1	0.05	-7.674088296671353	9
88	2	0.05	-7.666696643766484	9
88	3	0.05	-0.3278668150536151	9
88	4	0.05	-7.63034592774614	9
88	5	0.05	-7.695645813384159	9
88	6	0.05	-5.34599759307672	9
88	7	0.05	-7.683708605533493	9
88	8	0.05	-7.7564130797874915	9
88	10	0.05	-7.807722977324129	9
89	1	0.05	-2.5080833458667655	4
89	2	0.05	-1.024768092689474	4
89	3	0.05	-2.364418352988658	4
89	5	0.05	-2.5225367368626497	4
89	6	0.05	1.7330663213124036	4
89	7	0.05	-2.447683585221952	4
89	8	0.05	-2.4087460209985685	4
89	9	0.05	-1.7186504214817726	4
89	10	0.05	2.3628607000736515	4
90	2	0.05	-7.618015714309271	1
90	3	0.05	-6.969239759185015	1
90	4	0.05	-7.6363331267782755	1
90	5	0.05	-7.665915295479405	1
90	6	0.05	-7.740603337752661	1
90	7	0.05	-7.537822596208971	1
90	8	0.05	-7.684091852465962	1
90	9	0.05	-7.66550725089765	1
90	10	0.05	-7.413938463391104	1
91	1	0.05	-6.349124406738318	10
91	2	0.05	-6.3145314723916615	10
91	3	0.05	-6.3004361462187966	10
91	4	0.05	-5.160878540421044	10
91	5	0.05	-5.4977185892289695	10
91	6	0.05	-6.378155932646951	10
91	7	0.05	-6.341856535835332	10
91	8	0.05	-3.2751653237365033	10
91	9	0.05	-6.283808581631869	10
92	2	0.05	-3.6977378897898676	1
92	3	0.05	-4.428835115109917	1
92	4	0.05	-4.438227228289289	1
92	5	0.05	-4.986046997122041	1
92	6	0.05	1.3073049579964857	1
92	7	0.05	-3.4700085629305253	1
92	8	0.05	-5.7342669323203905	1
92	9	0.05	-2.476958729143252	1
92	10	0.05	-5.8105355091776945	1
93	1	0.05	-3.973847738135362	2
93	3	0.05	-2.683379300019087	2
93	4	0.05	1.9576567363904003	2
93	5	0.05	2.5173580513882747	2
93	6	0.05	-3.845126789901596	2
93	7	0.05	-3.1123432115217584	2
93	8	0.05	1.0434228317829353	2
93	9	0.05	1.538046999747695	2
93	10	0.05	0.6021832727880342	2
94	1	0.05	-2.8440402072555884	2
94	3	0.05	-2.458733484556871	2
94	4	0.05	1.152469100879883	2
94	5	0.05	4.283209696104132	2
94	6	0.05	-2.6944671292164695	2
94	7	0.05	-2.509227741869826	2
94	8	0.05	1.5809191474473379	2
94	9	0.05	-2.308100496804883	2
94	10	0.05	1.4103069952213552	2
95	1	0.05	1.3302411716222968	10
95	2	0.05	-0.9424386918571578	10
95	3	0.05	-1.4772958805147571	10
95	4	0.05	-1.5915162852262545	10
95	5	0.05	-0.1311671292573756	10
95	6	0.05	0.2546188103217558	10
95	7	0.05	-1.5390367670730998	10
95	8	0.05	4.821609860621604	10
95	9	0.05	-1.6013460984705032	10
96	1	0.05	-6.835236876342979	5
96	2	0.05	-1.6456272465752748	5
96	3	0.05	-5.102800806456512	5
96	4	0.05	-6.837549810153536	5
96	6	0.05	-6.810781791205226	5
96	7	0.05	-6.806988123213505	5
96	8	0.05	-2.648893425304026	5
96	9	0.05	-6.788227992340012	5
96	10	0.05	-0.2590410101893532	5
97	1	0.05	-1.1362780185893047	6
97	2	0.05	-0.37704939314066505	6
97	3	0.05	-1.0704655616207548	6
97	4	0.05	4.23813465416831	6
97	5	0.05	3.017473694683256	6
97	7	0.05	3.3142918102563486	6
97	8	0.05	1.1088630429139297	6
97	9	0.05	-1.107230564787411	6
97	10	0.05	-1.2080619793343892	6
98	1	0.05	-2.4241935996324533	10
98	2	0.05	-2.378292061419237	10
98	3	0.05	-1.1537339578114947	10
98	4	0.05	-2.2785554640514283	10
98	5	0.05	3.2193755297520292	10
98	6	0.05	2.8549946721393584	10
98	7	0.05	-0.18394919590133552	10
98	8	0.05	4.146190730584963	10
98	9	0.05	-2.400816586842648	10
100	1	0.05	-3.777740441904657	7
100	2	0.05	-3.852939114684059	7
100	3	0.05	-3.7582704531818183	7
100	4	0.05	-3.793828165816263	7
100	5	0.05	-3.7728969770506753	7
100	6	0.05	-0.9978024056118386	7
100	8	0.05	-3.8565412002787407	7
100	9	0.05	-3.7286172040828056	7
100	10	0.05	-3.9132016538388057	7
101	1	0.05	-2.8737596490493234	7
101	2	0.05	-3.214646414526706	7
101	3	0.05	-3.1435177100538563	7
101	4	0.05	-3.175322304836644	7
101	5	0.05	-1.041098969308244	7
101	6	0.05	2.976938935107054	7
101	8	0.05	-3.328869518800387	7
101	9	0.05	-0.622295389345903	7
101	10	0.05	-3.313041875436565	7
102	2	0.05	-7.616902774295931	1
102	3	0.05	-6.75272932130769	1
102	4	0.05	-7.636250498103702	1
102	5	0.05	-7.660920988012722	1
102	6	0.05	-7.735969229696366	1
102	7	0.05	-6.879522527079498	1
102	8	0.05	-7.68283847071545	1
102	9	0.05	-7.6622600802798235	1
102	10	0.05	-7.738346068217217	1
103	1	0.05	-7.633874818923285	8
103	2	0.05	-7.559651151336728	8
103	3	0.05	-7.505158871452012	8
103	4	0.05	-7.513647831565227	8
103	5	0.05	-7.636514009811345	8
103	6	0.05	-7.478827656051824	8
103	7	0.05	-7.617258600481282	8
103	9	0.05	-7.690288180796408	8
103	10	0.05	-6.818034149560338	8
104	1	0.05	0.9683683097531088	8
104	2	0.05	-0.4804701446477838	8
104	3	0.05	-0.43951686140052354	8
104	4	0.05	1.2259773731075831	8
104	5	0.05	3.0552248182661605	8
104	6	0.05	0.6567698477212676	8
104	7	0.05	-0.5527572493185935	8
104	9	0.05	5.551059881646173	8
104	10	0.05	6.740209383499571	8
105	1	0.05	-2.5635180322115954	9
105	2	0.05	-2.5776188316678352	9
105	3	0.05	-0.0719754767295547	9
105	4	0.05	4.787560779644771	9
105	5	0.05	-2.5708110875805437	9
105	6	0.05	-2.55613798069467	9
105	7	0.05	-2.5995805637591456	9
105	8	0.05	1.4593125683682735	9
105	10	0.05	-0.11790565660181422	9
106	1	0.05	1.0911703322792365	5
106	2	0.05	-1.5712168241493811	5
106	3	0.05	4.225212076241598	5
106	4	0.05	-2.0554971446503445	5
106	6	0.05	0.17551759221689578	5
106	7	0.05	1.8097658720176797	5
106	8	0.05	0.16091057604360082	5
106	9	0.05	-1.8685698401045023	5
106	10	0.05	1.6808650375638297	5
107	1	0.05	-5.455494314224854	9
107	2	0.05	-5.427233776698302	9
107	3	0.05	-0.09778006997009932	9
107	4	0.05	-3.4638941565246717	9
107	5	0.05	-5.464653283585664	9
107	6	0.05	-5.474422858646014	9
107	7	0.05	-5.482763155816881	9
107	8	0.05	2.040172693219377	9
107	10	0.05	-5.417044637170552	9
108	1	0.05	0.13976234587886893	9
109	1	0.05	-0.5898387374223861	2
109	3	0.05	2.1940677557397152	2
109	4	0.05	5.218269940573354	2
109	5	0.05	5.023802052840015	2
109	6	0.05	4.612762870586689	2
109	7	0.05	0.796154196050905	2
109	8	0.05	5.025517074777655	2
109	9	0.05	4.684018923760945	2
109	10	0.05	3.990637670641807	2
110	1	0.05	-0.9061899670731572	9
110	2	0.05	-0.9092411758588425	9
110	3	0.05	4.872285808949412	9
110	4	0.05	-0.13899559979963064	9
110	5	0.05	1.707321566138227	9
110	6	0.05	4.568493778955079	9
110	7	0.05	0.3272041495955308	9
110	8	0.05	-1.0463853246424815	9
110	10	0.05	1.5837596078506315	9
111	2	0.05	-7.082766376209634	1
111	3	0.05	-5.386436382529594	1
111	4	0.05	-7.085258399645764	1
111	5	0.05	-2.018799926682072	1
111	6	0.05	-6.904212553482629	1
111	7	0.05	-5.329706350370536	1
111	8	0.05	-5.500482381583391	1
111	9	0.05	-5.2678584945681495	1
111	10	0.05	-5.0655453859813235	1
112	1	0.05	-3.7239745500616173	3
112	2	0.05	-3.6949547190517746	3
112	4	0.05	0.09749098174089411	3
112	5	0.05	-3.831539232870067	3
112	6	0.05	-3.9002710541401937	3
112	7	0.05	-3.6222271034794518	3
112	8	0.05	-3.9113838660003393	3
112	9	0.05	2.509436088801801	3
112	10	0.05	-3.9358289954369443	3
113	1	0.05	-0.9825520544695345	10
113	2	0.05	0.19478622101590592	10
113	3	0.05	0.2912023081822424	10
113	4	0.05	0.18212348487131405	10
113	5	0.05	2.3868897066028865	10
113	6	0.05	-1.0745732883773669	10
113	7	0.05	-1.129049197248111	10
113	8	0.05	5.8768138321842285	10
113	9	0.05	4.063593118988705	10
114	1	0.05	-2.338586594341214	2
114	3	0.05	1.753555679334459	2
114	4	0.05	-1.1436148792716379	2
114	5	0.05	-0.8869654502102267	2
114	6	0.05	-2.3925062168780356	2
114	7	0.05	-0.5288334523809806	2
114	8	0.05	2.977065448160986	2
114	9	0.05	-0.21303709931398335	2
114	10	0.05	-2.4367975858472803	2
115	2	0.05	-6.888284667134182	1
115	3	0.05	-4.265233819158339	1
115	4	0.05	-6.910202374131454	1
115	5	0.05	-6.93325235347702	1
115	6	0.05	-4.929414932878369	1
115	7	0.05	-6.804817961489662	1
115	8	0.05	-6.950008160887709	1
115	9	0.05	-6.9133739234639	1
115	10	0.05	-7.009355415926644	1
116	1	0.05	-2.037373856951137	4
116	2	0.05	-1.9244815301951788	4
116	3	0.05	-0.9349266099909547	4
116	5	0.05	-1.8400799192187283	4
116	6	0.05	3.0956135184301203	4
116	7	0.05	-1.9503633732310266	4
116	8	0.05	-2.052300115260337	4
116	9	0.05	-1.6810733537341587	4
116	10	0.05	3.6621199056539915	4
117	1	0.05	-3.615712983924464	10
117	2	0.05	-3.688761980118609	10
117	3	0.05	-3.539574686727978	10
117	4	0.05	-1.3292360046649534	10
117	5	0.05	-1.5501815607885878	10
117	6	0.05	-3.6235064586179684	10
117	7	0.05	-3.7599958727143257	10
117	8	0.05	2.091368682439472	10
117	9	0.05	-3.5896177638009528	10
118	1	0.05	-7.5605760466603344	8
118	2	0.05	-6.678176453876395	8
118	3	0.05	-7.264916506485486	8
118	4	0.05	-3.1498610077176727	8
118	5	0.05	-7.626477805763894	8
118	6	0.05	-7.628913460638217	8
118	7	0.05	-7.643139447164479	8
118	9	0.05	-7.692254353110619	8
118	10	0.05	-3.767925024328479	8
119	2	0.05	-7.620306449786268	1
119	3	0.05	-7.548045125815368	1
119	4	0.05	-7.639441116341944	1
119	5	0.05	-7.6688585240979315	1
119	6	0.05	-7.745033638645255	1
119	7	0.05	-7.540826780789977	1
119	8	0.05	-7.685745485170655	1
119	9	0.05	-7.671879767234957	1
119	10	0.05	-7.74260634869063	1
120	1	0.05	-5.14963625535895	5
120	2	0.05	-5.069300086446601	5
120	3	0.05	-5.0391651753588915	5
120	4	0.05	-5.3595555564782265	5
120	6	0.05	-5.19978155803856	5
120	7	0.05	-5.259352922184496	5
120	8	0.05	-3.3981634286762032	5
120	9	0.05	-5.17071362657375	5
120	10	0.05	0.6514434076417543	5
121	1	0.05	-6.096813324968043	10
121	2	0.05	-6.02148353948257	10
121	3	0.05	-5.150600242621264	10
121	4	0.05	-5.7857595100661605	10
121	5	0.05	-0.9826067056676469	10
121	6	0.05	-6.09007505406345	10
121	7	0.05	-6.0672327315845935	10
121	8	0.05	-5.577326063908573	10
121	9	0.05	-6.047996534335447	10
122	1	0.05	-0.2227089887442839	7
122	2	0.05	-0.6770352844140023	7
122	3	0.05	2.2322879829163553	7
122	4	0.05	-0.7068780510193263	7
122	5	0.05	-0.6655950898950163	7
122	6	0.05	-0.794751113426785	7
122	8	0.05	-0.7856555606395539	7
122	9	0.05	4.907967046931655	7
122	10	0.05	1.0863480719930856	7
123	1	0.05	0.15933644922565007	9
123	2	0.05	0.7027225118760865	9
123	3	0.05	2.704108647084025	9
123	4	0.05	4.803336537403957	9
123	5	0.05	2.1330983478841747	9
123	6	0.05	2.208460292990741	9
123	7	0.05	0.3357951969260136	9
123	8	0.05	6.666175580500385	9
124	1	0.05	0.7313061484123193	10
124	2	0.05	5.65588810540865	10
124	3	0.05	0.5403970715017035	10
124	4	0.05	5.635389396351737	10
124	5	0.05	6.329926658628878	10
124	6	0.05	5.342485774166999	10
124	7	0.05	5.078351942571343	10
124	8	0.05	7.391253205092271	10
124	9	0.05	6.522076847511279	10
125	1	0.05	-7.898043192949522	4
125	2	0.05	-7.843172307136218	4
125	3	0.05	-7.822096502537561	4
125	5	0.05	-7.907808781148708	4
125	6	0.05	-7.823836987154063	4
125	7	0.05	-7.945157497331574	4
125	8	0.05	-4.696564438034119	4
125	9	0.05	-7.878365011571376	4
125	10	0.05	-4.438005258413526	4
126	1	0.05	2.436532930099455	6
126	2	0.05	0.9311860582577673	6
126	3	0.05	-0.09736000888102184	6
126	4	0.05	3.9243586828051646	6
126	5	0.05	2.280337565750615	6
126	7	0.05	3.178760274689366	6
126	8	0.05	-1.0308785329916677	6
126	9	0.05	2.391783746963944	6
126	10	0.05	4.052713740993668	6
127	1	0.05	-0.5355600501692475	5
127	2	0.05	-0.4702579729368767	5
127	3	0.05	-0.16017867942049127	5
127	4	0.05	-0.5831576883244688	5
127	6	0.05	-0.3600551196854065	5
127	7	0.05	6.604557230747419	5
127	8	0.05	5.519415370716703	5
127	9	0.05	-0.6173750142951088	5
127	10	0.05	3.9420650786530422	5
128	1	0.05	-1.6205936023621337	4
128	2	0.05	-1.5878002215063016	4
128	3	0.05	-1.078130524168907	4
128	5	0.05	-1.562723279780226	4
128	6	0.05	-0.8121704775585223	4
128	7	0.05	-1.6153644009266357	4
128	8	0.05	-1.4246017028695137	4
128	9	0.05	-1.4762475623727038	4
128	10	0.05	2.833415964758756	4
129	1	0.05	-5.27278807872315	3
129	2	0.05	-0.2530719893141366	3
129	4	0.05	-1.0034777058975848	3
129	5	0.05	-5.245833584737572	3
129	6	0.05	-5.300717689638248	3
129	7	0.05	-1.8533626614892538	3
129	8	0.05	-5.348730344581504	3
129	9	0.05	-5.405498188878563	3
129	10	0.05	-5.359894577041933	3
130	1	0.05	0.8152394433082566	3
130	2	0.05	0.000735495439024163	3
130	4	0.05	4.856648182797532	3
130	5	0.05	-0.4701265469442626	3
130	6	0.05	0.4919168513506621	3
130	7	0.05	-0.4351200409646487	3
130	8	0.05	0.39249874008754704	3
130	9	0.05	7.086620859173731	3
130	10	0.05	-0.5309025346739489	3
131	1	0.05	-6.08807404179773	5
131	2	0.05	-6.0463420296030606	5
131	3	0.05	-6.047341688695326	5
131	4	0.05	-6.1809030385070916	5
131	6	0.05	-6.111200315782629	5
131	7	0.05	-5.61523836161869	5
131	8	0.05	-3.7967536580387082	5
131	9	0.05	-6.071411206033647	5
131	10	0.05	-1.7187973630910696	5
132	2	0.05	-7.589537813247186	1
132	3	0.05	-4.171526768148025	1
132	4	0.05	-7.630919973347299	1
132	5	0.05	-7.631580576262318	1
132	6	0.05	-7.687366256930307	1
132	7	0.05	-5.248193198669452	1
132	8	0.05	-7.672561364605001	1
132	9	0.05	-7.654805657969669	1
132	10	0.05	-7.430629433965932	1
133	1	0.05	-7.476265284847885	4
133	2	0.05	-3.3810539988212143	4
133	3	0.05	-6.732120052010087	4
133	5	0.05	-4.867494321869051	4
133	6	0.05	-2.7975275182270583	4
133	7	0.05	-7.453851706445476	4
133	8	0.05	-7.549587358476704	4
133	9	0.05	-7.460065558827767	4
133	10	0.05	-7.515059975226913	4
134	1	0.05	3.1434297826306894	3
134	2	0.05	-2.212775676612756	3
134	4	0.05	1.3798163340367007	3
134	5	0.05	-2.2554276305336955	3
134	6	0.05	-2.3731517845486017	3
134	7	0.05	-0.9338114525313403	3
134	8	0.05	-2.3293904625659954	3
134	9	0.05	-2.2463571807541785	3
134	10	0.05	-2.3672267075125673	3
135	1	0.05	-7.934238911360623	4
135	2	0.05	-7.851498692972637	4
135	3	0.05	-6.774549526358499	4
135	5	0.05	-7.945047561448246	4
135	6	0.05	-7.778686883815263	4
135	7	0.05	-7.943930358970148	4
135	8	0.05	-7.989198547530435	4
135	9	0.05	-7.879194482936831	4
135	10	0.05	-7.656961878232931	4
136	1	0.05	-0.3605159979232297	6
136	2	0.05	-0.25531023854352125	6
136	3	0.05	0.9832511572090341	6
136	4	0.05	6.550723154334413	6
136	5	0.05	0.25654368909365965	6
136	7	0.05	-0.3153501956450263	6
136	8	0.05	6.190668171347878	6
136	9	0.05	2.961384261667091	6
136	10	0.05	3.642708962325176	6
137	1	0.05	-1.9730315108995082	2
137	3	0.05	-1.037650895412776	2
137	4	0.05	2.2520918412739372	2
137	5	0.05	-1.688818790859994	2
137	6	0.05	2.592003204120192	2
137	7	0.05	0.3729753804572964	2
137	8	0.05	2.7146644570665104	2
137	9	0.05	3.176873378932913	2
137	10	0.05	-1.972728768348068	2
138	1	0.05	-1.8494198134311275	2
138	3	0.05	-0.7444809321095165	2
138	4	0.05	1.3564460966646217	2
138	5	0.05	4.772551679980571	2
138	6	0.05	-0.8824883121218203	2
138	7	0.05	-1.8928117942052782	2
138	8	0.05	1.3352311985983016	2
138	9	0.05	-0.08727481159067649	2
138	10	0.05	2.045025973310789	2
139	1	0.05	-7.651920959549262	3
139	2	0.05	-4.585750756596443	3
139	4	0.05	-0.10509818086111247	3
139	5	0.05	-7.692817677011769	3
139	6	0.05	-7.697482706770385	3
139	7	0.05	-7.629726183036349	3
139	8	0.05	-7.696090318913288	3
139	9	0.05	-3.836761642434304	3
139	10	0.05	-7.785131103216267	3
140	1	0.05	-6.345513019054496	5
140	2	0.05	-1.8009546804460237	5
140	3	0.05	-6.302762158415979	5
140	4	0.05	-6.516166069497695	5
140	6	0.05	-5.8715191171900365	5
140	7	0.05	-4.774357332733953	5
140	8	0.05	0.33525820444708565	5
140	9	0.05	-6.267119665259031	5
140	10	0.05	-2.1074959510641884	5
141	1	0.05	-1.9907009503306103	9
141	2	0.05	-2.2270330245267282	9
141	3	0.05	2.754072622667282	9
141	4	0.05	-0.6416216195172959	9
141	5	0.05	-2.1140295144682573	9
141	6	0.05	-2.337900581996019	9
141	7	0.05	2.232858160695151	9
141	8	0.05	-2.292247048478437	9
141	10	0.05	1.480849935228663	9
142	1	0.05	-4.744844603062934	3
142	2	0.05	-7.6586785191364415	3
142	4	0.05	-7.5260197903801584	3
142	5	0.05	-7.707868601564267	3
142	6	0.05	-7.760684009631592	3
142	7	0.05	-7.665968311678459	3
142	8	0.05	-7.784894865687872	3
142	9	0.05	-7.207054519761985	3
142	10	0.05	-7.317048164298748	3
143	1	0.05	-7.265750105716881	3
143	2	0.05	-7.656476708090408	3
143	4	0.05	-4.786705385854719	3
143	5	0.05	-7.685469471568695	3
143	6	0.05	-7.7600362189543155	3
143	7	0.05	-7.629586067383125	3
143	8	0.05	-7.782213576850423	3
143	9	0.05	-7.687879251724061	3
143	10	0.05	-7.804527379925022	3
144	1	0.05	-7.6950450323600865	7
144	2	0.05	-7.670635458683619	7
144	3	0.05	-7.630008015508713	7
144	4	0.05	-7.7461634643295225	7
144	5	0.05	-6.694716938635361	7
144	6	0.05	-7.834453495110573	7
144	8	0.05	-7.780760315985008	7
144	9	0.05	-7.7188023356959965	7
144	10	0.05	-7.781224864664529	7
145	1	0.05	-0.2669775850266577	9
146	1	0.05	-3.483864958329185	7
146	2	0.05	-6.872195510729186	7
146	3	0.05	-7.541607871633133	7
146	4	0.05	-7.652717617233513	7
146	5	0.05	-6.492399200510322	7
146	6	0.05	-4.363373549032282	7
146	8	0.05	-7.705726563320943	7
146	9	0.05	-7.646007095451102	7
146	10	0.05	-7.735894181762139	7
147	1	0.05	-2.8126144880994515	2
147	3	0.05	3.1428440821674033	2
147	4	0.05	-1.3928555703528038	2
147	5	0.05	3.6525655389924587	2
147	6	0.05	0.4208268592066028	2
147	7	0.05	2.244811778389874	2
147	8	0.05	3.8414233158681133	2
147	9	0.05	-1.9515186824785218	2
147	10	0.05	-2.46254409109814	2
149	2	0.05	-7.6217131788983465	1
149	3	0.05	-7.550215129104199	1
149	4	0.05	-7.633186908377474	1
149	5	0.05	-7.669034479414485	1
149	6	0.05	-7.614940424968187	1
149	7	0.05	-7.540126947096648	1
149	8	0.05	-7.6807130683257165	1
149	9	0.05	-6.625195017476699	1
149	10	0.05	-7.7421087498540135	1
150	1	0.05	-3.103888464453692	7
150	2	0.05	-4.522734114336521	7
150	3	0.05	-3.1799327065701775	7
150	4	0.05	-4.308344481301441	7
150	5	0.05	-1.882809139752616	7
150	6	0.05	-4.696196042894392	7
150	8	0.05	-4.108996867006709	7
150	9	0.05	-4.471666599291498	7
150	10	0.05	-4.547521825578282	7
