Img	Target_Label	Epsilon	Objective_Value	Label
1	1	0.05	-5.757368921702352	3
1	2	0.05	-5.686082552294361	3
1	4	0.05	-0.6557998170903043	3
1	5	0.05	-5.8923990258017405	3
1	6	0.05	-3.620070763420017	3
1	7	0.05	-2.6560001646613793	3
1	8	0.05	-5.715886195985314	3
1	9	0.05	-4.52062388808173	3
1	10	0.05	-5.742831404095167	3
2	2	0.05	-7.503436630749124	1
2	3	0.05	-7.010695327260896	1
2	4	0.05	-7.587636351112718	1
2	5	0.05	-7.646379075334883	1
2	6	0.05	-7.264272207453895	1
2	7	0.05	-7.364491426033994	1
2	8	0.05	-7.528409766949272	1
2	9	0.05	-7.319911345962316	1
2	10	0.05	-7.54677321131868	1
3	1	0.05	-7.867467989909923	5
3	2	0.05	-7.882919404832825	5
3	3	0.05	-7.911600892100157	5
3	4	0.05	-7.47766770226031	5
3	6	0.05	-7.948446548833539	5
3	7	0.05	-7.799841925016511	5
3	8	0.05	-7.893392536457091	5
3	9	0.05	-7.947022093504424	5
3	10	0.05	-5.505898298396716	5
4	1	0.05	-2.366328856612115	9
4	2	0.05	-0.11788960008893475	9
4	3	0.05	-0.9037386609501861	9
4	4	0.05	2.321079392987989	9
4	5	0.05	-2.4456564852378246	9
4	6	0.05	-0.350904039616098	9
4	7	0.05	1.5604453037407953	9
4	8	0.05	-2.3310341150186376	9
4	10	0.05	-2.233726165514599	9
5	1	0.05	-7.639756628231475	8
5	2	0.05	-7.477380110849023	8
5	3	0.05	-7.67718494776368	8
5	4	0.05	-7.708775663379007	8
5	5	0.05	-7.7095705804463925	8
5	6	0.05	-7.738573055023977	8
5	7	0.05	-7.616636870565509	8
5	9	0.05	-7.734945139638105	8
5	10	0.05	-7.489455076596815	8
6	1	0.05	-7.745609286015102	7
6	2	0.05	-7.748000233943556	7
6	3	0.05	-7.779078175211411	7
6	4	0.05	-7.829690616276402	7
6	5	0.05	-7.873612146148244	7
6	6	0.05	-7.594568810562931	7
6	8	0.05	-7.806629999510311	7
6	9	0.05	-7.837474436101263	7
6	10	0.05	-7.690646825953236	7
7	2	0.05	-7.614587900296288	1
7	3	0.05	-7.6510134973283215	1
7	4	0.05	-7.695864699064533	1
7	5	0.05	-7.755131295347614	1
7	6	0.05	-7.338852631093333	1
7	7	0.05	-7.487146512280785	1
7	8	0.05	-7.293503994212915	1
7	9	0.05	-7.67534673152054	1
7	10	0.05	-7.519055261534681	1
8	1	0.05	-0.2738446349177936	7
8	2	0.05	-2.389612448538766	7
8	3	0.05	-0.14239007972318218	7
8	4	0.05	-2.5778382936928135	7
8	5	0.05	-2.6406769110477897	7
8	6	0.05	4.672241728844479	7
8	8	0.05	-2.540157501513638	7
8	9	0.05	2.50090147440277	7
8	10	0.05	-2.569405728400592	7
9	1	0.05	-3.3024261185713386	4
9	2	0.05	-3.249245798156849	4
9	3	0.05	-3.3708018203257346	4
9	5	0.05	-3.441690984127545	4
9	6	0.05	4.554884077393665	4
9	7	0.05	-3.1819279661184354	4
9	8	0.05	-3.3075049997947694	4
9	9	0.05	-3.3468670401242684	4
9	10	0.05	-3.332123350668423	4
10	1	0.05	-7.644004321196583	2
10	3	0.05	-5.857806159355764	2
10	4	0.05	-7.697840796228434	2
10	5	0.05	-6.179082548975301	2
10	6	0.05	-6.363308531531664	2
10	7	0.05	-5.21988066865878	2
10	8	0.05	-7.550018580766609	2
10	9	0.05	-7.696254020393063	2
10	10	0.05	-7.618650179653577	2
11	1	0.05	1.4267742662940648	9
12	2	0.05	-7.6050954344856505	1
12	3	0.05	-7.467753118212264	1
12	4	0.05	-7.306445793746092	1
12	5	0.05	-7.744053230144238	1
12	6	0.05	-7.602971195265164	1
12	7	0.05	-7.455948558116496	1
12	8	0.05	-7.6488681288670035	1
12	9	0.05	-7.66081882806939	1
12	10	0.05	-6.774931444034407	1
13	1	0.05	-2.5040721443931315	8
13	2	0.05	-2.562824905806415	8
13	3	0.05	1.2750966581300005	8
13	4	0.05	1.1060007107732561	8
13	5	0.05	-2.7530495307426497	8
13	6	0.05	-1.4271920868131909	8
13	7	0.05	-2.421801440590477	8
13	9	0.05	-2.692069202065986	8
13	10	0.05	2.040798824276027	8
14	1	0.05	-5.119316991558236	10
14	2	0.05	-5.101268555251025	10
14	3	0.05	-5.1943622282261845	10
14	4	0.05	-0.44501715644896145	10
14	5	0.05	-4.961722173875021	10
14	6	0.05	-5.145088427468702	10
14	7	0.05	-5.102672177386772	10
14	8	0.05	-2.4431820462154326	10
14	9	0.05	-4.424516288769975	10
15	1	0.05	-7.3568313399833976	9
15	2	0.05	-7.335715993493461	9
15	3	0.05	-6.345921100328853	9
15	4	0.05	-7.343135829518925	9
15	5	0.05	-7.484730916617282	9
15	6	0.05	-4.3767851247309935	9
15	7	0.05	-7.256293150633575	9
15	8	0.05	-7.380684894509198	9
15	10	0.05	-4.438548147758085	9
16	1	0.05	0.24196681920279808	5
16	2	0.05	-3.9220863965588117	5
16	3	0.05	-3.8601417376648786	5
16	4	0.05	-4.0043404600844115	5
16	6	0.05	-3.957908943088032	5
16	7	0.05	-3.6704168858351425	5
16	8	0.05	-3.8733339532926765	5
16	9	0.05	1.5908084170494319	5
16	10	0.05	-3.289158192186654	5
17	1	0.05	-7.018335218926698	6
17	2	0.05	-7.782271435243786	6
17	3	0.05	-7.844152391110295	6
17	4	0.05	-7.046816498631259	6
17	5	0.05	-6.9611183817014775	6
17	7	0.05	-7.629287050062472	6
17	8	0.05	-7.844621785643119	6
17	9	0.05	-7.863397586908803	6
17	10	0.05	-7.784091209388904	6
18	1	0.05	-2.3282322283560126	4
18	2	0.05	-3.427525409249098	4
18	3	0.05	-5.073396972593205	4
18	5	0.05	-5.125940895045446	4
18	6	0.05	1.7717378086502535	4
18	7	0.05	-4.955263374738456	4
18	8	0.05	-5.0255416359943395	4
18	9	0.05	-5.060904842236851	4
18	10	0.05	-2.529169946688604	4
19	1	0.05	-1.978900546180833	5
19	2	0.05	0.2308122678576985	5
19	3	0.05	-2.1040835035798513	5
19	4	0.05	3.1887578970082617	5
19	6	0.05	-2.031133324682531	5
19	7	0.05	-2.031408574440414	5
19	8	0.05	-1.0420237598331497	5
19	9	0.05	-1.5383008542647532	5
19	10	0.05	5.3807523492932745	5
20	2	0.05	-0.01706624786482137	1
20	3	0.05	1.5340585585697024	1
20	4	0.05	-0.13619584291545148	1
20	5	0.05	0.026077393917167267	1
20	6	0.05	4.8812527845245155	1
20	7	0.05	0.25182926994980975	1
20	8	0.05	0.7412074130311858	1
20	9	0.05	6.472616836381096	1
20	10	0.05	3.268775807979113	1
21	1	0.05	-5.659600535907193	7
21	2	0.05	-6.0261403335800585	7
21	3	0.05	-2.8238810567435877	7
21	4	0.05	-5.876873118623187	7
21	5	0.05	-0.8498492954233223	7
21	6	0.05	-4.975129016536245	7
21	8	0.05	-3.244817984944328	7
21	9	0.05	-4.516994617764118	7
21	10	0.05	-6.046921931327902	7
22	1	0.05	-6.444937888997113	7
22	2	0.05	-6.461318731321912	7
22	3	0.05	-5.467367151561003	7
22	4	0.05	-5.441824136910075	7
22	5	0.05	-0.40292239888101034	7
22	6	0.05	-3.4715650231918374	7
22	8	0.05	-3.5495151472601454	7
22	9	0.05	-3.919884549036419	7
22	10	0.05	-6.274564699207083	7
23	1	0.05	-5.478052480949558	4
23	2	0.05	-0.059941917898214556	4
23	3	0.05	-0.35991446766740637	4
23	5	0.05	-5.634939958092174	4
23	6	0.05	2.0741784198851296	4
23	7	0.05	-5.409360726886067	4
23	8	0.05	-5.477296060501516	4
23	9	0.05	-5.5378456391766555	4
23	10	0.05	-5.5824457186856655	4
24	2	0.05	-5.649398656731071	1
24	3	0.05	0.11571081869119973	1
24	4	0.05	-5.737755283476555	1
24	5	0.05	-5.803324747479335	1
24	6	0.05	-2.373011729011243	1
24	7	0.05	-5.209568927506723	1
24	8	0.05	-5.4904430128579405	1
24	9	0.05	-5.54993350174974	1
24	10	0.05	-5.678997247759569	1
25	1	0.05	-3.920734158416675	3
25	2	0.05	-3.3343392073108102	3
25	4	0.05	1.083079486968634	3
25	5	0.05	-5.148730401723478	3
25	6	0.05	-4.336759589711572	3
25	7	0.05	-4.741061327773152	3
25	8	0.05	-5.0168833768819745	3
25	9	0.05	-4.457127295304565	3
25	10	0.05	-5.039877740218938	3
26	1	0.05	-7.718266431740331	4
26	2	0.05	-7.662548031597697	4
26	3	0.05	-6.799117024201717	4
26	5	0.05	-7.858427886279436	4
26	6	0.05	-7.511772109653372	4
26	7	0.05	-7.654329061824794	4
26	8	0.05	-7.707653127681113	4
26	9	0.05	-7.723834012626549	4
26	10	0.05	-7.731119946561262	4
27	1	0.05	-1.339489236488155	7
27	2	0.05	3.8256778493407437	7
27	3	0.05	2.3699733012205098	7
27	4	0.05	1.8643998406571385	7
27	5	0.05	3.507188263772284	7
27	6	0.05	4.568075652981407	7
27	8	0.05	-1.3302071904136414	7
27	9	0.05	2.2969870524844147	7
27	10	0.05	-1.3516111627658016	7
28	1	0.05	-7.661040007992873	7
28	2	0.05	-7.622227050823668	7
28	3	0.05	-7.104566692149968	7
28	4	0.05	-7.689910943410047	7
28	5	0.05	-4.367217522579196	7
28	6	0.05	-6.101455602079474	7
28	8	0.05	-7.780622775627737	7
28	9	0.05	-7.811552244123988	7
28	10	0.05	-5.749864212385999	7
29	1	0.05	-7.625054370757833	8
29	2	0.05	-7.5958425835656564	8
29	3	0.05	-4.284744237798436	8
29	4	0.05	-7.1308942030724	8
29	5	0.05	-7.7064831807972665	8
29	6	0.05	-7.709101192664081	8
29	7	0.05	-7.503227482354206	8
29	9	0.05	-4.912307915970173	8
29	10	0.05	-7.485513505118689	8
30	1	0.05	-5.693880969736797	5
30	2	0.05	-5.674111447459238	5
30	3	0.05	-5.48182810894108	5
30	4	0.05	-5.772141718121665	5
30	6	0.05	-3.8474742392177794	5
30	7	0.05	-4.242047458918171	5
30	8	0.05	-3.811735360303528	5
30	9	0.05	-5.810424090896415	5
30	10	0.05	-3.2076590354574024	5
32	1	0.05	-7.718400768106294	4
32	2	0.05	-7.6647688409715675	4
32	3	0.05	-7.735262587271884	4
32	5	0.05	-7.8491731818234225	4
32	6	0.05	-6.65766960886432	4
32	7	0.05	-7.667420943900013	4
32	8	0.05	-7.70896728720043	4
32	9	0.05	-7.7305027207766805	4
32	10	0.05	-7.629343934665487	4
33	1	0.05	-1.9029996875377542	9
33	2	0.05	-1.8757572319541267	9
33	3	0.05	-1.6582590154258476	9
33	4	0.05	-0.16686235325820414	9
33	5	0.05	-2.025846113307555	9
33	6	0.05	-1.837363832963463	9
33	7	0.05	-1.7888071115989808	9
33	8	0.05	-1.9309052936361555	9
33	10	0.05	-0.3278322397492426	9
35	1	0.05	-7.825016645610108	6
35	2	0.05	-7.801876434865588	6
35	3	0.05	-7.863649650795859	6
35	4	0.05	-3.1123937621819335	6
35	5	0.05	-7.947682811837929	6
35	7	0.05	-7.643538321327389	6
35	8	0.05	-7.862882787930238	6
35	9	0.05	-7.445327270440664	6
35	10	0.05	-4.189751574865588	6
36	1	0.05	-7.722557656324661	5
36	2	0.05	-7.750453067536006	5
36	3	0.05	-7.776614070458494	5
36	4	0.05	-7.82026116437915	5
36	6	0.05	-7.816394228401409	5
36	7	0.05	-6.61356942553891	5
36	8	0.05	-7.776320688799245	5
36	9	0.05	-2.8032043361533656	5
36	10	0.05	-5.567788296737097	5
37	1	0.05	-2.5653673106764265	3
37	2	0.05	-2.5167703146416565	3
37	4	0.05	4.347397946119366	3
37	5	0.05	-2.7066658014154648	3
37	6	0.05	-2.6511321722930985	3
37	7	0.05	-2.4952155039526285	3
37	8	0.05	-2.5656212068181743	3
37	9	0.05	-2.432990859963813	3
37	10	0.05	-2.5662076151529374	3
38	1	0.05	-7.8102667655236875	6
38	2	0.05	-7.781320071507489	6
38	3	0.05	-7.011139654934585	6
38	4	0.05	-5.0127124532028455	6
38	5	0.05	-7.9373902719161835	6
38	7	0.05	-7.638957404792952	6
38	8	0.05	-7.840241689367726	6
38	9	0.05	-7.3461195251047355	6
38	10	0.05	-7.851756833958387	6
39	1	0.05	-2.0516194721890155	6
39	2	0.05	-1.9406952415609748	6
39	3	0.05	-1.1278338476884109	6
39	4	0.05	0.5890586425812907	6
39	5	0.05	-0.506332760469597	6
39	7	0.05	-0.8377010104193556	6
39	8	0.05	-2.02858635443239	6
39	9	0.05	-0.6078160166208112	6
39	10	0.05	1.5622415503712583	6
40	1	0.05	-2.0123027016043413	9
40	2	0.05	0.3225764949407215	9
40	3	0.05	-1.9482339862187752	9
40	4	0.05	4.04857982404371	9
40	5	0.05	-2.229480632055243	9
40	6	0.05	0.36040815886571986	9
40	7	0.05	-2.0726290867323347	9
40	8	0.05	-1.6215085228710489	9
40	10	0.05	-1.9878338738366144	9
41	1	0.05	-7.833940542153407	6
41	2	0.05	-7.813866899792721	6
41	3	0.05	-7.874798833151825	6
41	4	0.05	-6.552533044358623	6
41	5	0.05	-7.953968876438935	6
41	7	0.05	-7.711287878129582	6
41	8	0.05	-7.87069467982069	6
41	9	0.05	-7.87337378486372	6
41	10	0.05	-6.125496792625994	6
42	1	0.05	-7.197704728102064	3
42	2	0.05	-6.6700961446159965	3
42	4	0.05	-2.9456451724620347	3
42	5	0.05	-7.351808098493227	3
42	6	0.05	-7.209703825027279	3
42	7	0.05	-6.900810769227627	3
42	8	0.05	-7.204456299995859	3
42	9	0.05	-7.132682634109197	3
42	10	0.05	-6.375055731702175	3
43	1	0.05	0.029620229523322748	10
43	2	0.05	-1.2226555844237386	10
43	3	0.05	0.1277553139389007	10
43	4	0.05	-0.1165228153392884	10
43	5	0.05	6.63587786736302	10
43	6	0.05	-1.2319843474970855	10
43	7	0.05	-1.1246438308233826	10
43	8	0.05	-1.1886373258253446	10
43	9	0.05	-0.20300484287127668	10
44	1	0.05	-7.59386369549466	3
44	2	0.05	-7.619365191956271	3
44	4	0.05	-7.517832137155649	3
44	5	0.05	-5.963141310246922	3
44	6	0.05	-7.683170767330956	3
44	7	0.05	-5.762321682363871	3
44	8	0.05	-7.663741032257351	3
44	9	0.05	-7.6979355074055436	3
44	10	0.05	-7.075053301325807	3
45	1	0.05	-2.553620743147913	5
45	2	0.05	-2.500242016409087	5
45	3	0.05	-2.532563809525724	5
45	4	0.05	-2.6461973994587003	5
45	6	0.05	-2.3842900459846486	5
45	7	0.05	-2.0378619060899568	5
45	8	0.05	-1.9869025587779172	5
45	9	0.05	-0.5081810661614654	5
45	10	0.05	1.4047343488980641	5
46	1	0.05	-7.480851422248764	3
46	2	0.05	-7.4567066870800245	3
46	4	0.05	-7.417244954528048	3
46	5	0.05	-7.82805125222293	3
46	6	0.05	-7.679985854931398	3
46	7	0.05	-7.440605292409878	3
46	8	0.05	-7.678673965567007	3
46	9	0.05	-7.1743849025326325	3
46	10	0.05	-7.680988596806068	3
47	1	0.05	-0.783764120491533	8
47	2	0.05	-0.43302690343256145	8
47	3	0.05	0.02453315970286801	8
47	4	0.05	6.509315927271187	8
47	5	0.05	-0.7128401388242566	8
47	6	0.05	1.8982171969917512	8
47	7	0.05	-0.06311478589001779	8
47	9	0.05	4.761813290688223	8
47	10	0.05	5.034345045933706	8
48	2	0.05	-7.61304372528524	1
48	3	0.05	-7.6479887298580715	1
48	4	0.05	-7.695220849693038	1
48	5	0.05	-7.755091732792989	1
48	6	0.05	-7.6073907449590275	1
48	7	0.05	-7.481338391866566	1
48	8	0.05	-7.621083955185614	1
48	9	0.05	-6.784923110044177	1
48	10	0.05	-5.294043252737098	1
49	1	0.05	-7.794869831016234	6
49	2	0.05	-7.695781297950775	6
49	3	0.05	-7.846102098091412	6
49	4	0.05	-3.2109786586872735	6
49	5	0.05	-7.906653381955194	6
49	7	0.05	-7.703834232602013	6
49	8	0.05	-7.675158463887838	6
49	9	0.05	-7.255667436023708	6
49	10	0.05	-7.071651385013937	6
50	1	0.05	-7.639772826688866	2
50	3	0.05	-6.667446819222886	2
50	4	0.05	-7.434176757322084	2
50	5	0.05	-7.629399210407983	2
50	6	0.05	-7.2049887595107664	2
50	7	0.05	-4.600907740811788	2
50	8	0.05	-7.503828726912101	2
50	9	0.05	-5.252665439020029	2
50	10	0.05	-7.611897663290313	2
51	2	0.05	-7.600750837250774	1
51	3	0.05	-5.468517235475579	1
51	4	0.05	-7.687084617391127	1
51	5	0.05	-7.744805137888396	1
51	6	0.05	-7.226047080379781	1
51	7	0.05	-7.416012279854743	1
51	8	0.05	-7.5198866871895245	1
51	9	0.05	-7.654569961922105	1
51	10	0.05	-7.446694108386649	1
52	1	0.05	-5.843717477167229	8
52	2	0.05	-3.4942033415337015	8
52	3	0.05	-4.501090826949132	8
52	4	0.05	-0.26785114777355146	8
52	5	0.05	-5.9143448843247235	8
52	6	0.05	-5.920055812317486	8
52	7	0.05	-5.855334443864103	8
52	9	0.05	-5.9638688653721115	8
52	10	0.05	-3.240774338200138	8
53	1	0.05	-3.827098463641859	10
53	2	0.05	-3.8376375583779065	10
53	3	0.05	-3.875353414738066	10
53	4	0.05	-3.705375861859514	10
53	5	0.05	2.386190215500612	10
53	6	0.05	-1.5951993376431735	10
53	7	0.05	-3.793278737009395	10
53	8	0.05	-2.005353907482312	10
53	9	0.05	-2.5809964250576614	10
54	1	0.05	-2.3870268936460945	10
54	2	0.05	-3.0334368507854235	10
54	3	0.05	-2.51847343950611	10
54	4	0.05	-3.159420612479122	10
54	5	0.05	2.1936055761272217	10
54	6	0.05	-2.798466746008493	10
54	7	0.05	-1.4692952668995423	10
54	8	0.05	-2.9205187689031034	10
54	9	0.05	-2.969119254497196	10
55	1	0.05	-2.7692042550459672	10
55	2	0.05	-2.8174200188248877	10
55	3	0.05	-2.7782057118223484	10
55	4	0.05	-2.8585446717921785	10
55	5	0.05	3.277038022393865	10
55	6	0.05	-2.545821535992784	10
55	7	0.05	-2.7471001565329107	10
55	8	0.05	-2.6236046648843336	10
55	9	0.05	-2.026882208089302	10
56	1	0.05	-7.7398942298923945	7
56	2	0.05	-7.7450462611366175	7
56	3	0.05	-7.772418011313935	7
56	4	0.05	-7.8250006503059195	7
56	5	0.05	-6.819991683149199	7
56	6	0.05	-7.83754232675004	7
56	8	0.05	-7.796192888182512	7
56	9	0.05	-7.839551214367835	7
56	10	0.05	-7.6523167806065215	7
57	1	0.05	-6.471411281016132	6
57	2	0.05	-6.457605696123813	6
57	3	0.05	-6.503337185231244	6
57	4	0.05	-2.453837305463834	6
57	5	0.05	-6.558558566248295	6
57	7	0.05	-6.3634521726863955	6
57	8	0.05	-6.499564563004763	6
57	9	0.05	-6.498704869837768	6
57	10	0.05	-0.4122052658481599	6
58	1	0.05	-7.036063923068943	9
58	2	0.05	-7.1042760501055415	9
58	3	0.05	-7.148790301087004	9
58	4	0.05	-4.084668819041285	9
58	5	0.05	-7.252003857705299	9
58	6	0.05	-6.960862457838329	9
58	7	0.05	-7.037987630529611	9
58	8	0.05	-7.1760450440330965	9
58	10	0.05	-3.541655880123978	9
59	1	0.05	-7.602743117279522	9
59	2	0.05	-7.61155267965872	9
59	3	0.05	-7.658664351941598	9
59	4	0.05	-7.704217237566526	9
59	5	0.05	-7.168630015775765	9
59	6	0.05	-5.40276667424348	9
59	7	0.05	-6.329583964301663	9
59	8	0.05	-7.681771355667522	9
59	10	0.05	-7.227655652279358	9
60	1	0.05	-6.91886781944308	7
60	2	0.05	-7.7172578932747	7
60	3	0.05	-4.02600400594954	7
60	4	0.05	-7.801070047230433	7
60	5	0.05	-6.765495120319852	7
60	6	0.05	-7.764635057814132	7
60	8	0.05	-7.768781473405594	7
60	9	0.05	-7.803800764724201	7
60	10	0.05	-7.540524836884972	7
61	1	0.05	-4.3173340378419205	10
61	2	0.05	-4.183295664353414	10
61	3	0.05	-4.23778073590437	10
61	4	0.05	-2.8889319250066516	10
61	5	0.05	-4.2543831335609585	10
61	6	0.05	-2.7988444797116063	10
61	7	0.05	-4.191691893757117	10
61	8	0.05	-1.9684282229012409	10
61	9	0.05	-4.230135588334225	10
62	1	0.05	-1.7629688090228268	10
62	2	0.05	-4.7400451609582746	10
62	3	0.05	-4.778461124841596	10
62	4	0.05	-4.866135382631793	10
62	5	0.05	-2.292005867420212	10
62	6	0.05	-4.796372618753731	10
62	7	0.05	-4.671931123199745	10
62	8	0.05	-4.751984831535763	10
62	9	0.05	-4.237218716669978	10
63	1	0.05	-5.282395774585341	6
63	2	0.05	-7.32408936573483	6
63	3	0.05	-7.79842092860702	6
63	4	0.05	-7.66620537109146	6
63	5	0.05	-6.813498640760024	6
63	7	0.05	-7.613052400953254	6
63	8	0.05	-7.410510496835777	6
63	9	0.05	-4.188171034411862	6
63	10	0.05	-6.165376129880876	6
64	1	0.05	-6.097167524656859	5
64	2	0.05	-5.658946307427879	5
64	3	0.05	-6.090053285369911	5
64	4	0.05	-5.999093177943339	5
64	6	0.05	-6.134217226368106	5
64	7	0.05	-2.583900109237793	5
64	8	0.05	-1.1668227724687767	5
64	9	0.05	-6.161017320409757	5
64	10	0.05	-3.705946044005449	5
65	1	0.05	-5.130087684935803	3
65	2	0.05	-4.987148953306905	3
65	4	0.05	-0.07194710877026612	3
65	5	0.05	-5.381831258613748	3
65	6	0.05	-5.261207123427903	3
65	7	0.05	-5.074565544432259	3
65	8	0.05	-3.442599311112452	3
65	9	0.05	-5.113880220791846	3
65	10	0.05	-5.088034543242643	3
66	1	0.05	-7.740552185257047	7
66	2	0.05	-7.749899385989352	7
66	3	0.05	-7.587200895318772	7
66	4	0.05	-7.829127175822038	7
66	5	0.05	-7.684456109740573	7
66	6	0.05	-3.560217668880169	7
66	8	0.05	-7.800063408916464	7
66	9	0.05	-7.845572180218552	7
66	10	0.05	-7.514171152361226	7
67	1	0.05	-0.5597868978118473	9
67	2	0.05	-4.232264342111163	9
67	3	0.05	-4.239880322365987	9
67	4	0.05	1.768734854926407	9
67	5	0.05	-4.399405215869379	9
67	6	0.05	-4.189334623577336	9
67	7	0.05	-3.479667478155717	9
67	8	0.05	-4.257652747353719	9
67	10	0.05	-3.3773344412884594	9
68	1	0.05	-7.2735307483205	2
68	3	0.05	-1.037668537545628	2
68	4	0.05	0.32985541110307737	2
68	5	0.05	-3.418196606483429	2
68	6	0.05	-2.685687233995757	2
68	7	0.05	-4.773821769708006	2
68	8	0.05	-5.547515262811063	2
68	9	0.05	-6.199482846125523	2
68	10	0.05	-6.187898702272722	2
69	2	0.05	-7.614507123657538	1
69	3	0.05	-7.644015927294076	1
69	4	0.05	-7.6958253398809635	1
69	5	0.05	-7.7263514451629876	1
69	6	0.05	-7.622991201331731	1
69	7	0.05	-7.4149582126782585	1
69	8	0.05	-7.625025481128223	1
69	9	0.05	-7.6813810579313015	1
69	10	0.05	-7.389347022933065	1
70	1	0.05	-7.729088179019744	7
70	2	0.05	-7.727421549157438	7
70	3	0.05	-7.762242996183884	7
70	4	0.05	-7.703019378862343	7
70	5	0.05	-1.90468652307216	7
70	6	0.05	-3.6304756698430234	7
70	8	0.05	-7.784829848356648	7
70	9	0.05	-7.820093609546503	7
70	10	0.05	-7.711048586994941	7
71	1	0.05	-1.3160251101301126	10
71	2	0.05	-1.304320814058491	10
71	3	0.05	-1.508584588231595	10
71	4	0.05	3.4652897418204684	10
71	5	0.05	-0.862214465597192	10
71	6	0.05	5.167218484512168	10
71	7	0.05	-1.6195038551527496	10
71	8	0.05	-0.294241968193197	10
71	9	0.05	-2.0024379336806204	10
72	1	0.05	-3.721746069814714	6
72	2	0.05	-7.753206600967736	6
72	3	0.05	-7.769251603996996	6
72	4	0.05	-3.7428668251304185	6
72	5	0.05	-7.869168658551364	6
72	7	0.05	-7.646570998996503	6
72	8	0.05	-7.792772505220021	6
72	9	0.05	-5.901564701807094	6
72	10	0.05	-1.007015282185335	6
73	1	0.05	-7.789185558164055	6
73	2	0.05	-7.776976209823494	6
73	3	0.05	-7.770518360642885	6
73	4	0.05	-4.814325639816086	6
73	5	0.05	-7.926522630981993	6
73	7	0.05	-5.145526263128214	6
73	8	0.05	-7.835852433859403	6
73	9	0.05	-7.835276206807571	6
73	10	0.05	-6.363706271020938	6
74	1	0.05	-7.856358490798845	5
74	2	0.05	-7.872794628496683	5
74	3	0.05	-7.902715679701172	5
74	4	0.05	-7.948655197212835	5
74	6	0.05	-7.936800356856565	5
74	7	0.05	-7.037127506281215	5
74	8	0.05	-6.1371402770446375	5
74	9	0.05	-7.945341907048665	5
74	10	0.05	-6.018759069619197	5
75	1	0.05	-6.0640137635196085	2
75	3	0.05	-3.592938370058303	2
75	4	0.05	-2.0604227299446465	2
75	5	0.05	-4.862018679774884	2
75	6	0.05	-5.734855266767018	2
75	7	0.05	-3.540822899075426	2
75	8	0.05	-5.845774023612054	2
75	9	0.05	-5.257776006016776	2
75	10	0.05	-5.92101935727056	2
76	1	0.05	-7.571747425839684	7
76	2	0.05	-6.037010307935292	7
76	3	0.05	-6.692334557197373	7
76	4	0.05	-6.536642517632744	7
76	5	0.05	-7.481874552861373	7
76	6	0.05	-7.625695244166888	7
76	8	0.05	-7.606982653020387	7
76	9	0.05	-7.217255423349605	7
76	10	0.05	-7.576197122327958	7
77	1	0.05	-5.111466220346308	8
77	2	0.05	-5.053349730710492	8
77	3	0.05	-4.237366209144814	8
77	4	0.05	-0.2639611412865895	8
77	5	0.05	-5.224065627990785	8
77	6	0.05	-5.1065728249578815	8
77	7	0.05	-5.116295926966093	8
77	9	0.05	-5.028836939489165	8
77	10	0.05	-3.0298103285622813	8
78	1	0.05	-5.138576385249704	6
78	2	0.05	-7.348470372159809	6
78	3	0.05	-7.409409199060897	6
78	4	0.05	-6.476251799348869	6
78	5	0.05	-7.4878482939696385	6
78	7	0.05	-7.224017317040618	6
78	8	0.05	-7.405756582300983	6
78	9	0.05	-7.41345049767049	6
78	10	0.05	-7.112686263411612	6
79	1	0.05	-4.120345446765639	3
79	2	0.05	-4.167564437187613	3
79	4	0.05	-4.00777357401984	3
79	5	0.05	-3.082006836478385	3
79	6	0.05	-3.3949240979720576	3
79	7	0.05	-3.842745383645339	3
79	8	0.05	-0.020875668458387904	3
79	9	0.05	-4.309101321189398	3
79	10	0.05	-4.148511074252955	3
80	1	0.05	-4.937819196185928	10
80	2	0.05	-4.827078720474141	10
80	3	0.05	-5.0483643712677	10
80	4	0.05	-1.6310735900204303	10
80	5	0.05	1.6474936492286916	10
80	6	0.05	-4.940384196036483	10
80	7	0.05	-4.969029747415751	10
80	8	0.05	-2.059190199826066	10
80	9	0.05	-4.601716219390109	10
81	2	0.05	-2.052244924361772	1
81	3	0.05	1.823775972751742	1
81	4	0.05	-2.407700810385226	1
81	5	0.05	-0.2731617189717812	1
81	6	0.05	-2.3411706873268923	1
81	7	0.05	4.651154666103697	1
81	8	0.05	-2.4020769729771048	1
81	9	0.05	-1.754111906180737	1
81	10	0.05	-2.4005757390553337	1
82	1	0.05	-5.897927863098875	7
82	2	0.05	-7.743732337327131	7
82	3	0.05	-6.946610638221167	7
82	4	0.05	-7.823051951463443	7
82	5	0.05	-1.7592630381571372	7
82	6	0.05	-6.889816838295639	7
82	8	0.05	-7.7972524721457654	7
82	9	0.05	-7.8261878568286845	7
82	10	0.05	-7.712485634480524	7
83	1	0.05	-7.497122254105013	5
83	2	0.05	-7.4757196358418945	5
83	3	0.05	-2.378924480113167	5
83	4	0.05	-7.554922027637845	5
83	6	0.05	-4.256443515354064	5
83	7	0.05	-4.784680552773881	5
83	8	0.05	-6.739906596734584	5
83	9	0.05	-6.306823597625848	5
83	10	0.05	-6.224034762466435	5
84	1	0.05	-7.833764586877613	5
84	2	0.05	-7.846959068928443	5
84	3	0.05	-7.877754407635161	5
84	4	0.05	-7.904476587460553	5
84	6	0.05	-7.910228898547722	5
84	7	0.05	-7.7687618508418534	5
84	8	0.05	-7.870117879420227	5
84	9	0.05	-7.9091342792104165	5
84	10	0.05	-2.0729378974292354	5
85	1	0.05	1.0355744202799226	3
85	2	0.05	-1.2208588299312193	3
85	4	0.05	0.762392150355759	3
85	5	0.05	-1.75482985097781	3
85	6	0.05	-1.7110760659112796	3
85	7	0.05	-1.565840700812486	3
85	8	0.05	5.180990676325548	3
85	9	0.05	1.1719752316517948	3
85	10	0.05	-0.8837016045471214	3
86	1	0.05	0.8247231481644693	9
86	2	0.05	0.40444869448988047	9
86	3	0.05	-0.8039606610217911	9
86	4	0.05	3.5877497872642454	9
86	5	0.05	4.548722738737882	9
86	6	0.05	4.350954474994525	9
86	7	0.05	2.208201418236765	9
86	8	0.05	-0.6449298988785097	9
86	10	0.05	2.5484935943028524	9
87	1	0.05	-7.632096380504789	8
87	2	0.05	-3.761592601475437	8
87	3	0.05	-7.664982455089032	8
87	4	0.05	-5.414945227612033	8
87	5	0.05	-7.623421489981557	8
87	6	0.05	-7.720876581643647	8
87	7	0.05	-7.587971419898836	8
87	9	0.05	-7.441563241870778	8
87	10	0.05	-7.470693948306524	8
88	1	0.05	-7.1681064106844055	9
88	2	0.05	-7.6710879501367595	9
88	3	0.05	-1.3688263240681788	9
88	4	0.05	-5.213040813837416	9
88	5	0.05	-7.857855657777559	9
88	6	0.05	-6.448692378140381	9
88	7	0.05	-7.042392668352773	9
88	8	0.05	-7.7312527630527095	9
88	10	0.05	-7.748435006244852	9
89	1	0.05	-7.300106949171382	4
89	2	0.05	-7.253524495124546	4
89	3	0.05	-7.306626475015997	4
89	5	0.05	-7.433342275343849	4
89	6	0.05	-3.601786503541393	4
89	7	0.05	-7.204997086915441	4
89	8	0.05	-7.306183781396785	4
89	9	0.05	-7.306469687462421	4
89	10	0.05	-1.9886646726267112	4
90	2	0.05	-7.610190173390867	1
90	3	0.05	-6.719634690458373	1
90	4	0.05	-7.6932205997742615	1
90	5	0.05	-7.752316003899802	1
90	6	0.05	-7.337805441006275	1
90	7	0.05	-5.767654194915383	1
90	8	0.05	-7.533876096548608	1
90	9	0.05	-7.659745034252629	1
90	10	0.05	-7.529351277095584	1
91	1	0.05	-6.5348352134731575	10
91	2	0.05	-6.558113237515406	10
91	3	0.05	-6.584927253514716	10
91	4	0.05	-5.063289324424236	10
91	5	0.05	-4.312845200258881	10
91	6	0.05	-4.936531724124743	10
91	7	0.05	-6.488126253602803	10
91	8	0.05	-6.0055831640805195	10
91	9	0.05	-6.322754909757221	10
92	2	0.05	-6.536468913927508	1
92	3	0.05	-0.5891584780508982	1
92	4	0.05	-6.6255882422971055	1
92	5	0.05	-6.69494278099005	1
92	6	0.05	0.8720600458939355	1
92	7	0.05	-5.412859907263827	1
92	8	0.05	-4.515090948930992	1
92	9	0.05	-4.7593273163063	1
92	10	0.05	-6.58489994438463	1
93	1	0.05	-7.497284279362947	2
93	3	0.05	-7.522316925746937	2
93	4	0.05	-1.988487739681358	2
93	5	0.05	-3.1070043348760654	2
93	6	0.05	-7.465881730270262	2
93	7	0.05	-7.287851084824095	2
93	8	0.05	-7.231664048540456	2
93	9	0.05	-5.296977173159374	2
93	10	0.05	-5.525818868607325	2
94	1	0.05	-5.886270349116755	2
94	3	0.05	-4.642674509524964	2
94	4	0.05	-0.19635620253102623	2
94	5	0.05	-2.9974023199465623	2
94	6	0.05	-4.444130005720098	2
94	7	0.05	-4.0045398172072595	2
94	8	0.05	-4.10218041503452	2
94	9	0.05	-3.1938359786864514	2
94	10	0.05	-3.906139311010573	2
95	1	0.05	-4.567854573050057	10
95	2	0.05	-4.6357995082661505	10
95	3	0.05	-4.638921464113251	10
95	4	0.05	-2.719388777668017	10
95	5	0.05	-4.680012369136344	10
95	6	0.05	0.9907549974998516	10
95	7	0.05	-4.583733486211657	10
95	8	0.05	-1.897366936428885	10
95	9	0.05	-4.66356947119765	10
96	1	0.05	-6.587858628549697	5
96	2	0.05	-6.3723856242117245	5
96	3	0.05	-6.628781230747531	5
96	4	0.05	-3.7194745374225424	5
96	6	0.05	-6.6593960479828445	5
96	7	0.05	-6.526187088829473	5
96	8	0.05	-5.3553338864704205	5
96	9	0.05	-6.659880449296323	5
96	10	0.05	0.03378820595930971	5
97	1	0.05	-6.428090735340186	6
97	2	0.05	-6.399708742980869	6
97	3	0.05	-6.464858157775986	6
97	4	0.05	0.43213352889097983	6
97	5	0.05	-6.541310233759282	6
97	7	0.05	-4.63821313154443	6
97	8	0.05	-6.481887194750377	6
97	9	0.05	-5.230377094682602	6
97	10	0.05	-6.460965633726626	6
98	1	0.05	-1.261681105618017	10
98	2	0.05	-1.28070842633834	10
98	3	0.05	-0.7004412642531741	10
98	4	0.05	-0.8282656247243526	10
98	5	0.05	3.9436958681510346	10
98	6	0.05	1.5997656870378334	10
98	7	0.05	-1.21771564076752	10
98	8	0.05	0.7220288778570668	10
98	9	0.05	-0.9999276147790503	10
100	1	0.05	-7.730509836122935	7
100	2	0.05	-7.733226895840499	7
100	3	0.05	-3.4721001773585587	7
100	4	0.05	-7.814956105107082	7
100	5	0.05	-7.781445033610106	7
100	6	0.05	-6.330994398373591	7
100	8	0.05	-7.7836765121181335	7
100	9	0.05	-7.8214075128581655	7
100	10	0.05	-7.198675506024585	7
101	1	0.05	-0.801570673821978	7
101	2	0.05	-1.32867492976965	7
101	3	0.05	-0.8701220025699571	7
101	4	0.05	-1.493361135934825	7
101	5	0.05	-1.8546010843621235	7
101	6	0.05	4.1195134453879305	7
101	8	0.05	-1.7169885217217198	7
101	9	0.05	0.48350899305710815	7
101	10	0.05	-1.0980030363248219	7
102	2	0.05	-7.291144737771046	1
102	3	0.05	-3.944300107840222	1
102	4	0.05	-7.384080795360188	1
102	5	0.05	-7.461081752509191	1
102	6	0.05	-7.31192139895294	1
102	7	0.05	-5.873330107194942	1
102	8	0.05	-7.33878288864182	1
102	9	0.05	-7.292231149036747	1
102	10	0.05	-7.343521747224158	1
103	1	0.05	-6.8599980762870105	8
103	2	0.05	-6.846282427222834	8
103	3	0.05	-6.89630795815467	8
103	4	0.05	-6.933575243598182	8
103	5	0.05	-6.91795876808882	8
103	6	0.05	-3.102049537165399	8
103	7	0.05	-4.108063623133475	8
103	9	0.05	-3.5186688085899704	8
103	10	0.05	-3.4617755524341587	8
104	1	0.05	2.463242133072884	8
104	2	0.05	0.03508593726861019	8
104	3	0.05	-0.009987557281243198	8
104	4	0.05	5.795625539711333	8
104	5	0.05	4.921635807442787	8
104	6	0.05	3.763607140927512	8
104	7	0.05	0.07776329746535592	8
104	9	0.05	7.645615615470274	8
104	10	0.05	4.211262075730665	8
105	1	0.05	-1.2451159035659147	9
105	2	0.05	-0.8150657430414513	9
105	3	0.05	0.27947317853488945	9
105	4	0.05	5.456948786801691	9
105	5	0.05	-1.0567568197497543	9
105	6	0.05	-0.844273414318547	9
105	7	0.05	-1.1130795734766736	9
105	8	0.05	-0.6946523886518237	9
105	10	0.05	0.6246762985772525	9
106	1	0.05	-4.88752113375052	5
106	2	0.05	-4.962351426930077	5
106	3	0.05	-3.31116991805273	5
106	4	0.05	-5.051970739416755	5
106	6	0.05	-4.374850324395683	5
106	7	0.05	-0.9088713998603132	5
106	8	0.05	-5.041348367511171	5
106	9	0.05	0.7307144566735628	5
106	10	0.05	-4.779457988066172	5
107	1	0.05	-3.279843095524221	9
107	2	0.05	-3.141658351500754	9
107	3	0.05	-3.107683455321805	9
107	4	0.05	1.2365163505143928	9
107	5	0.05	-3.446630834989552	9
107	6	0.05	-3.2577410896249637	9
107	7	0.05	-3.2005057595353823	9
107	8	0.05	-0.022815090876706766	9
107	10	0.05	-3.4139146563412606	9
109	1	0.05	-2.837327752449451	2
109	3	0.05	1.2746074724550605	2
109	4	0.05	1.0563721375981534	2
109	5	0.05	1.5708521173645835	2
109	6	0.05	2.339420617916956	2
109	7	0.05	1.6388338816681693	2
109	8	0.05	-2.7273045069261834	2
109	9	0.05	-0.2806492361848049	2
109	10	0.05	-0.660404112514134	2
110	1	0.05	-1.8609573349227237	9
110	2	0.05	-1.8365439944507815	9
110	3	0.05	-1.8174265613366887	9
110	4	0.05	2.1292116618976973	9
110	5	0.05	-1.4925839605280211	9
110	6	0.05	5.087265501953968	9
110	7	0.05	-1.549539680932103	9
110	8	0.05	-1.9021799778722908	9
110	10	0.05	3.2237381070113993	9
111	2	0.05	-7.205807069935401	1
111	3	0.05	-6.869210417725043	1
111	4	0.05	-7.2908846423146825	1
111	5	0.05	-6.07754769505468	1
111	6	0.05	-4.757778023614573	1
111	7	0.05	-6.801053514258166	1
111	8	0.05	-7.228310406743304	1
111	9	0.05	-2.9011672072379033	1
111	10	0.05	-6.48893728701622	1
112	1	0.05	-6.7652651603864395	3
112	2	0.05	-7.617706660862748	3
112	4	0.05	-7.021084980141652	3
112	5	0.05	-7.823684597480066	3
112	6	0.05	-7.648275080128388	3
112	7	0.05	-7.5193426081516925	3
112	8	0.05	-7.669713373763528	3
112	9	0.05	-0.3500363623562086	3
112	10	0.05	-7.682958983551241	3
113	1	0.05	-0.9901484370994317	10
113	2	0.05	-0.8783167992049632	10
113	3	0.05	-1.0716093004208413	10
113	4	0.05	0.23771682753048148	10
113	5	0.05	3.906585071825444	10
113	6	0.05	-0.8156313633401726	10
113	7	0.05	-1.0030587698794458	10
113	8	0.05	4.805376082923214	10
113	9	0.05	0.5423917213171716	10
114	1	0.05	-4.757089278654611	2
114	3	0.05	-1.9918285808801475	2
114	4	0.05	-4.152187935963929	2
114	5	0.05	-4.6691702286362595	2
114	6	0.05	-4.763749127643227	2
114	7	0.05	-0.6496168804451169	2
114	8	0.05	-4.794421386909642	2
114	9	0.05	-2.77081244834568	2
114	10	0.05	-4.765907889491128	2
115	2	0.05	-6.4111814444320885	1
115	3	0.05	-6.255120426330986	1
115	4	0.05	-6.502498331685521	1
115	5	0.05	-6.562645718212882	1
115	6	0.05	-2.3922356635477695	1
115	7	0.05	-6.263453707754176	1
115	8	0.05	-6.442104055220657	1
115	9	0.05	-6.431086052003718	1
115	10	0.05	-5.334608411996433	1
116	1	0.05	-7.605805855477414	4
116	2	0.05	-7.552321980246816	4
116	3	0.05	-7.4064431190382125	4
116	5	0.05	-7.74004025615665	4
116	6	0.05	-3.8912894737636536	4
116	7	0.05	-7.552092648210095	4
116	8	0.05	-7.593815469860651	4
116	9	0.05	-7.62309414267578	4
116	10	0.05	-5.622804839114904	4
117	1	0.05	-5.802700447361653	10
117	2	0.05	-5.738868549394921	10
117	3	0.05	-5.790164963072113	10
117	4	0.05	-2.9376456929186228	10
117	5	0.05	-5.804912040620838	10
117	6	0.05	-5.777933227280856	10
117	7	0.05	-5.686035117301707	10
117	8	0.05	-5.5184439784011365	10
117	9	0.05	-5.783900187929543	10
118	1	0.05	-7.386699863278006	8
118	2	0.05	-7.3805343039619045	8
118	3	0.05	-7.431580435642504	8
118	4	0.05	-7.1773471007881255	8
118	5	0.05	-7.449275649808548	8
118	6	0.05	-7.484747587577732	8
118	7	0.05	-7.3851769859410314	8
118	9	0.05	-6.9302401005015675	8
118	10	0.05	-6.253615711490005	8
119	2	0.05	-7.611772305274107	1
119	3	0.05	-7.22590408798358	1
119	4	0.05	-7.695589374345945	1
119	5	0.05	-7.754382244987062	1
119	6	0.05	-7.553288861692483	1
119	7	0.05	-7.343824364247658	1
119	8	0.05	-7.557334584116749	1
119	9	0.05	-7.672977440885727	1
119	10	0.05	-7.645048910902042	1
120	1	0.05	-7.6311807199137665	5
120	2	0.05	-7.651809657667442	5
120	3	0.05	-7.6797042639423365	5
120	4	0.05	-7.731222574392169	5
120	6	0.05	-7.727325214812552	5
120	7	0.05	-7.554316507609486	5
120	8	0.05	-4.337392799463272	5
120	9	0.05	-7.725759609014833	5
120	10	0.05	-4.701077234885226	5
121	1	0.05	-6.344827986725905	10
121	2	0.05	-6.3882824785446415	10
121	3	0.05	-6.42368084317122	10
121	4	0.05	-6.42890470569023	10
121	5	0.05	-5.292001796508649	10
121	6	0.05	-6.411422041335538	10
121	7	0.05	-6.337994184307719	10
121	8	0.05	-4.106131807259968	10
121	9	0.05	-6.357922639062776	10
122	1	0.05	-7.71234577180732	7
122	2	0.05	-7.704981901086709	7
122	3	0.05	-4.142173030471504	7
122	4	0.05	-7.792363428916556	7
122	5	0.05	-7.8608939141135465	7
122	6	0.05	-7.76083461879276	7
122	8	0.05	-7.763970711855668	7
122	9	0.05	-6.067604313469918	7
122	10	0.05	-6.750947997181901	7
123	1	0.05	2.4254999609739643	9
123	2	0.05	0.45802217043041704	9
123	3	0.05	0.3465964869427929	9
123	4	0.05	4.6787406195712125	9
123	5	0.05	0.9938519719743478	9
123	6	0.05	7.216405772821997	9
123	7	0.05	0.21164508994390174	9
123	8	0.05	4.727565912311344	9
123	10	0.05	7.1168267039457	9
124	1	0.05	-1.6180548973980804	10
124	2	0.05	-1.6328997659195217	10
124	3	0.05	-1.643887823099356	10
124	4	0.05	3.6304883102330736	10
124	5	0.05	-1.4425064931111486	10
124	6	0.05	0.3470759595803319	10
124	7	0.05	-1.5314960810880198	10
124	8	0.05	-1.574394383078091	10
124	9	0.05	0.461269622833089	10
125	1	0.05	-7.714645817153134	4
125	2	0.05	-7.665307412120775	4
125	3	0.05	-7.736175975317021	4
125	5	0.05	-7.8336782183698785	4
125	6	0.05	-7.1774610966374	4
125	7	0.05	-7.6709933499654435	4
125	8	0.05	-7.5984590552652875	4
125	9	0.05	-7.7253174398767905	4
125	10	0.05	-7.685499075477321	4
126	1	0.05	3.211192993630216	6
126	2	0.05	2.8655200528011826	6
126	3	0.05	-0.2826651686552294	6
126	4	0.05	2.0104076954157546	6
126	5	0.05	-0.3319035605120932	6
126	7	0.05	7.109744790061428	6
126	8	0.05	-0.3598041610072208	6
126	9	0.05	0.3260650590908893	6
126	10	0.05	-0.0003373065982602119	6
128	1	0.05	-2.7965747180043703	4
128	2	0.05	-2.5794558986765983	4
128	3	0.05	-2.646252328806584	4
128	5	0.05	-2.916966148273544	4
128	6	0.05	1.8239972467907961	4
128	7	0.05	-2.726845612955932	4
128	8	0.05	-2.790488249183613	4
128	9	0.05	-2.7748920188208834	4
128	10	0.05	-0.3661593728350601	4
129	1	0.05	-7.6569228000541685	3
129	2	0.05	-7.614373142054782	3
129	4	0.05	-7.4459839830706995	3
129	5	0.05	-7.828135974675613	3
129	6	0.05	-7.636380222087288	3
129	7	0.05	-7.51736753189846	3
129	8	0.05	-7.673914737455604	3
129	9	0.05	-4.923331180115299	3
129	10	0.05	-7.689508154533072	3
130	1	0.05	1.860967615944565	3
130	2	0.05	-0.018370437827665547	3
130	4	0.05	5.562710216851859	3
130	5	0.05	-0.2702045484558968	3
130	6	0.05	0.762073550587618	3
130	7	0.05	0.01435961885983277	3
130	8	0.05	-0.04501058945678142	3
130	9	0.05	6.611057233740438	3
130	10	0.05	0.3915482047952532	3
131	1	0.05	-7.866355144176264	5
131	2	0.05	-7.882698185486408	5
131	3	0.05	-7.916374991092163	5
131	4	0.05	-7.957609642690973	5
131	6	0.05	-7.95666560636741	5
131	7	0.05	-7.770097208222925	5
131	8	0.05	-7.016761926745916	5
131	9	0.05	-7.956130643222806	5
131	10	0.05	-3.8846637534051425	5
132	2	0.05	-4.4042892802016445	1
132	3	0.05	0.4069896760807051	1
132	4	0.05	-4.48881472772776	1
132	5	0.05	-4.437088374314297	1
132	6	0.05	-1.0472362267951736	1
132	7	0.05	2.4723655129547035	1
132	8	0.05	-4.342115093600257	1
132	9	0.05	-3.9530520726769565	1
132	10	0.05	-4.4359966597961	1
133	1	0.05	-7.703417809958493	4
133	2	0.05	-1.1938047341785725	4
133	3	0.05	-7.665517277676469	4
133	5	0.05	-7.008197740424273	4
133	6	0.05	-1.6206699058754774	4
133	7	0.05	-7.594577487211361	4
133	8	0.05	-7.697257257012253	4
133	9	0.05	-7.717136441722854	4
133	10	0.05	-7.594060319487246	4
134	1	0.05	0.23343960236872696	3
134	2	0.05	-4.2893040267685505	3
134	4	0.05	-0.476210364321174	3
134	5	0.05	-4.395821640140195	3
134	6	0.05	-4.269028250597273	3
134	7	0.05	-2.7779552308935354	3
134	8	0.05	-4.273742346488766	3
134	9	0.05	-4.305022235336896	3
134	10	0.05	-4.281969193351819	3
135	1	0.05	-7.257118459389969	4
135	2	0.05	-5.091029023882878	4
135	3	0.05	-6.645398588632515	4
135	5	0.05	-7.413005844188718	4
135	6	0.05	-3.050289180556751	4
135	7	0.05	-7.20714997514082	4
135	8	0.05	-7.270920543514064	4
135	9	0.05	-4.178708580253546	4
135	10	0.05	-5.787720716152824	4
136	1	0.05	-3.280760654044486	6
136	2	0.05	-2.8574826349559874	6
136	3	0.05	-3.2995251298824204	6
136	4	0.05	3.8663967993748263	6
136	5	0.05	-3.0067310890868764	6
136	7	0.05	-3.102726341303707	6
136	8	0.05	0.974253982184895	6
136	9	0.05	1.3112936194930351	6
136	10	0.05	-0.9678645100261626	6
137	1	0.05	-6.471831011635527	2
137	3	0.05	-5.885310364822937	2
137	4	0.05	-5.547086488926816	2
137	5	0.05	-5.937841887769695	2
137	6	0.05	-5.26841747701369	2
137	7	0.05	-3.099875073472891	2
137	8	0.05	-6.416997629174513	2
137	9	0.05	-4.050267848712686	2
137	10	0.05	-6.380453240680187	2
138	1	0.05	-2.0039842139455812	2
138	3	0.05	-1.9557282716159488	2
138	4	0.05	2.5666608021664157	2
138	5	0.05	3.587896395602406	2
138	6	0.05	-2.01746616800277	2
138	7	0.05	-1.8282148039854003	2
138	8	0.05	-2.2172356985074484	2
138	9	0.05	-1.7873300672116994	2
138	10	0.05	2.186997451693266	2
139	1	0.05	-7.458681515882307	3
139	2	0.05	-3.4515200010535643	3
139	4	0.05	-5.755576444413025	3
139	5	0.05	-7.624255340859141	3
139	6	0.05	-7.4607934749170335	3
139	7	0.05	-7.118441989029578	3
139	8	0.05	-7.4759038324957165	3
139	9	0.05	-5.770919927710868	3
139	10	0.05	-7.476421115227412	3
140	1	0.05	-7.815921345194169	5
140	2	0.05	-7.835517066034474	5
140	3	0.05	-7.86914399848601	5
140	4	0.05	-7.915145114952646	5
140	6	0.05	-6.31343144979531	5
140	7	0.05	-7.2292571367845895	5
140	8	0.05	-2.0129009096935175	5
140	9	0.05	-7.91334470722305	5
140	10	0.05	-7.135373044184731	5
141	1	0.05	-1.0350616792597322	9
141	2	0.05	-2.455358639424159	9
141	3	0.05	2.8915072502661907	9
141	4	0.05	0.8245079344374485	9
141	5	0.05	-2.47441574098941	9
141	6	0.05	-2.3301862673223885	9
141	7	0.05	1.839746013660649	9
141	8	0.05	-2.52285468112785	9
141	10	0.05	-2.0267781236151	9
142	1	0.05	-6.4356099674528116	3
142	2	0.05	-5.377663161018125	3
142	4	0.05	-3.7155690647311155	3
142	5	0.05	-7.411137537930758	3
142	6	0.05	-7.262718819907433	3
142	7	0.05	-7.021606045737583	3
142	8	0.05	-7.213555998448646	3
142	9	0.05	-4.005009230396116	3
142	10	0.05	-7.259451610636761	3
143	1	0.05	-6.281012780553113	3
143	2	0.05	-5.698250035867006	3
143	4	0.05	-0.04785020178441358	3
143	5	0.05	-6.541589758239497	3
143	6	0.05	-6.389756759649059	3
143	7	0.05	-6.3352543093633	3
143	8	0.05	-6.448290911242637	3
143	9	0.05	-6.4876445565313245	3
143	10	0.05	-6.388726595384008	3
144	1	0.05	-6.261262125349697	7
144	2	0.05	-7.574106954642607	7
144	3	0.05	-2.782681486869444	7
144	4	0.05	-7.653758313422272	7
144	5	0.05	-2.806819188436227	7
144	6	0.05	-7.668800017632774	7
144	8	0.05	-5.321197983427398	7
144	9	0.05	-7.4786052380741275	7
144	10	0.05	-7.190010521109759	7
145	1	0.05	-4.259342588608672	9
145	2	0.05	-4.225626130875885	9
145	3	0.05	0.9585392725513029	9
145	4	0.05	-4.303256633668345	9
145	5	0.05	-4.356699208323244	9
145	6	0.05	-4.268178522518401	9
145	7	0.05	-4.090328622814066	9
145	8	0.05	-4.387926556355875	9
145	10	0.05	-4.09200402607359	9
146	1	0.05	-1.471697864113832	7
146	2	0.05	-1.2134728507667247	7
146	3	0.05	-2.943199085467912	7
146	4	0.05	-3.8768703413850694	7
146	5	0.05	-2.8390203068091835	7
146	6	0.05	1.7535258499203232	7
146	8	0.05	-3.774772260849547	7
146	9	0.05	-2.8592058015187796	7
146	10	0.05	-3.770811052597638	7
147	1	0.05	-6.019732531454481	2
147	3	0.05	-1.925428364401635	2
147	4	0.05	-5.496801172845953	2
147	5	0.05	-5.019149852034036	2
147	6	0.05	-6.020802633562004	2
147	7	0.05	-2.9802132312367786	2
147	8	0.05	-5.569579682894197	2
147	9	0.05	-3.1877325279580404	2
147	10	0.05	-6.011085672214031	2
149	2	0.05	-7.614603367804662	1
149	3	0.05	-7.650535280610979	1
149	4	0.05	-7.6977224911383155	1
149	5	0.05	-7.757836509109666	1
149	6	0.05	-7.561132006760473	1
149	7	0.05	-7.485434352197328	1
149	8	0.05	-7.592710114200835	1
149	9	0.05	-7.676501029730662	1
149	10	0.05	-7.6488559879689415	1
150	1	0.05	0.949063509693657	7
150	2	0.05	-3.929041785866483	7
150	3	0.05	1.2970598115765883	7
150	4	0.05	-3.4550981829402447	7
150	5	0.05	0.9540286667178914	7
150	6	0.05	-2.2605980227661497	7
150	8	0.05	-4.043469512940701	7
150	9	0.05	-4.052468435413702	7
150	10	0.05	-3.9292320374001215	7
