Img	Target_Label	Epsilon	Objective_Value	Label
1	1	0.05	7.453408236091625	3
1	2	0.05	7.257483180983622	3
1	4	0.05	7.477678832738126	3
1	5	0.05	7.215313881894337	3
1	6	0.05	7.4577039928521005	3
1	7	0.05	7.500439341562362	3
1	8	0.05	7.560002175750983	3
1	9	0.05	7.554478849359518	3
1	10	0.05	7.353495854015342	3
2	2	0.05	-6.3633081259086905	1
2	3	0.05	-4.183411882456724	1
2	4	0.05	-7.17691520327607	1
2	5	0.05	-2.1659838266650246	1
2	6	0.05	-2.4859664766584424	1
2	7	0.05	-2.546898001380412	1
2	8	0.05	-6.570271824835857	1
2	9	0.05	-3.470497745336648	1
2	10	0.05	-6.754281286302394	1
3	1	0.05	1.0881961574369	5
3	2	0.05	2.7940616266674416	5
3	3	0.05	4.0625975600066	5
3	4	0.05	4.7917785559012085	5
3	6	0.05	2.618350056271551	5
3	7	0.05	3.735848997569769	5
3	8	0.05	5.690739362198603	5
3	9	0.05	5.576260411355365	5
3	10	0.05	5.112618093741417	5
4	1	0.05	7.6313475748116515	9
4	2	0.05	7.605948256348967	9
4	3	0.05	7.621864092989182	9
4	4	0.05	7.5631210004752	9
4	5	0.05	7.561001395048896	9
4	6	0.05	7.547420073985375	9
4	7	0.05	7.642772890331267	9
4	8	0.05	7.654747992816293	9
4	10	0.05	7.4971259980418825	9
5	1	0.05	5.52284721353252	8
5	2	0.05	4.508522626851773	8
5	3	0.05	6.331335773373191	8
5	4	0.05	5.649687572706438	8
5	5	0.05	4.087175698114053	8
5	6	0.05	5.099858921069134	8
5	7	0.05	1.9436524764347427	8
5	9	0.05	5.443595367135249	8
5	10	0.05	6.827590395722151	8
6	1	0.05	6.268624785614241	7
6	2	0.05	5.976367640833895	7
6	3	0.05	7.464362308366248	7
6	4	0.05	5.869694229428259	7
6	5	0.05	7.296558132654128	7
6	6	0.05	6.511863130562447	7
6	8	0.05	6.008048559668877	7
6	9	0.05	6.905276583473156	7
6	10	0.05	5.642238607789912	7
7	2	0.05	-4.149602639476835	1
7	3	0.05	-0.1843654718344684	1
7	4	0.05	-1.8022498612672009	1
7	5	0.05	-1.1714154342393956	1
7	6	0.05	0.604903152465818	1
7	7	0.05	-0.02213691760542706	1
7	8	0.05	-0.28422834867540725	1
7	9	0.05	-3.6970805721948925	1
7	10	0.05	-3.801432782128481	1
8	1	0.05	7.5740695381329886	7
8	2	0.05	7.56899039657547	7
8	3	0.05	7.5392983467134185	7
8	4	0.05	7.5249228785278435	7
8	5	0.05	7.523978737799424	7
8	6	0.05	7.531302741331626	7
8	8	0.05	7.640752562580558	7
8	9	0.05	7.63129681821378	7
8	10	0.05	7.466591206205438	7
9	1	0.05	1.389088394179974	4
9	2	0.05	6.873402505946264	4
9	3	0.05	7.218200946241639	4
9	5	0.05	6.268943684590887	4
9	6	0.05	7.465330128264016	4
9	7	0.05	1.8204576899200107	4
9	8	0.05	3.529152972029969	4
9	9	0.05	7.543133613083203	4
9	10	0.05	4.036181522465237	4
10	1	0.05	7.5009333789146435	2
10	3	0.05	7.553880780002532	2
10	4	0.05	7.480257965740631	2
10	5	0.05	7.321580363745183	2
10	6	0.05	7.5060947253389	2
10	7	0.05	7.574660340725421	2
10	8	0.05	7.417549433854964	2
10	9	0.05	7.590080057025852	2
10	10	0.05	6.773728009310607	2
11	1	0.05	4.888672436318899	9
11	2	0.05	5.558381184212938	9
11	3	0.05	6.803084101458148	9
11	4	0.05	4.9687405563706735	9
11	5	0.05	5.445778789702187	9
11	6	0.05	7.258270851323576	9
11	7	0.05	7.627188378844523	9
11	8	0.05	2.4607788389453105	9
11	10	0.05	6.246840008954937	9
12	2	0.05	-7.5175556248381294	1
12	3	0.05	-0.3158107865656597	1
12	4	0.05	-1.0236575343975456	1
12	5	0.05	-6.239754219862036	1
12	6	0.05	-6.446976139374107	1
12	7	0.05	-4.34097807660672	1
12	8	0.05	-4.5073688126167495	1
12	9	0.05	-3.032345510441238	1
12	10	0.05	-2.8907912087460734	1
13	1	0.05	7.5826006112022615	8
13	2	0.05	6.068334386633763	8
13	3	0.05	7.616770995566937	8
13	4	0.05	7.567636727168315	8
13	5	0.05	5.727020153366669	8
13	6	0.05	7.455433461260095	8
13	7	0.05	4.543492250109107	8
13	9	0.05	7.097116597562801	8
13	10	0.05	7.452295975947177	8
14	1	0.05	1.582230907618092	10
14	2	0.05	0.15424906764269375	10
14	3	0.05	0.9525762001623006	10
14	4	0.05	5.28181966062249	10
14	5	0.05	3.1349869387283773	10
14	6	0.05	4.151204605958367	10
14	7	0.05	0.11502463340947543	10
14	8	0.05	6.0872482146171665	10
14	9	0.05	7.1263966573149125	10
15	1	0.05	-0.06765542773552563	9
15	2	0.05	-5.267471151665596	9
15	3	0.05	1.2660382439960352	9
15	4	0.05	-0.015286515926199416	9
15	5	0.05	-5.263758623712769	9
15	6	0.05	-3.3704493006594283	9
15	7	0.05	-5.217429705893072	9
15	8	0.05	-4.949614604802602	9
15	10	0.05	-1.1367095957252527	9
16	1	0.05	5.632030309166527	5
16	2	0.05	-0.9877825525510001	5
16	3	0.05	2.8677270279096563	5
16	4	0.05	-0.9237749984192104	5
16	6	0.05	-0.49315209982779795	5
16	7	0.05	5.3176937916536415	5
16	8	0.05	2.028338608528481	5
16	9	0.05	6.061820963937469	5
16	10	0.05	4.4259199235719	5
17	1	0.05	6.82392297829598	6
17	2	0.05	3.788677753910934	6
17	3	0.05	5.113981896618942	6
17	4	0.05	5.605848065480684	6
17	5	0.05	4.106942683544141	6
17	7	0.05	6.127831944570733	6
17	8	0.05	4.674589271801638	6
17	9	0.05	5.380912170982073	6
17	10	0.05	5.019000977224654	6
18	1	0.05	7.3257908489362835	4
18	2	0.05	7.353614556186601	4
18	3	0.05	5.519248382564326	4
18	5	0.05	6.381214305369251	4
18	6	0.05	7.481593592489459	4
18	7	0.05	6.373354770791605	4
18	8	0.05	5.821834652145501	4
18	9	0.05	6.296240184776929	4
18	10	0.05	6.663938599398681	4
19	1	0.05	4.698541720392392	5
19	2	0.05	7.100277717539044	5
19	3	0.05	5.222938466065735	5
19	4	0.05	6.989968060369569	5
19	6	0.05	5.813922528535438	5
19	7	0.05	5.829711368795748	5
19	8	0.05	7.281679464684878	5
19	9	0.05	7.490537990305031	5
19	10	0.05	7.268736488994858	5
20	2	0.05	5.9082848709059865	1
20	3	0.05	7.534671719655161	1
20	4	0.05	7.46877704690995	1
20	5	0.05	5.651481082766903	1
20	6	0.05	7.496507264314846	1
20	7	0.05	6.811275784909017	1
20	8	0.05	7.526117522178851	1
20	9	0.05	7.5971856838779335	1
20	10	0.05	7.33626837825367	1
21	1	0.05	7.563263380667456	7
21	2	0.05	7.572732896022361	7
21	3	0.05	7.544625211493569	7
21	4	0.05	7.525869682794724	7
21	5	0.05	7.532698479288961	7
21	6	0.05	7.532306784869923	7
21	8	0.05	7.661179729575638	7
21	9	0.05	7.633393004743179	7
21	10	0.05	7.486907790493404	7
22	1	0.05	6.980981506164112	7
22	2	0.05	7.56723220940374	7
22	3	0.05	7.540320384625376	7
22	4	0.05	7.517907767154453	7
22	5	0.05	7.527296473739084	7
22	6	0.05	7.523937132917516	7
22	8	0.05	7.647794036914433	7
22	9	0.05	7.623566494911022	7
22	10	0.05	7.463493894719169	7
23	1	0.05	7.563979374541947	4
23	2	0.05	7.550056273665586	4
23	3	0.05	7.534643761496025	4
23	5	0.05	7.147151976333665	4
23	6	0.05	7.48821891990037	4
23	7	0.05	7.222563826045732	4
23	8	0.05	7.546300034577615	4
23	9	0.05	6.967375965839475	4
23	10	0.05	7.2762652238110626	4
24	2	0.05	-1.4971443599999128	1
24	3	0.05	1.6932785515333995	1
24	4	0.05	-4.248683294627913	1
24	5	0.05	-0.10184441645933649	1
24	6	0.05	1.3061861979066007	1
24	7	0.05	1.9465228828069354	1
24	8	0.05	-2.8085966999536374	1
24	9	0.05	-2.2181608869961544	1
24	10	0.05	-0.23801370605387218	1
25	1	0.05	4.506457689110696	3
25	2	0.05	4.8639408441782885	3
25	4	0.05	5.116064812654838	3
25	5	0.05	1.5035962961749392	3
25	6	0.05	4.059616383041187	3
25	7	0.05	3.9612736856009487	3
25	8	0.05	-1.2135145994665462	3
25	9	0.05	4.285211096278008	3
25	10	0.05	3.2863084826467834	3
26	1	0.05	-7.383568349684544	4
26	2	0.05	-6.739962312238838	4
26	3	0.05	-6.382839439187293	4
26	5	0.05	-7.340215596036944	4
26	6	0.05	-7.007768226135494	4
26	7	0.05	-7.405754796642437	4
26	8	0.05	-7.4407315805578085	4
26	9	0.05	-5.246849074478506	4
26	10	0.05	-6.266868079810903	4
27	1	0.05	7.577035250290493	7
27	2	0.05	7.579098331121627	7
27	3	0.05	7.545102997129679	7
27	4	0.05	7.536599352699034	7
27	5	0.05	7.536143829055721	7
27	6	0.05	7.538066821845903	7
27	8	0.05	7.6617341514277575	7
27	9	0.05	7.639579172449864	7
27	10	0.05	7.496162237116103	7
28	1	0.05	7.05347558134442	7
28	2	0.05	6.513141121274909	7
28	3	0.05	7.52239710339343	7
28	4	0.05	7.19535071056134	7
28	5	0.05	7.124949771965225	7
28	6	0.05	7.0878241394664645	7
28	8	0.05	5.483886188149003	7
28	9	0.05	7.3845972047020325	7
28	10	0.05	6.068611316226554	7
29	1	0.05	7.533134558111752	8
29	2	0.05	6.615910262582283	8
29	3	0.05	7.6219674048926525	8
29	4	0.05	6.7860636240805325	8
29	5	0.05	6.771583613316481	8
29	6	0.05	7.146274714589693	8
29	7	0.05	6.818221400782503	8
29	9	0.05	7.640795601511336	8
29	10	0.05	7.421659261062278	8
30	1	0.05	7.514025555195338	5
30	2	0.05	7.053123508139677	5
30	3	0.05	7.473425294388143	5
30	4	0.05	7.298911350282583	5
30	6	0.05	7.439970235361031	5
30	7	0.05	7.483315799523508	5
30	8	0.05	7.579169475023785	5
30	9	0.05	7.5414586521658995	5
30	10	0.05	7.385828194773601	5
31	1	0.05	7.56051398685939	10
31	2	0.05	7.5122907110686015	10
31	3	0.05	7.521573379353167	10
31	4	0.05	7.4366661954191144	10
31	5	0.05	7.470787640237818	10
31	6	0.05	7.437036190801044	10
31	7	0.05	7.530858484520585	10
31	8	0.05	7.570388575715888	10
31	9	0.05	7.539928616979085	10
32	1	0.05	-7.391911308264498	4
32	2	0.05	-7.413334950964755	4
32	3	0.05	-6.4349950734887935	4
32	5	0.05	-7.34218363890237	4
32	6	0.05	-7.355755055626976	4
32	7	0.05	-7.417935389023817	4
32	8	0.05	-7.3463728593595246	4
32	9	0.05	-7.4029225232324904	4
32	10	0.05	-5.985968819863103	4
33	1	0.05	7.124901663657829	9
33	2	0.05	5.9495835771668	9
33	3	0.05	7.613530266065301	9
33	4	0.05	7.2277455285303835	9
33	5	0.05	5.210009411743078	9
33	6	0.05	6.392212660854284	9
33	7	0.05	6.702543924645882	9
33	8	0.05	3.4502061189731217	9
33	10	0.05	6.698453501358322	9
35	1	0.05	-7.28589036139365	6
35	2	0.05	-6.217635189628485	6
35	3	0.05	-5.875310082139696	6
35	4	0.05	-4.564225236461704	6
35	5	0.05	-7.26263930609112	6
35	7	0.05	-4.811217992795429	6
35	8	0.05	-7.3952299491759845	6
35	9	0.05	-3.3553906154730706	6
35	10	0.05	-4.25507323444519	6
36	1	0.05	6.697206380096273	5
36	2	0.05	6.251645078366435	5
36	3	0.05	7.4211259860771	5
36	4	0.05	6.211687522918365	5
36	6	0.05	6.913126102630199	5
36	7	0.05	7.5055165995501065	5
36	8	0.05	7.000151508884394	5
36	9	0.05	7.532913725814556	5
36	10	0.05	6.929926875941574	5
37	1	0.05	5.621376924403213	3
37	2	0.05	7.391359653624408	3
37	4	0.05	7.427520801976265	3
37	5	0.05	6.885585532709549	3
37	6	0.05	6.461979343110624	3
37	7	0.05	6.969143186558588	3
37	8	0.05	7.465333328742201	3
37	9	0.05	7.4816921055283	3
37	10	0.05	3.72867433098047	3
38	1	0.05	7.355345941485026	6
38	2	0.05	6.345049994324739	6
38	3	0.05	7.434707257537948	6
38	4	0.05	6.754702576269486	6
38	5	0.05	6.288026930547502	6
38	7	0.05	7.485435036844178	6
38	8	0.05	6.743680786634387	6
38	9	0.05	7.535521267241032	6
38	10	0.05	6.1372933635875055	6
39	1	0.05	7.54242844213224	6
39	2	0.05	7.52645252621449	6
39	3	0.05	7.526583494419895	6
39	4	0.05	7.489478931627413	6
39	5	0.05	7.482795353605101	6
39	7	0.05	7.544183922938118	6
39	8	0.05	7.591500881124401	6
39	9	0.05	7.552417460474731	6
39	10	0.05	7.408745311708132	6
40	1	0.05	7.569799012380511	9
40	2	0.05	7.524216028359004	9
40	3	0.05	7.608181261207903	9
40	4	0.05	7.536860633970488	9
40	5	0.05	6.80539376418825	9
40	6	0.05	7.5327350476711645	9
40	7	0.05	7.608050784955532	9
40	8	0.05	6.852582281020855	9
40	10	0.05	7.392340400290336	9
41	1	0.05	-0.8780821375073512	6
41	2	0.05	-5.9762410780278294	6
41	3	0.05	-5.763859079635777	6
41	4	0.05	-2.649910025963277	6
41	5	0.05	-6.617334530290474	6
41	7	0.05	-6.693475226553393	6
41	8	0.05	-6.314807241056678	6
41	9	0.05	-2.385583430663138	6
41	10	0.05	-3.229174705501357	6
42	1	0.05	2.087327625665913	3
42	2	0.05	4.458357131658771	3
42	4	0.05	6.699370438967123	3
42	5	0.05	-0.23839612490190484	3
42	6	0.05	4.129278606268385	3
42	7	0.05	4.452639784486116	3
42	8	0.05	4.693316396484342	3
42	9	0.05	5.498684660926401	3
42	10	0.05	2.511565943207802	3
43	1	0.05	7.532219143761	10
43	2	0.05	7.503736332813247	10
43	3	0.05	7.51659971105349	10
43	4	0.05	7.430860041168534	10
44	1	0.05	7.440023870924736	3
44	2	0.05	7.023215399092028	3
44	4	0.05	7.447020493720563	3
44	5	0.05	7.138558351609969	3
44	6	0.05	6.336755104373164	3
44	7	0.05	7.489132676511207	3
44	8	0.05	7.366412934507941	3
44	9	0.05	6.275683707440495	3
44	10	0.05	4.970367490390625	3
45	1	0.05	4.2567221528763834	5
45	2	0.05	2.104758988437756	5
45	3	0.05	5.609304442764512	5
45	4	0.05	3.4097343933652513	5
45	6	0.05	5.444275675509986	5
45	7	0.05	5.830570826039531	5
45	8	0.05	6.526935850856911	5
45	9	0.05	6.969387271463956	5
45	10	0.05	6.582735869668085	5
46	1	0.05	3.442179322561315	3
46	2	0.05	4.89044489234842	3
46	4	0.05	5.6117747856208	3
46	5	0.05	0.01944553812227595	3
46	6	0.05	2.1589940573181052	3
46	7	0.05	4.257545937323278	3
46	8	0.05	-0.7215864579634907	3
46	9	0.05	2.227922549148108	3
46	10	0.05	1.3170709095052966	3
47	1	0.05	7.619619931113454	8
47	2	0.05	7.630154901633925	8
47	3	0.05	7.632462804313194	8
47	4	0.05	7.600837469013622	8
47	5	0.05	7.591049301562266	8
47	6	0.05	7.571944948063562	8
47	7	0.05	7.616199492568786	8
47	9	0.05	7.656519389560158	8
47	10	0.05	7.5257443924453415	8
48	2	0.05	-7.516066488176543	1
48	3	0.05	-2.0529702820289923	1
48	4	0.05	-5.360740933439675	1
48	5	0.05	-1.5906257035983051	1
48	6	0.05	-3.4843924122913656	1
48	7	0.05	-0.9569857951110535	1
48	8	0.05	-2.1074730631586966	1
48	9	0.05	-3.5388171716092653	1
48	10	0.05	-1.1372845184411338	1
49	1	0.05	-7.390283228269462	6
49	2	0.05	-7.438153609631845	6
49	3	0.05	-5.927123485412682	6
49	4	0.05	-4.72721604187374	6
49	5	0.05	-7.354748810213528	6
49	7	0.05	-7.439485300807184	6
49	8	0.05	-4.103053509234551	6
49	9	0.05	-3.770529491128475	6
49	10	0.05	-7.076860167428002	6
50	1	0.05	6.815265324223954	2
50	3	0.05	7.552730353116125	2
50	4	0.05	7.199952890503283	2
50	5	0.05	6.35273978607089	2
50	6	0.05	6.882518474427567	2
50	7	0.05	6.2290832217741325	2
50	8	0.05	7.220794857458066	2
50	9	0.05	7.5486132266648465	2
50	10	0.05	6.753953598071674	2
51	2	0.05	4.132200106861861	1
51	3	0.05	7.159904487430375	1
51	4	0.05	4.443186712860166	1
51	5	0.05	5.930941660179927	1
51	6	0.05	6.105654211319701	1
51	7	0.05	5.416514244820404	1
51	8	0.05	4.867669078974886	1
51	9	0.05	6.523081264616074	1
51	10	0.05	4.993403348829721	1
52	1	0.05	6.635711524488758	8
52	2	0.05	5.740511045981828	8
52	3	0.05	7.091756219625059	8
52	4	0.05	7.5607604502174794	8
52	5	0.05	5.7329501537862475	8
52	6	0.05	6.918960021969876	8
52	7	0.05	4.451769954909607	8
52	9	0.05	7.221579104181048	8
52	10	0.05	7.447066905921924	8
53	1	0.05	7.515980661104554	10
53	2	0.05	7.506221159815234	10
53	3	0.05	7.522698245656083	10
53	4	0.05	7.433341421967155	10
53	5	0.05	7.4697880367571985	10
53	6	0.05	7.43570927506012	10
53	7	0.05	7.5252748592279515	10
53	8	0.05	7.569531815458636	10
53	9	0.05	7.5387417079401535	10
54	1	0.05	7.419710292698546	10
54	2	0.05	6.735170201242655	10
54	3	0.05	7.518809943828787	10
54	4	0.05	6.894818063085404	10
54	5	0.05	7.466938360161439	10
54	6	0.05	7.431151334580969	10
54	7	0.05	7.513356049272109	10
54	8	0.05	7.563385728543156	10
54	9	0.05	7.530153183078864	10
55	1	0.05	7.1388944139313475	10
55	2	0.05	6.100945623340709	10
55	3	0.05	7.182487685637582	10
55	4	0.05	6.539433433261235	10
55	5	0.05	7.461279605054881	10
55	6	0.05	7.390567503906199	10
55	7	0.05	6.750141039076484	10
55	8	0.05	7.551581278753314	10
55	9	0.05	7.525251753637224	10
56	1	0.05	-7.071637809718841	7
56	2	0.05	-7.301831328041018	7
56	3	0.05	-7.3557789444790656	7
56	4	0.05	-7.50563655721117	7
56	5	0.05	-4.9745630380196895	7
56	6	0.05	-7.332850228673086	7
56	8	0.05	-7.594088744164625	7
56	9	0.05	-1.6121333448582535	7
56	10	0.05	-7.468257173998018	7
57	1	0.05	7.380976622741813	6
57	2	0.05	5.385105737137377	6
57	3	0.05	6.793279813474435	6
57	4	0.05	7.2831899257102615	6
57	5	0.05	4.973291043281726	6
57	7	0.05	2.0135045022330145	6
57	8	0.05	5.315203569857968	6
57	9	0.05	6.52708095231524	6
57	10	0.05	7.307896036121934	6
58	1	0.05	-7.143473611736562	9
58	2	0.05	-6.726324459333391	9
58	3	0.05	-6.660785967505592	9
58	4	0.05	-2.58416522383078	9
58	5	0.05	-7.354469786937672	9
58	6	0.05	-3.086629244528088	9
58	7	0.05	-6.943530120262317	9
58	8	0.05	-7.468844128810933	9
58	10	0.05	-3.1638037855221244	9
59	1	0.05	5.127018380828009	9
59	2	0.05	-0.4374786600953593	9
59	3	0.05	5.172343731044102	9
59	4	0.05	1.2683742544789485	9
59	5	0.05	0.6284432095094794	9
59	6	0.05	2.4907338267923653	9
59	7	0.05	4.289760037459407	9
59	8	0.05	-0.5103654300137939	9
59	10	0.05	3.007385649650981	9
60	1	0.05	0.10520088815752363	7
60	2	0.05	-1.6574998276729718	7
60	3	0.05	-0.6600265004566331	7
60	4	0.05	-6.644831996371792	7
60	5	0.05	-1.8696438812476577	7
60	6	0.05	-4.093071593776236	7
60	8	0.05	-6.713372737704212	7
60	9	0.05	-0.19237847987785883	7
60	10	0.05	-4.366165209979033	7
61	1	0.05	4.046810484341946	10
61	2	0.05	1.4069719992223273	10
61	3	0.05	3.875443281602349	10
61	4	0.05	5.680806099365006	10
61	5	0.05	6.333151858073512	10
61	6	0.05	6.878147616361137	10
61	7	0.05	4.540594216207918	10
61	8	0.05	6.715302396270864	10
61	9	0.05	4.961688546777812	10
62	1	0.05	7.554545843658372	10
62	2	0.05	0.0330244042137194	10
62	3	0.05	6.790256633150015	10
62	4	0.05	5.775090683207675	10
62	5	0.05	7.453291562075436	10
62	6	0.05	6.375034615171255	10
62	7	0.05	5.88209727763506	10
62	8	0.05	7.1867596610158415	10
62	9	0.05	7.51365781493095	10
63	1	0.05	7.540807629938106	6
63	2	0.05	7.519987030449515	6
63	3	0.05	7.521420327678241	6
63	4	0.05	7.470054328803861	6
63	5	0.05	7.469437238622674	6
63	7	0.05	7.070085208613287	6
63	8	0.05	7.589032123182141	6
63	9	0.05	7.548026707465986	6
63	10	0.05	7.378122149038381	6
64	1	0.05	6.488747712068746	5
64	2	0.05	7.352126586861746	5
64	3	0.05	7.489124892844822	5
64	4	0.05	7.474577750078052	5
64	6	0.05	7.414094681053776	5
64	7	0.05	7.5114250442925865	5
64	8	0.05	7.574341097451288	5
64	9	0.05	7.54735974613065	5
64	10	0.05	7.396584494459345	5
65	1	0.05	4.1606312550486155	3
65	2	0.05	5.788303179254721	3
65	4	0.05	7.2836240005319475	3
65	5	0.05	4.031512313631059	3
65	6	0.05	3.131467925832281	3
65	7	0.05	4.544220950975625	3
65	8	0.05	5.92515997296543	3
65	9	0.05	5.495296153142008	3
65	10	0.05	2.024737517419324	3
66	1	0.05	5.99148259196093	7
66	2	0.05	4.032020682297272	7
66	3	0.05	4.7387951152603875	7
66	4	0.05	4.532940699254409	7
66	5	0.05	6.21247242459957	7
66	6	0.05	5.171335179066835	7
66	8	0.05	3.76242775022651	7
66	9	0.05	5.730636648413568	7
66	10	0.05	5.2485861559244915	7
67	1	0.05	-0.10501970395704585	9
67	2	0.05	-6.0733039059465925	9
67	3	0.05	-4.836780188664748	9
67	4	0.05	-0.2847806517869252	9
67	5	0.05	-6.17214887646285	9
67	6	0.05	-0.8608406097619009	9
67	7	0.05	-6.219652924358205	9
67	8	0.05	-6.276410798203233	9
67	10	0.05	-1.7295079854031974	9
68	1	0.05	7.590371043260164	2
68	3	0.05	7.559873876934695	2
68	4	0.05	7.543971554896367	2
68	5	0.05	7.52657163905255	2
68	6	0.05	7.521297977333288	2
68	7	0.05	7.580209505571974	2
68	8	0.05	7.640155546498123	2
68	9	0.05	7.606931252897033	2
68	10	0.05	7.478323184950493	2
69	2	0.05	3.9855737219754372	1
69	3	0.05	6.187754537624777	1
69	4	0.05	4.421854017546941	1
69	5	0.05	6.51017284542437	1
69	6	0.05	4.988760614152166	1
69	7	0.05	6.760623628345674	1
69	8	0.05	6.192256199339969	1
69	9	0.05	4.544675480647693	1
69	10	0.05	5.17320231829471	1
70	1	0.05	4.761411806323449	7
70	2	0.05	4.407068083472495	7
70	3	0.05	7.450728689336711	7
70	4	0.05	6.636123907149897	7
70	5	0.05	6.534167034349733	7
70	6	0.05	6.050312050972721	7
70	8	0.05	4.9938333790889065	7
70	9	0.05	6.802109504192053	7
70	10	0.05	1.4598637956820075	7
71	1	0.05	7.528473214533267	10
71	2	0.05	6.29265395973552	10
71	3	0.05	7.488608912345438	10
71	4	0.05	7.4265570391486495	10
71	5	0.05	7.457145420985287	10
71	6	0.05	7.429757054885785	10
71	7	0.05	7.342862449128456	10
71	8	0.05	7.562710165823298	10
71	9	0.05	7.530636079055227	10
72	1	0.05	7.486356247200265	6
72	2	0.05	6.168763382089708	6
72	3	0.05	6.88771251953684	6
72	4	0.05	7.229957438309265	6
72	5	0.05	4.699502106385364	6
72	7	0.05	6.192960410990673	6
72	8	0.05	7.431499119916641	6
72	9	0.05	7.2834663721917705	6
72	10	0.05	5.8434611526068165	6
73	1	0.05	3.342478626292722	6
73	2	0.05	5.909412730714372	6
73	3	0.05	5.662440224285081	6
73	4	0.05	6.171582692073154	6
73	5	0.05	4.508357906312937	6
73	7	0.05	5.655009858558377	6
73	8	0.05	2.606881186495363	6
73	9	0.05	6.540779569836674	6
73	10	0.05	5.5202049675695815	6
74	1	0.05	-6.876842015914415	5
74	2	0.05	-3.1613184386129287	5
74	3	0.05	-6.349759808060285	5
74	4	0.05	-6.430370972456006	5
74	6	0.05	-2.657262845922481	5
74	7	0.05	-2.4108701293056733	5
74	8	0.05	-0.8853381536349119	5
74	9	0.05	-0.5304489260129357	5
74	10	0.05	-4.208337391851452	5
75	1	0.05	7.5900563475694165	2
75	3	0.05	7.559714040060036	2
75	4	0.05	7.543637015551926	2
75	5	0.05	7.5274937825011605	2
75	6	0.05	7.520065689342503	2
75	7	0.05	7.580817223110428	2
75	8	0.05	7.640564503650466	2
75	9	0.05	7.60641434584703	2
75	10	0.05	7.476194633818723	2
76	1	0.05	6.867227296116343	7
76	2	0.05	7.216270186780443	7
76	3	0.05	7.525531145125063	7
76	4	0.05	7.457805677798343	7
76	5	0.05	7.351661978406642	7
76	6	0.05	6.560814697935706	7
76	8	0.05	6.182436975080614	7
76	9	0.05	7.573122476108381	7
76	10	0.05	5.523418457445799	7
77	1	0.05	6.135777773750589	8
77	2	0.05	5.497624956227898	8
77	3	0.05	7.543988092120995	8
77	4	0.05	7.558371691484185	8
77	5	0.05	4.545577906665947	8
77	6	0.05	6.485606819476694	8
77	7	0.05	4.676404506598055	8
77	9	0.05	7.596787385798245	8
77	10	0.05	7.369916310673159	8
78	1	0.05	7.539744224112741	6
78	2	0.05	7.300284669916481	6
78	3	0.05	7.399016086530235	6
78	4	0.05	7.457340629169868	6
78	5	0.05	7.4697940040674595	6
78	7	0.05	7.430261732162879	6
78	8	0.05	7.400241951078604	6
78	9	0.05	7.539841928872215	6
78	10	0.05	7.354353555788753	6
79	1	0.05	6.963658813942707	3
79	2	0.05	7.50434871702509	3
79	4	0.05	7.485459422988625	3
79	5	0.05	7.460927488320823	3
79	6	0.05	7.453674284397182	3
79	7	0.05	7.504246129515514	3
79	8	0.05	7.572787807446309	3
79	9	0.05	7.548813529411928	3
79	10	0.05	7.401492058742019	3
80	1	0.05	6.929721276649185	10
80	2	0.05	7.483387545007112	10
80	3	0.05	7.487835770431056	10
80	4	0.05	7.425136226030441	10
81	2	0.05	4.418377565689016	1
81	3	0.05	6.213314798200188	1
81	4	0.05	0.45886372072752	1
81	5	0.05	5.966380523332832	1
81	6	0.05	2.9421962708709617	1
81	7	0.05	6.6724048734953065	1
81	8	0.05	3.8684970852828267	1
81	9	0.05	3.603685994476692	1
81	10	0.05	4.258310529677425	1
82	1	0.05	6.6135540662876595	7
82	2	0.05	2.7584932129014224	7
82	3	0.05	6.435068402822782	7
82	4	0.05	0.09352436025398916	7
82	5	0.05	6.034265024176869	7
82	6	0.05	2.4366107848615823	7
82	8	0.05	1.5248939917469793	7
82	9	0.05	5.3789035832045595	7
82	10	0.05	4.097790918644781	7
83	1	0.05	6.722796711565308	5
83	2	0.05	6.153616831232463	5
83	3	0.05	7.338563185721419	5
83	4	0.05	7.210969150502585	5
83	6	0.05	6.563378749045663	5
83	7	0.05	7.453718423706949	5
83	8	0.05	7.561200694793433	5
83	9	0.05	7.524669193052742	5
83	10	0.05	7.369740757263287	5
84	1	0.05	6.233033691873487	5
84	2	0.05	5.957674965741332	5
84	3	0.05	6.147331042326978	5
84	4	0.05	6.600432682973091	5
84	6	0.05	6.927502230670996	5
84	7	0.05	6.631027595367175	5
84	8	0.05	6.8501184398062165	5
84	9	0.05	7.50349796869532	5
84	10	0.05	7.146851744866228	5
85	1	0.05	6.920522205849432	3
85	2	0.05	6.978054654188995	3
85	4	0.05	7.417486262674322	3
85	5	0.05	6.108613707094085	3
85	6	0.05	7.311684611711487	3
85	7	0.05	5.753701113429792	3
85	8	0.05	7.541578818874766	3
85	9	0.05	7.529332787208535	3
85	10	0.05	6.713088399599165	3
86	1	0.05	7.622364053350759	9
86	2	0.05	7.603511871030176	9
86	3	0.05	7.621151839312062	9
86	4	0.05	7.562135244487221	9
86	5	0.05	7.570394808766114	9
86	6	0.05	7.5443174197785225	9
86	7	0.05	7.642027319774563	9
86	8	0.05	7.654709355027863	9
86	10	0.05	7.498117645956291	9
87	1	0.05	4.917754468123066	8
87	2	0.05	4.446781439479503	8
87	3	0.05	5.807373394537207	8
87	4	0.05	5.869631671885181	8
87	5	0.05	5.290359368442045	8
87	6	0.05	5.518029381807655	8
87	7	0.05	3.0485354400271456	8
87	9	0.05	5.76301819126924	8
87	10	0.05	5.824860318853888	8
88	1	0.05	4.732959067002953	9
88	2	0.05	1.0767063606799405	9
88	3	0.05	6.087601978503777	9
88	4	0.05	4.059501293675393	9
88	5	0.05	-0.27661298177241717	9
88	6	0.05	0.43086339580849875	9
88	7	0.05	2.1525866287445834	9
88	8	0.05	-0.29145188743289807	9
88	10	0.05	3.121091283894863	9
89	1	0.05	5.617118606635904	4
89	2	0.05	5.893834822471436	4
89	3	0.05	5.4612403276941235	4
89	5	0.05	5.487411354852203	4
89	6	0.05	7.407207783025331	4
89	7	0.05	0.23650453281336112	4
89	8	0.05	3.7360838569418653	4
89	9	0.05	7.181767014621705	4
89	10	0.05	6.121882345986776	4
90	2	0.05	-5.965607954044751	1
90	3	0.05	-0.08342431252089581	1
90	4	0.05	-5.257897228582286	1
90	5	0.05	-5.106217044047105	1
90	6	0.05	-4.321496618622564	1
90	7	0.05	-0.25185364251226083	1
90	8	0.05	-2.2864039836853167	1
90	9	0.05	-3.918171341990361	1
90	10	0.05	-1.64302752624173	1
91	1	0.05	3.9835395931085342	10
91	2	0.05	0.5485459235419867	10
91	3	0.05	5.415456722527076	10
91	4	0.05	5.415642639858444	10
91	5	0.05	5.952930452061563	10
91	6	0.05	5.738308494506427	10
91	7	0.05	3.662955362830416	10
91	8	0.05	6.644642863300824	10
91	9	0.05	6.700494975736416	10
92	2	0.05	6.308790460738654	1
92	3	0.05	7.536172810308609	1
92	4	0.05	6.407067682028507	1
92	5	0.05	7.119643338412634	1
92	6	0.05	7.49073464265226	1
92	7	0.05	7.314409778899186	1
92	8	0.05	7.156217606149432	1
92	9	0.05	7.4862626949389375	1
92	10	0.05	5.626814868766044	1
93	1	0.05	7.26523432802409	2
93	3	0.05	7.539987417685133	2
93	4	0.05	7.526231843244589	2
93	5	0.05	7.5210926299955725	2
93	6	0.05	7.508935590130984	2
93	7	0.05	6.880454908700485	2
93	8	0.05	7.623105726570783	2
93	9	0.05	7.601772682094689	2
93	10	0.05	7.454137792322983	2
94	1	0.05	6.989322017417887	2
94	3	0.05	7.530401583683419	2
94	4	0.05	7.529926625400449	2
94	5	0.05	7.504997020830267	2
94	6	0.05	7.474781839527611	2
94	7	0.05	7.557819448301015	2
94	8	0.05	7.627858372193973	2
94	9	0.05	7.60048475392233	2
94	10	0.05	7.4545890763294045	2
95	1	0.05	7.415920208940928	10
95	2	0.05	4.253746007741695	10
95	3	0.05	5.761889561213391	10
95	4	0.05	7.330668644254226	10
95	5	0.05	5.909341658720081	10
95	6	0.05	7.250273575209259	10
95	7	0.05	5.924132034101301	10
95	8	0.05	7.549457001776253	10
95	9	0.05	7.239261614767927	10
96	1	0.05	-4.159007290077369	5
96	2	0.05	-0.5045064361948033	5
96	3	0.05	-1.7782142642451921	5
96	4	0.05	-1.883632310871755	5
96	6	0.05	-3.510972475518137	5
96	7	0.05	-0.1378811829835313	5
96	8	0.05	1.3721695633030475	5
96	9	0.05	1.4125943272476307	5
96	10	0.05	1.1983900242815997	5
97	1	0.05	6.804592156648087	6
97	2	0.05	7.396802108221285	6
97	3	0.05	7.324921275301668	6
97	4	0.05	7.462934026933086	6
97	5	0.05	6.437581522776123	6
97	7	0.05	7.409324193097924	6
97	8	0.05	7.480122092607898	6
97	9	0.05	7.53123273456764	6
97	10	0.05	5.821279094765775	6
98	1	0.05	7.558406821564053	10
98	2	0.05	7.497213575871933	10
98	3	0.05	7.521927206789998	10
98	4	0.05	7.433570240871115	10
98	5	0.05	7.469516020218646	10
98	6	0.05	7.435989302501314	10
98	7	0.05	7.528070541842407	10
98	8	0.05	7.570242502468065	10
98	9	0.05	7.537779775027358	10
100	1	0.05	6.2806955495186045	7
100	2	0.05	5.781852150306748	7
100	3	0.05	7.514428722595798	7
100	4	0.05	5.922121170298853	7
100	5	0.05	7.11170615908138	7
100	6	0.05	6.997979285317016	7
100	8	0.05	5.129347639780708	7
100	9	0.05	7.569761435324195	7
100	10	0.05	6.111280578047173	7
101	1	0.05	5.273037009961359	7
101	2	0.05	6.267946833306208	7
101	3	0.05	6.4734524208645485	7
101	4	0.05	7.080975096572096	7
101	5	0.05	6.724820645473318	7
101	6	0.05	7.500206924191016	7
101	8	0.05	3.818874300418812	7
101	9	0.05	7.589431866693658	7
101	10	0.05	4.783907177692374	7
102	2	0.05	-7.401772805663956	1
102	3	0.05	-4.516887333432877	1
102	4	0.05	-7.490779547482594	1
102	5	0.05	-6.686298790360357	1
102	6	0.05	-6.363140397504423	1
102	7	0.05	-3.0630285640895343	1
102	8	0.05	-7.052975132390767	1
102	9	0.05	-6.348575596593247	1
102	10	0.05	-6.027757177104656	1
103	1	0.05	5.617639340307114	8
103	2	0.05	4.511633355977179	8
103	3	0.05	4.753111624355334	8
103	4	0.05	5.963177078868561	8
103	5	0.05	4.505716223490849	8
103	6	0.05	5.843065030762956	8
103	7	0.05	3.955135828940577	8
103	9	0.05	5.429768325213421	8
103	10	0.05	5.611208558172902	8
104	1	0.05	7.404179190532006	8
104	2	0.05	6.432436316802146	8
104	3	0.05	7.089535079018668	8
105	1	0.05	7.458891330894945	9
105	2	0.05	7.59788256871951	9
105	3	0.05	7.620694518406322	9
105	4	0.05	7.55651081154386	9
105	5	0.05	7.564335389748572	9
105	6	0.05	7.5304628922564785	9
105	7	0.05	7.046287511971249	9
105	8	0.05	7.650786590791013	9
105	10	0.05	7.483034993784761	9
106	1	0.05	7.546634108594245	5
106	2	0.05	7.513197445013327	5
106	3	0.05	7.497116989895409	5
106	4	0.05	7.498072485595332	5
106	6	0.05	7.472884023425428	5
106	7	0.05	7.531455318343825	5
106	8	0.05	7.5880889978021235	5
106	9	0.05	7.558435117749387	5
106	10	0.05	7.416746946687358	5
107	1	0.05	5.019667024796958	9
107	2	0.05	1.5419251003801964	9
107	3	0.05	6.646098895158316	9
107	4	0.05	7.249464366892307	9
107	5	0.05	0.1485110476237181	9
107	6	0.05	5.878554103646353	9
107	7	0.05	1.6426647594584713	9
107	8	0.05	6.684103767201476	9
107	10	0.05	4.022046436425737	9
109	1	0.05	7.592328234892163	2
109	3	0.05	7.5599167812872	2
109	4	0.05	7.548445285101259	2
109	5	0.05	7.5290749202074325	2
109	6	0.05	7.523791407624276	2
109	7	0.05	7.581903008273317	2
109	8	0.05	7.642923094876441	2
109	9	0.05	7.608886349180035	2
109	10	0.05	7.486962522100485	2
110	1	0.05	7.3550432694389025	9
110	2	0.05	6.794840630506605	9
110	3	0.05	7.569660311723872	9
110	4	0.05	7.497588070588595	9
110	5	0.05	5.709111652917974	9
110	6	0.05	7.530653586701362	9
110	7	0.05	6.018767648353673	9
110	8	0.05	5.999306992038277	9
110	10	0.05	7.230780460611785	9
111	2	0.05	5.877171060454006	1
111	3	0.05	6.40348212897617	1
111	4	0.05	5.732026480314881	1
111	5	0.05	5.487868871594594	1
111	6	0.05	7.472649894363174	1
111	7	0.05	6.764396847556734	1
111	8	0.05	6.034319726666569	1
111	9	0.05	6.684126187909261	1
111	10	0.05	6.196831433014938	1
112	1	0.05	7.503858262858282	3
112	2	0.05	7.385296322010667	3
112	4	0.05	7.452272228729217	3
112	5	0.05	6.3221136089252195	3
112	6	0.05	7.108888148713802	3
112	7	0.05	7.383274404000056	3
112	8	0.05	6.65346895979766	3
112	9	0.05	7.554509951192246	3
112	10	0.05	7.3418968301272995	3
113	1	0.05	6.649693983387022	10
113	2	0.05	6.827704176979226	10
113	3	0.05	5.420794565867598	10
113	4	0.05	6.537616470574279	10
113	5	0.05	6.0942766168430405	10
113	6	0.05	6.707151907372963	10
113	7	0.05	5.382713385688098	10
113	8	0.05	7.543476053512119	10
113	9	0.05	7.526687357575068	10
114	1	0.05	7.5903971318079675	2
114	3	0.05	7.5585424763019	2
114	4	0.05	7.536565693898299	2
114	5	0.05	7.525891345179379	2
114	6	0.05	7.517280617237126	2
114	7	0.05	7.580392715959621	2
114	8	0.05	7.6304448309124275	2
114	9	0.05	7.602639721855199	2
114	10	0.05	7.466720543658584	2
115	2	0.05	3.999448563860037	1
115	3	0.05	5.2726840269574575	1
115	4	0.05	4.236135853725682	1
115	5	0.05	4.394573793420071	1
115	6	0.05	6.015853156066303	1
115	7	0.05	5.352411794345759	1
115	8	0.05	4.182728252405101	1
115	9	0.05	3.3723316135551507	1
115	10	0.05	4.849881713223657	1
116	1	0.05	7.084643384370312	4
116	2	0.05	7.54550387392774	4
116	3	0.05	7.534467357764339	4
116	5	0.05	7.38715140559894	4
116	6	0.05	7.483910332433508	4
116	7	0.05	6.471311170853146	4
116	8	0.05	7.05057854681067	4
116	9	0.05	7.5694250070146865	4
116	10	0.05	7.347607914843783	4
117	1	0.05	5.472798854132666	10
117	2	0.05	5.2881483573282475	10
117	3	0.05	6.9952895863684255	10
117	4	0.05	7.4181380719759895	10
117	5	0.05	6.946092876767185	10
117	6	0.05	6.298581352224191	10
117	7	0.05	5.738763059040331	10
117	8	0.05	7.533017420303493	10
117	9	0.05	7.1858135062800566	10
118	1	0.05	5.901577791971802	8
118	2	0.05	2.694537102095913	8
118	3	0.05	5.951177355715294	8
118	4	0.05	6.3711250507534345	8
118	5	0.05	2.686152284868785	8
118	6	0.05	5.466073156504094	8
118	7	0.05	1.2070462049614068	8
118	9	0.05	5.8118536468029625	8
118	10	0.05	7.292047798693957	8
119	2	0.05	-7.541358098711594	1
119	3	0.05	-4.398228729018907	1
119	4	0.05	-7.494044613321429	1
119	5	0.05	-6.950119394720422	1
119	6	0.05	-5.9374424896646465	1
119	7	0.05	-2.332325812930104	1
119	8	0.05	-6.759682417585085	1
119	9	0.05	-7.40509227975094	1
119	10	0.05	-6.080732620395108	1
120	1	0.05	-7.413965363526064	5
120	2	0.05	-6.9655671566994	5
120	3	0.05	-7.25107922654849	5
120	4	0.05	-7.405138858521158	5
120	6	0.05	-3.5780670053972083	5
120	7	0.05	-2.9965293002300246	5
120	8	0.05	-0.850998359132117	5
120	9	0.05	-1.5392749156131766	5
120	10	0.05	-7.156931933866529	5
121	1	0.05	5.550041386372661	10
121	2	0.05	4.901819553160366	10
121	3	0.05	6.416278770929749	10
121	4	0.05	6.31716290890559	10
121	5	0.05	7.316015880491142	10
121	6	0.05	6.040823675895912	10
121	7	0.05	5.696784345449398	10
121	8	0.05	7.184824166465582	10
121	9	0.05	6.9484223917532155	10
122	1	0.05	7.509924779375645	7
122	2	0.05	6.189720078972911	7
122	3	0.05	7.521624215009836	7
122	4	0.05	6.685010058548194	7
122	5	0.05	6.569685328819874	7
122	6	0.05	6.082280479028742	7
122	8	0.05	5.53074209760735	7
122	9	0.05	7.57915350593443	7
122	10	0.05	6.461089085089075	7
123	1	0.05	7.422409362985601	9
123	2	0.05	5.350902934424938	9
123	3	0.05	7.617580092076854	9
123	4	0.05	7.531574892581608	9
123	5	0.05	5.042160733490063	9
123	6	0.05	7.504289618321841	9
123	7	0.05	6.238536218940623	9
123	8	0.05	7.647063213518032	9
123	10	0.05	7.449544404329058	9
124	1	0.05	7.128949898909212	10
124	2	0.05	7.228653515119148	10
124	3	0.05	7.509849139978504	10
124	4	0.05	7.4292287092198395	10
124	5	0.05	7.465062350878669	10
124	6	0.05	7.4339197541591036	10
124	7	0.05	7.445676273385335	10
124	8	0.05	7.566422668839508	10
124	9	0.05	7.53547553815322	10
125	1	0.05	-7.365995842258311	4
125	2	0.05	-7.388677598459585	4
125	3	0.05	-5.638558591568778	4
125	5	0.05	-7.30808970363177	4
125	6	0.05	-2.7945708983529998	4
125	7	0.05	-7.394602524908502	4
125	8	0.05	-5.683710857305185	4
125	9	0.05	-7.206745231051093	4
125	10	0.05	-5.036544081492623	4
126	1	0.05	7.54242556955455	6
126	2	0.05	7.52676956483112	6
126	3	0.05	7.525808935439411	6
126	4	0.05	7.486401626703646	6
126	5	0.05	7.483766914754661	6
126	7	0.05	7.543688374629953	6
126	8	0.05	7.581602018554727	6
126	9	0.05	7.55186036118875	6
126	10	0.05	7.402847078293427	6
127	1	0.05	7.124555905679762	5
127	2	0.05	7.187311753217788	5
127	3	0.05	7.449792582610452	5
127	4	0.05	7.450411246894741	5
127	6	0.05	7.447324889655928	5
127	7	0.05	7.517312085736265	5
127	8	0.05	7.55972621852641	5
127	9	0.05	7.528288720874111	5
127	10	0.05	7.136080435549181	5
128	1	0.05	2.9809110153619405	4
128	2	0.05	0.586474214655355	4
128	3	0.05	3.3802572531949044	4
128	5	0.05	-1.5449650868491793	4
128	6	0.05	3.104972656740989	4
128	7	0.05	-1.6862302542094845	4
128	8	0.05	0.9787315079887382	4
128	9	0.05	3.790831122184909	4
128	10	0.05	4.043375706416398	4
129	1	0.05	4.300899681366641	3
129	2	0.05	5.75658652143483	3
129	4	0.05	4.692554908899384	3
129	5	0.05	3.0958741551350304	3
129	6	0.05	0.6958815964698659	3
129	7	0.05	5.536324418516139	3
129	8	0.05	0.06035463604189828	3
129	9	0.05	4.470004344013326	3
129	10	0.05	1.466788406263082	3
130	1	0.05	7.085381023495334	3
130	2	0.05	7.2441973749046795	3
130	4	0.05	7.389926691044078	3
130	5	0.05	3.3361795445742235	3
130	6	0.05	7.363484562882439	3
130	7	0.05	3.884260558949408	3
130	8	0.05	5.481215236895562	3
130	9	0.05	7.477813174040518	3
130	10	0.05	5.908778049875327	3
131	1	0.05	2.56835442860285	5
131	2	0.05	0.3683539975129238	5
131	3	0.05	3.2450218601769802	5
131	4	0.05	3.9454847447542956	5
131	6	0.05	4.163046094648403	5
131	7	0.05	4.374084557513646	5
131	8	0.05	6.547193323219709	5
131	9	0.05	6.478607622082502	5
131	10	0.05	5.458243211982261	5
132	2	0.05	2.654225426450401	1
132	3	0.05	6.16809442408549	1
132	4	0.05	-0.04181281399268058	1
132	5	0.05	4.570826882998928	1
132	6	0.05	2.5661025593920486	1
132	7	0.05	4.863706925056831	1
132	8	0.05	3.7074791872723014	1
132	9	0.05	5.32389226143356	1
132	10	0.05	4.962047955760919	1
133	1	0.05	6.214133221045573	4
133	2	0.05	7.217399802111	4
133	3	0.05	7.312421929690478	4
133	5	0.05	7.1009474308406135	4
133	6	0.05	7.44213377082664	4
133	7	0.05	5.829907292393417	4
133	8	0.05	4.962251426385057	4
133	9	0.05	6.27150809013173	4
133	10	0.05	6.667033115954456	4
134	1	0.05	7.5052468137809845	3
134	2	0.05	7.247589795849234	3
134	4	0.05	7.4396767630183005	3
134	5	0.05	7.259715454355466	3
134	6	0.05	6.750770552876514	3
134	7	0.05	7.5020434554597735	3
134	8	0.05	6.900352285518843	3
134	9	0.05	7.134871798883043	3
134	10	0.05	6.403542630372535	3
135	1	0.05	0.8559096649504122	4
135	2	0.05	4.34486694250303	4
135	3	0.05	5.662793341480497	4
135	5	0.05	4.774807309107029	4
135	6	0.05	4.61065581992133	4
135	7	0.05	-0.4638158585590343	4
135	8	0.05	0.5374299725668616	4
135	9	0.05	6.917346233776987	4
135	10	0.05	3.774801333636846	4
136	1	0.05	7.541167506849783	6
136	2	0.05	7.524524900326034	6
136	3	0.05	7.525412100384307	6
136	4	0.05	7.482220446641186	6
136	5	0.05	7.408771338923001	6
136	7	0.05	7.537563816304278	6
136	8	0.05	7.591169329634158	6
136	9	0.05	7.552611221510341	6
136	10	0.05	7.399773800515581	6
137	1	0.05	7.402679909033419	2
137	3	0.05	7.551143338311838	2
137	4	0.05	7.26964567387418	2
137	5	0.05	7.504441025757231	2
137	6	0.05	7.50624958373025	2
137	7	0.05	7.575286434912626	2
137	8	0.05	6.869996703962768	2
137	9	0.05	7.595529022062178	2
137	10	0.05	7.340527859472063	2
138	1	0.05	5.5147652913742995	2
138	3	0.05	7.543026570907736	2
138	4	0.05	7.5207787633026735	2
138	5	0.05	7.513942042110086	2
138	6	0.05	6.311293418336553	2
138	7	0.05	7.063105803222206	2
138	8	0.05	7.614527498366794	2
138	9	0.05	7.587638976677865	2
138	10	0.05	7.006693689377562	2
139	1	0.05	4.9958007069851735	3
139	2	0.05	7.037545026590602	3
139	4	0.05	6.660164859438174	3
139	5	0.05	4.218725903546244	3
139	6	0.05	6.530052531569408	3
139	7	0.05	5.5271472601267355	3
139	8	0.05	4.67647187205542	3
139	9	0.05	5.333495919838883	3
139	10	0.05	4.743715668498606	3
140	1	0.05	-7.49252821962738	5
140	2	0.05	-7.491842310560812	5
140	3	0.05	-7.312620240907232	5
140	4	0.05	-7.46503321002742	5
140	6	0.05	-7.4544154039133925	5
140	7	0.05	-6.178740582934142	5
140	8	0.05	-4.41601695650647	5
140	9	0.05	-7.313477537097513	5
140	10	0.05	-7.357077335408957	5
141	1	0.05	7.041729692986208	9
141	2	0.05	7.133060601815872	9
141	3	0.05	7.618442954992121	9
141	4	0.05	7.547250891300171	9
141	5	0.05	7.240033797465357	9
141	6	0.05	6.209342324496014	9
141	7	0.05	7.6399563748921215	9
141	8	0.05	6.091389270730527	9
141	10	0.05	7.072291351621847	9
142	1	0.05	7.407627036774702	3
142	2	0.05	7.485540398012248	3
142	4	0.05	7.456887677760636	3
142	5	0.05	6.745387025995073	3
142	6	0.05	7.114893246395793	3
142	7	0.05	7.395200861219868	3
142	8	0.05	6.753510082997233	3
142	9	0.05	7.330382171875582	3
142	10	0.05	6.788021644577191	3
143	1	0.05	5.828611052919305	3
143	2	0.05	6.917227106644368	3
143	4	0.05	7.419582877106019	3
143	5	0.05	6.8024206469154	3
143	6	0.05	6.406290587991612	3
143	7	0.05	7.34936477175747	3
143	8	0.05	7.20685374086927	3
143	9	0.05	6.5807561087642785	3
143	10	0.05	3.711230859279403	3
144	1	0.05	5.115225078143539	7
144	2	0.05	3.346273073549635	7
144	3	0.05	4.948444638821054	7
144	4	0.05	3.9564790006908828	7
144	5	0.05	5.581856826357296	7
144	6	0.05	3.7116397103317564	7
144	8	0.05	4.393421513516813	7
144	9	0.05	4.071986824323912	7
144	10	0.05	4.029425494374809	7
145	1	0.05	7.0142696240024796	9
145	2	0.05	6.51511857637143	9
145	3	0.05	7.567734670197635	9
145	4	0.05	6.620848748941592	9
145	5	0.05	4.542391342877282	9
145	6	0.05	6.520321258124783	9
145	7	0.05	4.916161840282855	9
145	8	0.05	3.8102376338847432	9
145	10	0.05	6.504070590173991	9
146	1	0.05	7.574632333388029	7
146	2	0.05	7.568860041189707	7
146	3	0.05	7.535412338695222	7
146	4	0.05	7.5239594179880696	7
146	5	0.05	7.520031473787051	7
146	6	0.05	7.53044013670283	7
146	8	0.05	7.513771976201927	7
146	9	0.05	7.630392290131711	7
146	10	0.05	7.422404867398594	7
147	1	0.05	7.544421812150809	2
147	3	0.05	7.557988006512203	2
147	4	0.05	7.528527566458903	2
147	5	0.05	7.511117551898693	2
147	6	0.05	7.51071231495446	2
147	7	0.05	7.57855930588723	2
147	8	0.05	7.6233519184683525	2
147	9	0.05	7.598575282871875	2
147	10	0.05	7.244441609112212	2
149	2	0.05	-7.556912124550526	1
149	3	0.05	-6.841144086070364	1
149	4	0.05	-7.522350810506836	1
149	5	0.05	-6.955756957379219	1
149	6	0.05	-4.505294423029602	1
149	7	0.05	-7.05345266557545	1
149	8	0.05	-7.588889099727502	1
149	9	0.05	-7.592645364807467	1
149	10	0.05	-7.232508989506772	1
150	1	0.05	7.449727403447659	7
150	2	0.05	6.036407834305013	7
150	3	0.05	7.516778967246792	7
150	4	0.05	7.0618841827700205	7
150	5	0.05	7.497556066088316	7
150	6	0.05	6.721946128156884	7
150	8	0.05	6.745837933377934	7
150	9	0.05	6.327438379502569	7
150	10	0.05	5.875230028955643	7
