Img	Target_Label	Epsilon	Objective_Value	Label
1	1	0.05	-7.657642249949913	3
1	2	0.05	-7.545334685240725	3
1	4	0.05	-4.9629441375805134	3
1	5	0.05	-7.621536413842791	3
1	6	0.05	-7.349326874329402	3
1	7	0.05	-1.5291432949461887	3
1	8	0.05	-7.551619767323886	3
1	9	0.05	-7.6218642346370835	3
1	10	0.05	-7.53590007605698	3
2	2	0.05	-7.677561723103828	1
2	3	0.05	-7.5076343698453	1
2	4	0.05	-7.5504628727297485	1
2	5	0.05	-7.755069874647499	1
2	6	0.05	-7.614173136925672	1
2	7	0.05	-7.056617789221823	1
2	8	0.05	-7.612660869954245	1
2	9	0.05	-6.504648284434981	1
2	10	0.05	-7.6004191136737145	1
3	1	0.05	-7.4697678998708605	5
3	2	0.05	-6.8327623329954665	5
3	3	0.05	-7.3908160703428525	5
3	4	0.05	-7.019873606304847	5
3	6	0.05	-7.511834199144923	5
3	7	0.05	-5.563111229562716	5
3	8	0.05	-5.687794004923475	5
3	9	0.05	-7.421859381109069	5
3	10	0.05	-1.048249466930821	5
4	1	0.05	2.80574599900085	9
4	2	0.05	-0.3810731072268448	9
4	3	0.05	-1.3333132399872911	9
4	4	0.05	4.551689322272776	9
4	5	0.05	-1.194444420316029	9
4	6	0.05	6.480110934524156	9
4	7	0.05	4.640034283207516	9
4	8	0.05	-1.3460047767628105	9
4	10	0.05	2.581048346212031	9
5	1	0.05	-7.701340274612133	8
5	2	0.05	-7.563563641700863	8
5	3	0.05	-7.311181271235573	8
5	4	0.05	-3.501613050681612	8
5	5	0.05	-7.383453795277163	8
5	6	0.05	-7.252579511235766	8
5	7	0.05	-7.697631259809854	8
5	9	0.05	-7.6957488533800325	8
5	10	0.05	-5.822748187238807	8
6	1	0.05	-7.87806363703246	7
6	2	0.05	-7.798609185702444	7
6	3	0.05	-6.330148243738482	7
6	4	0.05	-7.796780214037019	7
6	5	0.05	-7.830901625066405	7
6	6	0.05	-1.6726198326269548	7
6	8	0.05	-7.777709486505802	7
6	9	0.05	-4.468313657752344	7
6	10	0.05	-7.774729437919141	7
7	2	0.05	-7.680888269677624	1
7	3	0.05	-5.823347390852886	1
7	4	0.05	-5.6869444463268675	1
7	5	0.05	-7.763696883156094	1
7	6	0.05	-6.407103752907776	1
7	7	0.05	-7.6451579607388584	1
7	8	0.05	-7.610425683279404	1
7	9	0.05	-7.79652999182455	1
7	10	0.05	-7.5071055059258285	1
8	1	0.05	0.1927279268848007	7
8	2	0.05	-0.19184961867889455	7
8	3	0.05	1.7027738251823892	7
8	4	0.05	2.998820870841186	7
8	5	0.05	0.741540710989701	7
8	6	0.05	5.929132524274021	7
8	8	0.05	-0.15192338239604933	7
8	9	0.05	6.673555323585548	7
8	10	0.05	-0.1279681513246503	7
9	1	0.05	-2.3458115169167253	4
9	2	0.05	-1.8102085609916014	4
9	3	0.05	-0.5084055293287207	4
9	5	0.05	-1.2617397654141196	4
9	6	0.05	4.122384103220964	4
9	7	0.05	-2.2566174152408642	4
9	8	0.05	-2.246801290340085	4
9	9	0.05	3.5131436101082096	4
9	10	0.05	-2.239502655323048	4
10	1	0.05	-4.406947966655127	2
10	3	0.05	-1.277099642444433	2
10	4	0.05	-4.1317842715863815	2
10	5	0.05	-3.470098316830576	2
10	6	0.05	0.00852757034818819	2
10	7	0.05	-2.629968486953984	2
10	8	0.05	-4.310472808122571	2
10	9	0.05	-3.719628166061601	2
10	10	0.05	-4.292469690086908	2
11	1	0.05	0.0010418758481626307	9
11	2	0.05	0.050523186356953326	9
11	3	0.05	2.864815378675175	9
11	4	0.05	4.53009048312975	9
11	5	0.05	1.7573267702690758	9
11	6	0.05	7.942768391193924	9
11	7	0.05	7.209377836966943	9
11	8	0.05	0.1295798133406315	9
11	10	0.05	4.465371146372968	9
12	2	0.05	-7.672001664444607	1
12	3	0.05	-6.5179183627884925	1
12	4	0.05	-7.524429728910958	1
12	5	0.05	-7.677453081068148	1
12	6	0.05	-7.736783272522071	1
12	7	0.05	-7.274033578784763	1
12	8	0.05	-7.614066353619409	1
12	9	0.05	-6.73861088489124	1
12	10	0.05	-7.535138553130194	1
13	1	0.05	-4.106643192374615	8
13	2	0.05	-4.682863760979516	8
13	3	0.05	-3.174471461347697	8
13	4	0.05	-1.6488281825452589	8
13	5	0.05	-4.823768962588248	8
13	6	0.05	-0.11977571197612462	8
13	7	0.05	-4.889423616816503	8
13	9	0.05	-4.872404786283048	8
13	10	0.05	-2.2336189073334842	8
14	1	0.05	-2.205562343759214	10
14	2	0.05	-2.152416147592112	10
14	3	0.05	-2.1639060800630014	10
14	4	0.05	1.2316012955936506	10
14	5	0.05	2.0531077242185614	10
14	6	0.05	-1.8363518305189346	10
14	7	0.05	-2.0332165331609775	10
14	8	0.05	0.025555717291615012	10
14	9	0.05	3.323276905369024	10
15	1	0.05	-7.604232310634686	9
15	2	0.05	-7.671873263961101	9
15	3	0.05	-7.561087724616994	9
15	4	0.05	-6.2781158238621355	9
15	5	0.05	-7.73476508759324	9
15	6	0.05	-5.773283686924562	9
15	7	0.05	-7.618480729805198	9
15	8	0.05	-7.669693228615914	9
15	10	0.05	-5.733707041816395	9
16	1	0.05	-6.13419750872001	5
16	2	0.05	-6.636376374075452	5
16	3	0.05	-6.549483859288745	5
16	4	0.05	-6.802573605481453	5
16	6	0.05	-6.873210192269327	5
16	7	0.05	-2.102238589308075	5
16	8	0.05	-6.632886856210839	5
16	9	0.05	-4.5744083081498355	5
16	10	0.05	-5.721705354526932	5
17	1	0.05	-2.7924678732951977	6
17	2	0.05	-7.906007688577075	6
17	3	0.05	-7.8701267573588725	6
17	4	0.05	-5.833599985775591	6
17	5	0.05	-7.649232381689958	6
17	7	0.05	-7.850777165403752	6
17	8	0.05	-7.862999304100283	6
17	9	0.05	-7.572409104910539	6
17	10	0.05	-7.907761678515073	6
18	1	0.05	-0.6084613611063814	4
18	2	0.05	-3.3519875195803466	4
18	3	0.05	-4.688281657589779	4
18	5	0.05	-4.749604690775572	4
18	6	0.05	2.0137996842161208	4
18	7	0.05	-3.9833532047195415	4
18	8	0.05	-4.712720605343034	4
18	9	0.05	-4.783800796683338	4
18	10	0.05	-1.0908441918135434	4
19	1	0.05	-0.816635217674584	5
19	2	0.05	2.628920980266693	5
19	3	0.05	-0.7172676921550798	5
19	4	0.05	5.180668800947744	5
19	6	0.05	2.3747267680457385	5
19	7	0.05	-1.0219290195352073	5
19	8	0.05	-0.6607185114847688	5
19	9	0.05	3.1841134564683893	5
19	10	0.05	6.073003731698879	5
20	2	0.05	-5.271029747592042	1
20	3	0.05	-4.365694587475782	1
20	4	0.05	-4.637640769475036	1
20	5	0.05	-5.339197049868964	1
20	6	0.05	0.27912378994721176	1
20	7	0.05	-5.2360500031472546	1
20	8	0.05	-3.2856421326648566	1
20	9	0.05	1.6456164980624393	1
20	10	0.05	-2.796355611907694	1
21	1	0.05	-2.3979743446839583	7
21	2	0.05	-4.391207712016162	7
21	3	0.05	2.271160297245252	7
21	4	0.05	-4.30987688964644	7
21	5	0.05	1.5246085389941273	7
21	6	0.05	-1.4368908537625749	7
21	8	0.05	-1.9150131689505916	7
21	9	0.05	-0.69191523736833	7
21	10	0.05	0.2497970352911586	7
22	1	0.05	-6.1106293516255	7
22	2	0.05	0.3403235619947355	7
22	3	0.05	-1.2161883234999036	7
22	4	0.05	-5.0236309660249	7
22	5	0.05	1.2560613610002007	7
22	6	0.05	0.47805542336341805	7
22	8	0.05	-2.362189930681288	7
22	9	0.05	0.3163425629011021	7
22	10	0.05	-0.8642725498685538	7
23	1	0.05	-3.593105274889904	4
23	2	0.05	0.09673021173201991	4
23	3	0.05	-0.954602817363367	4
23	5	0.05	-3.5201612388132264	4
23	6	0.05	3.418050720955749	4
23	7	0.05	-3.450255791581029	4
23	8	0.05	-3.292389117201421	4
23	9	0.05	-3.537780052172048	4
23	10	0.05	-3.522499107889571	4
24	2	0.05	-7.613702212661116	1
24	3	0.05	-1.1966510111489503	1
24	4	0.05	-7.4938149383080095	1
24	5	0.05	-7.681809507521958	1
24	6	0.05	-6.372816540594823	1
24	7	0.05	-2.2668480575831653	1
24	8	0.05	-7.546389035270653	1
24	9	0.05	-7.701390320623257	1
24	10	0.05	-4.210729356123026	1
25	1	0.05	-7.265346924251612	3
25	2	0.05	-7.068570598380929	3
25	4	0.05	-4.267123741853161	3
25	5	0.05	-7.869547874416605	3
25	6	0.05	-7.915947376379239	3
25	7	0.05	-7.801149275875146	3
25	8	0.05	-7.804561594660805	3
25	9	0.05	-7.876085212211224	3
25	10	0.05	-7.798593155607524	3
26	1	0.05	-7.845365528677614	4
26	2	0.05	-7.720983051362634	4
26	3	0.05	-7.376990778533509	4
26	5	0.05	-7.827461403960227	4
26	6	0.05	-5.475356504959274	4
26	7	0.05	-7.808319423133293	4
26	8	0.05	-7.737785360804454	4
26	9	0.05	-7.803442482522465	4
26	10	0.05	-7.560971780610989	4
27	1	0.05	-0.5472325214838814	7
27	2	0.05	5.243330177701201	7
27	3	0.05	4.699371161142652	7
27	4	0.05	5.193791127804774	7
27	5	0.05	5.9927295218053	7
27	6	0.05	7.083215473445287	7
27	8	0.05	-0.2788460501531824	7
27	9	0.05	4.249377809716265	7
27	10	0.05	-0.20816053762946088	7
28	1	0.05	-7.938918274771322	7
28	2	0.05	-7.853053224174603	7
28	3	0.05	-4.02231345319258	7
28	4	0.05	-7.867973537339903	7
28	5	0.05	-6.680237051591308	7
28	6	0.05	-7.097417583296719	7
28	8	0.05	-7.833182914857677	7
28	9	0.05	-7.349226143962492	7
28	10	0.05	-7.777725088289451	7
29	1	0.05	-7.208310059789968	8
29	2	0.05	-7.234166125641516	8
29	3	0.05	-7.1819571655615135	8
29	4	0.05	-5.268431112488276	8
29	5	0.05	-7.206213857361132	8
29	6	0.05	-2.54532612037452	8
29	7	0.05	-6.078972621802978	8
29	9	0.05	-3.4559685169358367	8
29	10	0.05	-6.777215357158765	8
30	1	0.05	-6.319750397556095	5
30	2	0.05	-6.343875185835386	5
30	3	0.05	-5.943130436544024	5
30	4	0.05	-6.362920598977378	5
30	6	0.05	-6.474905188103522	5
30	7	0.05	-2.506610176862559	5
30	8	0.05	-1.6813579912724022	5
30	9	0.05	-6.476407152840652	5
30	10	0.05	-0.8539857116707554	5
32	1	0.05	-7.886724485616859	4
32	2	0.05	-7.761747555268222	4
32	3	0.05	-7.696749900562521	4
32	5	0.05	-7.851462885438339	4
32	6	0.05	-7.756267369672149	4
32	7	0.05	-7.862380923974863	4
32	8	0.05	-7.773875539373274	4
32	9	0.05	-7.8476033593803765	4
32	10	0.05	-7.806832954511544	4
33	1	0.05	-4.946635713708191	9
33	2	0.05	-5.079742368767888	9
33	3	0.05	0.5426275240706735	9
33	4	0.05	-0.6910518000516926	9
33	5	0.05	-5.113723140638482	9
33	6	0.05	-2.358422310700647	9
33	7	0.05	-3.6369641424778973	9
33	8	0.05	-5.101103210168838	9
33	10	0.05	-1.7312604050981937	9
35	1	0.05	-8.033527083943614	6
35	2	0.05	-7.918617152725071	6
35	3	0.05	-7.869088971938487	6
35	4	0.05	-6.628483947979256	6
35	5	0.05	-7.985605603521312	6
35	7	0.05	-7.027270415483408	6
35	8	0.05	-7.8974592743147936	6
35	9	0.05	-7.821780520926927	6
35	10	0.05	-7.8439761242149375	6
36	1	0.05	-7.768337615110867	5
36	2	0.05	-7.734973772917831	5
36	3	0.05	-7.568673282158496	5
36	4	0.05	-7.724766620021702	5
36	6	0.05	-7.803694512268764	5
36	7	0.05	-6.023280807798275	5
36	8	0.05	-7.6684586464484905	5
36	9	0.05	-5.879615517442498	5
36	10	0.05	-5.369405339973778	5
37	1	0.05	-1.8187421184223873	3
37	2	0.05	-1.7842965179036785	3
37	4	0.05	5.241100872332014	3
37	5	0.05	-1.737755238844528	3
37	6	0.05	-1.4739717659455203	3
37	7	0.05	-1.849751012502322	3
37	8	0.05	-0.5627584562722904	3
37	9	0.05	-0.47601715737533673	3
37	10	0.05	-1.827347325586575	3
38	1	0.05	-7.814781159572137	6
38	2	0.05	-7.921330819907507	6
38	3	0.05	-7.595305337859703	6
38	4	0.05	-5.3167513077441635	6
38	5	0.05	-8.003158740039968	6
38	7	0.05	-7.875838165322676	6
38	8	0.05	-7.887257502975651	6
38	9	0.05	-7.275943910084197	6
38	10	0.05	-7.930395920225333	6
39	1	0.05	1.5553219690384923	6
39	2	0.05	-1.7088251855030978	6
39	3	0.05	2.4178666556222423	6
39	4	0.05	1.2926715615770932	6
39	5	0.05	-1.936757730238733	6
39	7	0.05	4.169221716663769	6
39	8	0.05	-2.0017846014178553	6
39	9	0.05	2.1746673060833386	6
39	10	0.05	3.017000807041974	6
40	1	0.05	-0.24976464197171716	9
40	2	0.05	5.012261734109677	9
40	3	0.05	0.5565177711519426	9
40	4	0.05	6.173285279401729	9
40	5	0.05	0.7889713222263242	9
40	6	0.05	7.389574743507411	9
40	7	0.05	1.551490191215958	9
40	8	0.05	-0.18005319530879	9
40	10	0.05	0.5816120592698668	9
41	1	0.05	-7.962307571249086	6
41	2	0.05	-7.931264371337148	6
41	3	0.05	-7.884680747233489	6
41	4	0.05	-6.556316076923433	6
41	5	0.05	-7.988856391110612	6
41	7	0.05	-7.6057483533891626	6
41	8	0.05	-7.889512236593573	6
41	9	0.05	-7.820300908650386	6
41	10	0.05	-5.994559385407602	6
42	1	0.05	-7.631454812666638	3
42	2	0.05	-7.51264969886891	3
42	4	0.05	-4.689784596232498	3
42	5	0.05	-7.589310987840848	3
42	6	0.05	-5.64657469223067	3
42	7	0.05	-7.441063907785612	3
42	8	0.05	-7.5162380535145665	3
42	9	0.05	-2.156252108684899	3
42	10	0.05	-7.53444345683526	3
43	1	0.05	-1.3737473334735406	10
43	2	0.05	-0.9814344107736652	10
43	3	0.05	-0.7333633941830244	10
43	4	0.05	2.383992060509224	10
43	5	0.05	5.81706168196544	10
43	6	0.05	2.9503894155740413	10
43	7	0.05	1.1036612585180903	10
43	8	0.05	-1.2824500662218163	10
43	9	0.05	2.3678245058128065	10
44	1	0.05	0.8403182841238228	3
44	2	0.05	-3.192795931975386	3
44	4	0.05	-2.9368667548315988	3
44	5	0.05	-3.013824026643558	3
44	6	0.05	-3.393871225107451	3
44	7	0.05	4.620915898161592	3
44	8	0.05	0.38337144567877796	3
44	9	0.05	-3.292748220666983	3
44	10	0.05	-3.0625462871461506	3
45	1	0.05	-2.8436541698995774	5
45	2	0.05	-3.224558870595318	5
45	3	0.05	-3.168660815792011	5
45	4	0.05	-3.095139499162679	5
45	6	0.05	0.8297081308510473	5
45	7	0.05	0.215923267467519	5
45	8	0.05	-1.0332799288393653	5
45	9	0.05	1.1902744270627954	5
45	10	0.05	2.407307346726359	5
46	1	0.05	-7.896523783563869	3
46	2	0.05	-7.797096992468624	3
46	4	0.05	-7.673377017929811	3
46	5	0.05	-7.880966859820135	3
46	6	0.05	-7.940789233535052	3
46	7	0.05	-7.4746321437940795	3
46	8	0.05	-7.820828797212597	3
46	9	0.05	-7.900236668697293	3
46	10	0.05	-7.806195170710117	3
47	1	0.05	-2.345521183880302	8
47	2	0.05	-2.0886540322944054	8
47	3	0.05	-1.733535938646308	8
47	4	0.05	4.45229235288145	8
47	5	0.05	-2.2663439935942007	8
47	6	0.05	-0.42364023781100857	8
47	7	0.05	-2.1767014852177846	8
47	9	0.05	1.480790353247298	8
47	10	0.05	2.0618543712166617	8
48	2	0.05	-7.683665310315176	1
48	3	0.05	-7.615906022839775	1
48	4	0.05	-7.442993679113494	1
48	5	0.05	-7.763130169789139	1
48	6	0.05	-7.61230022767563	1
48	7	0.05	-6.586799263871621	1
48	8	0.05	-7.613135026376833	1
48	9	0.05	-7.799556973072554	1
48	10	0.05	-7.577764562761397	1
49	1	0.05	-5.640548438805888	6
49	2	0.05	-4.937556688349385	6
49	3	0.05	-5.481276288128421	6
49	4	0.05	0.3020366120700802	6
49	5	0.05	-5.610315836508286	6
49	7	0.05	-5.49421796212371	6
49	8	0.05	-5.499670033674778	6
49	9	0.05	-4.702954070051338	6
49	10	0.05	-3.5678276841100494	6
50	1	0.05	-7.47444567180351	2
50	3	0.05	-7.169970052105154	2
50	4	0.05	-7.460205146804736	2
50	5	0.05	-4.813831466886092	2
50	6	0.05	-7.584186856452985	2
50	7	0.05	-6.271090804789321	2
50	8	0.05	-7.066754667092692	2
50	9	0.05	-4.275956905700793	2
50	10	0.05	-7.364792830861064	2
51	2	0.05	-7.680471630119731	1
51	3	0.05	-2.1036600904752087	1
51	4	0.05	-7.553025450315687	1
51	5	0.05	-7.746930948093072	1
51	6	0.05	-7.716436924761987	1
51	7	0.05	-7.622134573433061	1
51	8	0.05	-7.610658710873079	1
51	9	0.05	-7.790286820454819	1
51	10	0.05	-6.567355837695662	1
52	1	0.05	-5.6357613744039945	8
52	2	0.05	-4.0978798022848535	8
52	3	0.05	-5.47305748934729	8
52	4	0.05	-1.2594880684353784	8
52	5	0.05	-5.564971303532298	8
52	6	0.05	-5.651166274666794	8
52	7	0.05	-5.691440025629137	8
52	9	0.05	-5.408190253477564	8
52	10	0.05	-3.6071499531374833	8
53	1	0.05	-2.4614762087265043	10
53	2	0.05	-2.2513863642890573	10
53	3	0.05	-2.2953272058216583	10
53	4	0.05	1.7200089998778152	10
53	5	0.05	3.1579521542278064	10
53	6	0.05	1.4965115638387532	10
53	7	0.05	2.2223317462673884	10
53	8	0.05	-0.11708382288166984	10
53	9	0.05	-0.28965649886178196	10
54	1	0.05	0.15396280760241574	10
54	2	0.05	-1.6558927733581825	10
54	3	0.05	2.9816014816057015	10
54	4	0.05	-1.6288611445838865	10
54	5	0.05	4.495957412914236	10
54	6	0.05	-0.539327577441968	10
54	7	0.05	3.077238661862493	10
54	8	0.05	-1.5765096177621662	10
54	9	0.05	-1.4875603500281993	10
55	1	0.05	-7.599547998079958	10
55	2	0.05	-7.551725571453149	10
55	3	0.05	-7.540881248696449	10
55	4	0.05	-7.423947384227008	10
55	5	0.05	-4.248813139325612	10
55	6	0.05	-5.596075570075938	10
55	7	0.05	-7.532619807121994	10
55	8	0.05	-3.9157327801901456	10
55	9	0.05	-2.086173193101289	10
56	1	0.05	-7.948123497280379	7
56	2	0.05	-7.861905193873099	7
56	3	0.05	-7.7819815981635525	7
56	4	0.05	-7.888888079043468	7
56	5	0.05	-7.8896726065553064	7
56	6	0.05	-7.576456218785698	7
56	8	0.05	-7.835322278548534	7
56	9	0.05	-6.708365979298804	7
56	10	0.05	-7.808627924589747	7
57	1	0.05	-8.025033569956934	6
57	2	0.05	-7.922859267089511	6
57	3	0.05	-7.8763420707295575	6
57	4	0.05	-5.370063877345645	6
57	5	0.05	-7.962320573830105	6
57	7	0.05	-7.511101231975488	6
57	8	0.05	-7.880252990543898	6
57	9	0.05	-8.019786458915991	6
57	10	0.05	-5.144746352981201	6
58	1	0.05	-5.069496580159649	9
58	2	0.05	-4.968797897757827	9
58	3	0.05	-4.301304140375059	9
58	4	0.05	-0.7811366740923306	9
58	5	0.05	-1.937427097883882	9
58	6	0.05	-0.8148706554707624	9
58	7	0.05	-2.5407628713743344	9
58	8	0.05	-4.95115124805362	9
58	10	0.05	-1.1304254150963224	9
59	1	0.05	-3.842956800016573	9
59	2	0.05	-6.646012130098938	9
59	3	0.05	-3.5666560085664107	9
59	4	0.05	-5.5140478401370645	9
59	5	0.05	-0.9672446267410242	9
59	6	0.05	-6.158347445770355	9
59	7	0.05	-5.534938969823593	9
59	8	0.05	-6.6517969384832245	9
59	10	0.05	-6.1996079596948555	9
60	1	0.05	-7.877455689728406	7
60	2	0.05	-6.710928671198835	7
60	3	0.05	-0.2992743096426523	7
60	4	0.05	-7.772991210117199	7
60	5	0.05	-5.122805690411984	7
60	6	0.05	-4.01333837053532	7
60	8	0.05	-7.789231803642766	7
60	9	0.05	-3.4478847714991465	7
60	10	0.05	-7.780481121739407	7
61	1	0.05	-6.608715521324767	10
61	2	0.05	-6.529034826400303	10
61	3	0.05	-6.502415766560745	10
61	4	0.05	0.41824441204396995	10
61	5	0.05	-6.354321728656473	10
61	6	0.05	-0.9036347401319672	10
61	7	0.05	-5.588567410289015	10
61	8	0.05	-4.138119233880024	10
61	9	0.05	-6.338892520452071	10
62	1	0.05	-0.6806568401392122	10
62	2	0.05	-1.3010448637576106	10
62	3	0.05	1.1807254044254252	10
62	4	0.05	-1.255652432693504	10
62	5	0.05	6.453524480391809	10
62	6	0.05	-1.3777919312565468	10
62	7	0.05	1.024499557181687	10
62	8	0.05	-1.1151932905256774	10
62	9	0.05	-0.7754115892936733	10
63	1	0.05	-7.0832084828003685	6
63	2	0.05	-3.596070756625949	6
63	3	0.05	-7.872265049706036	6
63	4	0.05	-4.568223254813969	6
63	5	0.05	-7.159373173574922	6
63	7	0.05	-7.872953904631932	6
63	8	0.05	-7.226861269815804	6
63	9	0.05	-6.186072255743167	6
63	10	0.05	-7.849820303650467	6
64	1	0.05	-6.911753990365703	5
64	2	0.05	-6.856196061467337	5
64	3	0.05	-6.832033188618015	5
64	4	0.05	-6.447550146039918	5
64	6	0.05	-6.977376376626825	5
64	7	0.05	-0.843726347707832	5
64	8	0.05	-2.1255951999797094	5
64	9	0.05	-5.483001474378211	5
64	10	0.05	-5.474840183293411	5
65	1	0.05	-4.628718109304864	3
65	2	0.05	-4.808573051332776	3
65	4	0.05	1.71147104655728	3
65	5	0.05	-4.5879060526860105	3
65	6	0.05	-3.7814644893284832	3
65	7	0.05	-4.530991593486846	3
65	8	0.05	-1.4081654406733215	3
65	9	0.05	-3.4019487339648826	3
65	10	0.05	-4.51046399919524	3
66	1	0.05	-7.946086282725395	7
66	2	0.05	-7.86744090678411	7
66	3	0.05	-7.781339324083255	7
66	4	0.05	-7.8970584770942525	7
66	5	0.05	-6.3619521272145665	7
66	6	0.05	-5.9975117450244575	7
66	8	0.05	-7.83615163707209	7
66	9	0.05	-7.924907820607843	7
66	10	0.05	-7.809871462138575	7
67	1	0.05	0.5131958190274423	9
67	2	0.05	-7.079701103787426	9
67	3	0.05	-6.229648799330523	9
67	4	0.05	-0.8042232513627406	9
67	5	0.05	-7.176661441395114	9
67	6	0.05	-7.131127412214748	9
67	7	0.05	-7.108791674400015	9
67	8	0.05	-7.07250290877477	9
67	10	0.05	-7.111152733658908	9
68	1	0.05	-1.69509929205357	2
68	3	0.05	-0.3657790109191872	2
68	4	0.05	4.481284588701954	2
68	5	0.05	-1.6644188479768098	2
68	6	0.05	0.4280991819944322	2
68	7	0.05	1.279486617422789	2
68	8	0.05	-1.5888263709086128	2
68	9	0.05	4.222525399670007	2
68	10	0.05	-1.5888312758352987	2
69	2	0.05	-6.685973758125025	1
69	3	0.05	-6.620584201647653	1
69	4	0.05	-5.853768143641608	1
69	5	0.05	-6.756158861260591	1
69	6	0.05	-4.272809779157582	1
69	7	0.05	-6.285692449586237	1
69	8	0.05	-4.287914995389116	1
69	9	0.05	-6.790267308826426	1
69	10	0.05	-3.127193669649691	1
70	1	0.05	-7.946104566091473	7
70	2	0.05	-7.82377193065164	7
70	3	0.05	-7.778890258259471	7
70	4	0.05	-7.879866423260504	7
70	5	0.05	-5.589656237237023	7
70	6	0.05	-3.9162841193114386	7
70	8	0.05	-7.831633017784799	7
70	9	0.05	-7.953585064833431	7
70	10	0.05	-7.808484628507734	7
71	1	0.05	-2.1035152076262214	10
71	2	0.05	0.1610943191001928	10
71	3	0.05	-1.847626719203575	10
71	4	0.05	4.312589945674479	10
71	5	0.05	0.21438943219553647	10
71	6	0.05	5.472307689675736	10
71	7	0.05	-0.9577951463382174	10
71	8	0.05	0.6261887747977767	10
71	9	0.05	-1.220035107695769	10
72	1	0.05	-3.028926005047917	6
72	2	0.05	-7.908939029175986	6
72	3	0.05	-7.819696333466666	6
72	4	0.05	-4.890394497922141	6
72	5	0.05	-7.968678835535913	6
72	7	0.05	-7.876325210124669	6
72	8	0.05	-7.223647436946126	6
72	9	0.05	-1.9821033595778754	6
72	10	0.05	-2.850483770989721	6
73	1	0.05	-8.012163470417589	6
73	2	0.05	-7.898498421824696	6
73	3	0.05	-7.860047346417135	6
73	4	0.05	-4.917838544630781	6
73	5	0.05	-7.962740427909736	6
73	7	0.05	-1.8880310103249507	6
73	8	0.05	-7.864476089836399	6
73	9	0.05	-8.008198284416611	6
73	10	0.05	-7.883170103742791	6
74	1	0.05	-7.779696295141269	5
74	2	0.05	-7.726392104800431	5
74	3	0.05	-7.68667919484599	5
74	4	0.05	-7.6738189485486	5
74	6	0.05	-7.394485027979859	5
74	7	0.05	-7.7084548613786525	5
74	8	0.05	-5.4845876617850955	5
74	9	0.05	-7.607136147745543	5
74	10	0.05	-4.5786530647223325	5
75	1	0.05	-4.35806009541951	2
75	3	0.05	-3.9845710096064506	2
75	4	0.05	-2.6285426567810792	2
75	5	0.05	-3.872919521662447	2
75	6	0.05	-0.20858427298389334	2
75	7	0.05	-4.004374724054416	2
75	8	0.05	-4.2657827066940825	2
75	9	0.05	-2.52429660290334	2
75	10	0.05	-4.195316198531003	2
76	1	0.05	-7.907134117464957	7
76	2	0.05	-7.5606435393540465	7
76	3	0.05	-4.123116700851582	7
76	4	0.05	-6.427494847203066	7
76	5	0.05	-5.694329660839989	7
76	6	0.05	-7.968379937258311	7
76	8	0.05	-7.815593951046287	7
76	9	0.05	-7.142386893088064	7
76	10	0.05	-7.806396892368371	7
77	1	0.05	-1.7610774206116562	8
77	2	0.05	-1.5676794955388964	8
77	3	0.05	4.432995213298041	8
77	4	0.05	4.142656614315217	8
77	5	0.05	-1.6030064932487225	8
77	6	0.05	-1.6111429793297252	8
77	7	0.05	-1.6578692241020416	8
77	9	0.05	-1.0168446217032052	8
77	10	0.05	-0.33231690518982676	8
78	1	0.05	-1.118327297943543	6
78	2	0.05	-5.655926443150977	6
78	3	0.05	-5.575892428892208	6
78	4	0.05	-1.840514677575673	6
78	5	0.05	-4.037137767557514	6
78	7	0.05	0.2486521753912499	6
78	8	0.05	-5.550803279295442	6
78	9	0.05	-5.758128859039163	6
78	10	0.05	-4.273909853790247	6
79	1	0.05	-0.17867991674837974	3
79	2	0.05	-0.08154218891611059	3
79	4	0.05	5.8423182161335445	3
79	5	0.05	6.6424304160729974	3
79	6	0.05	7.251844193171135	3
79	7	0.05	1.9130661415609214	3
79	8	0.05	0.787254887569338	3
79	9	0.05	-0.18675217689728274	3
79	10	0.05	-0.036975215319641964	3
80	1	0.05	-2.2285349761777793	10
80	2	0.05	-1.152328380239633	10
80	3	0.05	-2.5839821546126256	10
80	4	0.05	1.2044183718221244	10
80	5	0.05	3.431214967872945	10
80	6	0.05	-0.40271699009951734	10
80	7	0.05	-2.5404877493463363	10
80	8	0.05	-0.5640029707892755	10
80	9	0.05	1.0605538474467886	10
81	2	0.05	-1.2309617615561586	1
81	3	0.05	2.7101476422667816	1
81	4	0.05	-0.9940011356813203	1
81	5	0.05	1.8521763228530388	1
81	6	0.05	-0.6023313087796751	1
81	7	0.05	4.919887837701227	1
81	8	0.05	-1.1044626540120157	1
81	9	0.05	-1.311462488143964	1
81	10	0.05	-1.167237026146918	1
82	1	0.05	-7.874635290703456	7
82	2	0.05	-7.850413516692568	7
82	3	0.05	-3.7187172061455636	7
82	4	0.05	-7.879097130070682	7
82	5	0.05	-4.08656202036602	7
82	6	0.05	-7.666761891286657	7
82	8	0.05	-7.823985570337019	7
82	9	0.05	-7.907081427446346	7
82	10	0.05	-6.522361683946013	7
83	1	0.05	-7.7576539891480785	5
83	2	0.05	-7.706093896465876	5
83	3	0.05	-3.0326775960048726	5
83	4	0.05	-7.666127199339662	5
83	6	0.05	-6.170015480298963	5
83	7	0.05	-5.21577761014922	5
83	8	0.05	-7.186179738399067	5
83	9	0.05	-7.7539401211202605	5
83	10	0.05	-6.440248395977733	5
84	1	0.05	-4.583072637142392	5
84	2	0.05	-4.237070292580097	5
84	3	0.05	-4.466078580651595	5
84	4	0.05	-4.06750777173575	5
84	6	0.05	-4.582104981708068	5
84	7	0.05	-4.193120635213073	5
84	8	0.05	-4.067831760742552	5
84	9	0.05	-0.774054229292043	5
84	10	0.05	1.3173637872205808	5
85	1	0.05	-0.38564046704952454	3
85	2	0.05	-2.0122293973540732	3
85	4	0.05	0.794819059869103	3
85	5	0.05	-2.0445557284180866	3
85	6	0.05	-2.069504881209688	3
85	7	0.05	-2.03803615370654	3
85	8	0.05	5.137810521778256	3
85	9	0.05	1.8977376510009216	3
85	10	0.05	-1.530541584558091	3
86	1	0.05	-1.576177484994107	9
86	2	0.05	-1.5305145799409186	9
86	3	0.05	-0.29758065748929763	9
86	4	0.05	4.987906353994095	9
86	5	0.05	1.8834442587337046	9
86	6	0.05	4.6736436106085675	9
86	7	0.05	1.0735282480796402	9
86	8	0.05	-1.4895022870076953	9
86	10	0.05	3.350912939141986	9
87	1	0.05	-7.451858027128872	8
87	2	0.05	-7.381918635113515	8
87	3	0.05	-7.172958686052559	8
87	4	0.05	-0.9940797489932537	8
87	5	0.05	-3.2124300577132683	8
87	6	0.05	-6.9914170869719925	8
87	7	0.05	-7.314098535008374	8
87	9	0.05	-7.36648171782493	8
87	10	0.05	-7.204145769734969	8
88	1	0.05	-7.278162884439081	9
88	2	0.05	-7.195925395132158	9
88	3	0.05	-4.968114705095722	9
88	4	0.05	-6.743519232471196	9
88	5	0.05	-7.286216328077701	9
88	6	0.05	-3.794556147239368	9
88	7	0.05	-6.277545308599148	9
88	8	0.05	-7.218815266156065	9
88	10	0.05	-7.258069205674285	9
89	1	0.05	-1.8041771596600358	4
89	2	0.05	-2.371540375935374	4
89	3	0.05	-1.7964795866256698	4
89	5	0.05	-1.5116992734813264	4
89	6	0.05	4.9637735701536005	4
89	7	0.05	-1.8733823472219866	4
89	8	0.05	-1.985607331539588	4
89	9	0.05	0.03446195336688029	4
89	10	0.05	0.045089522816090966	4
90	2	0.05	-7.685288910869473	1
90	3	0.05	-7.60998339561653	1
90	4	0.05	-7.5584464669313745	1
90	5	0.05	-7.762169729012262	1
90	6	0.05	-7.116020560733669	1
90	7	0.05	-7.456782189816101	1
90	8	0.05	-7.615147915612691	1
90	9	0.05	-7.802947866997981	1
90	10	0.05	-5.017055370867042	1
91	1	0.05	-7.871854349941783	10
91	2	0.05	-7.801706669662008	10
91	3	0.05	-7.804364950061159	10
91	4	0.05	-6.752453147626621	10
91	5	0.05	-7.089594729732289	10
91	6	0.05	-7.06449140147527	10
91	7	0.05	-7.8193439961203035	10
91	8	0.05	-7.718490033148556	10
91	9	0.05	-7.830997076631282	10
92	2	0.05	-5.603553888085594	1
92	3	0.05	-1.915974112828516	1
92	4	0.05	-5.447830815201741	1
92	5	0.05	-5.651755650009064	1
92	6	0.05	1.0622720738421865	1
92	7	0.05	-2.143149941817647	1
92	8	0.05	-5.413944455627444	1
92	9	0.05	-3.991919118262347	1
92	10	0.05	-5.509589296192745	1
93	1	0.05	-4.767584114023378	2
93	3	0.05	-4.660968746353894	2
93	4	0.05	0.20647306811548027	2
93	5	0.05	-2.0072491425690377	2
93	6	0.05	-2.8984746565726547	2
93	7	0.05	-4.02945872921098	2
93	8	0.05	-3.5293403980689724	2
93	9	0.05	0.9525324248861406	2
93	10	0.05	-4.354845968883197	2
94	1	0.05	-2.5776870193132315	2
94	3	0.05	-2.455614738671552	2
94	4	0.05	2.250932365880003	2
94	5	0.05	-0.13981862529417438	2
94	6	0.05	-0.5752914325974725	2
94	7	0.05	2.174136038928909	2
94	8	0.05	-1.397480072839027	2
94	9	0.05	2.6237993970440763	2
94	10	0.05	-0.8014690342906956	2
95	1	0.05	-7.511364128440312	10
95	2	0.05	-6.130305295692307	10
95	3	0.05	-7.42851553895935	10
95	4	0.05	-2.0146070683132855	10
95	5	0.05	-7.443961507612936	10
95	6	0.05	-0.7401618715322039	10
95	7	0.05	-7.512747549040156	10
95	8	0.05	-0.38009105246955166	10
95	9	0.05	-7.489729243308604	10
96	1	0.05	-5.202756516729851	5
96	2	0.05	-5.03496832963956	5
96	3	0.05	-5.106296355176704	5
96	4	0.05	-5.173053874591232	5
96	6	0.05	-5.302270315979511	5
96	7	0.05	-4.658714551571155	5
96	8	0.05	-5.123555104243488	5
96	9	0.05	-5.1588301253009705	5
96	10	0.05	0.9403042519436172	5
97	1	0.05	-4.937986325490897	6
97	2	0.05	-4.788450989974522	6
97	3	0.05	-5.823952191769327	6
97	4	0.05	1.037199686179596	6
97	5	0.05	-4.987082384897645	6
97	7	0.05	-5.2966690109272765	6
97	8	0.05	-5.772428582055612	6
97	9	0.05	-5.8325751197758136	6
97	10	0.05	-5.899948215552642	6
98	1	0.05	-0.8651936900879849	10
98	2	0.05	-1.0818642660223032	10
98	3	0.05	1.116817303457572	10
98	4	0.05	2.698708703256385	10
98	5	0.05	4.965287358503366	10
98	6	0.05	5.340644344251705	10
98	7	0.05	3.2180100150790154	10
98	8	0.05	3.8870133080663574	10
98	9	0.05	-1.0672164776358415	10
100	1	0.05	-7.227989194658951	7
100	2	0.05	-6.773549752986532	7
100	3	0.05	-4.42716076009874	7
100	4	0.05	-7.1511407368300235	7
100	5	0.05	-5.793488063776405	7
100	6	0.05	-1.7541678909907024	7
100	8	0.05	-7.133817037206116	7
100	9	0.05	-3.0326549518454984	7
100	10	0.05	-6.39138004953503	7
101	1	0.05	-4.125330787709241	7
101	2	0.05	-4.038568057678709	7
101	3	0.05	-3.1276525810326627	7
101	4	0.05	-1.9783673871031624	7
101	5	0.05	-1.3219819403058275	7
101	6	0.05	3.3922622453605022	7
101	8	0.05	-4.020427941931968	7
101	9	0.05	0.8738070843600915	7
101	10	0.05	-2.587645450232489	7
102	2	0.05	-7.678757120663921	1
102	3	0.05	-4.014268200501894	1
102	4	0.05	-7.556925190296594	1
102	5	0.05	-7.761704451631265	1
102	6	0.05	-7.747082579426528	1
102	7	0.05	-6.6194059016971565	1
102	8	0.05	-7.613353855170988	1
102	9	0.05	-7.800374164152437	1
102	10	0.05	-7.609833563576535	1
103	1	0.05	-6.457722587889973	8
103	2	0.05	-6.530655742738306	8
103	3	0.05	-6.504867898792594	8
103	4	0.05	-3.206740933672348	8
103	5	0.05	-6.400875606246771	8
103	6	0.05	-1.1794483777960514	8
103	7	0.05	-6.388890770541043	8
103	9	0.05	-6.599001658069087	8
103	10	0.05	0.42640212977004344	8
105	1	0.05	-1.306556856319227	9
105	2	0.05	-1.0061476093097437	9
105	3	0.05	-0.43594320723821167	9
105	4	0.05	6.1037448484873975	9
105	5	0.05	-0.3960194976927872	9
105	6	0.05	-1.190339665337287	9
105	7	0.05	-1.2671098332958823	9
105	8	0.05	1.5001513950466108	9
105	10	0.05	2.401323775795648	9
106	1	0.05	-2.080153459390296	5
106	2	0.05	-3.6932629338914595	5
106	3	0.05	0.11714360199961359	5
106	4	0.05	-3.2449138713355814	5
106	6	0.05	-3.330531070187098	5
106	7	0.05	1.1417964169684802	5
106	8	0.05	-3.5545341985998657	5
106	9	0.05	-1.9385361920301825	5
106	10	0.05	-1.360490170519728	5
107	1	0.05	-3.944766206913478	9
107	2	0.05	-4.008777188312164	9
107	3	0.05	0.22148897601296436	9
107	4	0.05	2.752379095264127	9
107	5	0.05	-4.0835656396811775	9
107	6	0.05	-2.1062644143995346	9
107	7	0.05	-4.109552200153138	9
107	8	0.05	0.006477900876923484	9
107	10	0.05	-3.2890354076634085	9
109	1	0.05	-1.565617257597976	2
109	3	0.05	-0.38682770961669866	2
109	4	0.05	3.64211366647064	2
109	5	0.05	-0.045280627308516376	2
109	6	0.05	1.9286072683876228	2
109	7	0.05	0.6457325423717483	2
109	8	0.05	-1.4306979096282144	2
109	9	0.05	4.787908411442256	2
109	10	0.05	-0.9719347897712343	2
110	1	0.05	-0.22079263374806676	9
110	2	0.05	-0.11519695188968919	9
110	3	0.05	6.007678581832743	9
110	4	0.05	2.4253612428159252	9
110	5	0.05	0.6545888479467933	9
110	6	0.05	7.06252263097498	9
110	7	0.05	0.01936300561338302	9
110	8	0.05	-0.0750597854284378	9
110	10	0.05	4.227102622298412	9
111	2	0.05	-7.630024746853935	1
111	3	0.05	-5.804759751819855	1
111	4	0.05	-6.106789809678636	1
111	5	0.05	-6.454887239551277	1
111	6	0.05	0.022082826278268262	1
111	7	0.05	-3.768206450310595	1
111	8	0.05	-7.586698153705084	1
111	9	0.05	-2.993812931941404	1
111	10	0.05	-5.183202850797759	1
112	1	0.05	-6.4882156383091445	3
112	2	0.05	-7.240235410171445	3
112	4	0.05	-1.2305001329709906	3
112	5	0.05	-7.3231818300303315	3
112	6	0.05	-7.342264974927859	3
112	7	0.05	-7.150553157392904	3
112	8	0.05	-7.281607558612513	3
112	9	0.05	0.47127536378057755	3
112	10	0.05	-6.725081489806706	3
113	1	0.05	-0.0019523748416920756	10
113	2	0.05	1.2921404591651258	10
113	3	0.05	-0.0003488305027107199	10
113	4	0.05	1.5688637297002808	10
113	5	0.05	5.600495317884228	10
113	6	0.05	1.09400146966789	10
113	7	0.05	-0.07763625475382473	10
113	8	0.05	6.626817947733484	10
114	1	0.05	-4.118305095297596	2
114	3	0.05	-0.7548406560100845	2
114	4	0.05	-2.6213633103539293	2
114	5	0.05	-2.880109772732263	2
114	6	0.05	-4.165198984554033	2
114	7	0.05	0.28596734463548484	2
114	8	0.05	-4.014595061834759	2
114	9	0.05	-0.8534174431222588	2
114	10	0.05	-4.021708649306832	2
115	2	0.05	-6.9511283333008	1
115	3	0.05	-4.127262387887376	1
115	4	0.05	-6.712133470666053	1
115	5	0.05	-6.997470940177307	1
115	6	0.05	0.043287469510957875	1
115	7	0.05	-6.868022753053867	1
115	8	0.05	-6.827872551887769	1
115	9	0.05	-7.026120180897477	1
115	10	0.05	-3.37092340569882	1
116	1	0.05	-3.5108806602232936	4
116	2	0.05	-3.414903768166586	4
116	3	0.05	-0.5844755577217001	4
116	5	0.05	-3.46843173403034	4
116	6	0.05	2.7363223924187117	4
116	7	0.05	-3.4310817531894595	4
116	8	0.05	-3.4763867868121485	4
116	9	0.05	-3.4255679905285326	4
116	10	0.05	-0.0372147948404792	4
117	1	0.05	-4.9917896319279995	10
117	2	0.05	-4.8875057718541175	10
117	3	0.05	-4.823181254974031	10
117	4	0.05	0.8222231864434909	10
117	5	0.05	-3.0891031608302204	10
117	6	0.05	-4.500636121833241	10
117	7	0.05	-3.5781234312991517	10
117	8	0.05	-4.455922374457041	10
117	9	0.05	-4.581978289851383	10
118	1	0.05	-5.7398197161840185	8
118	2	0.05	-6.492255474529614	8
118	3	0.05	-5.740909145471553	8
118	4	0.05	-4.8870147730497076	8
118	5	0.05	-6.47071026593453	8
118	6	0.05	-3.5484149619133394	8
118	7	0.05	-6.557325804588298	8
118	9	0.05	-6.332616039181102	8
118	10	0.05	-3.7763021303142414	8
119	2	0.05	-7.683977254702101	1
119	3	0.05	-7.102089034190858	1
119	4	0.05	-7.5558124388930565	1
119	5	0.05	-7.7660482185575495	1
119	6	0.05	-7.701244745280634	1
119	7	0.05	-7.525786916725341	1
119	8	0.05	-7.615368102656793	1
119	9	0.05	-7.803368516985526	1
119	10	0.05	-7.050181857367064	1
120	1	0.05	-7.694190590298931	5
120	2	0.05	-7.719048533354111	5
120	3	0.05	-7.661892307930807	5
120	4	0.05	-7.676239121829028	5
120	6	0.05	-7.8376928253309694	5
120	7	0.05	-4.92485257967113	5
120	8	0.05	-3.9274027233273388	5
120	9	0.05	-7.75688918038957	5
120	10	0.05	-2.314549929390346	5
121	1	0.05	-3.8736214558439475	10
121	2	0.05	-3.463379543737601	10
121	3	0.05	-4.128104183150209	10
121	4	0.05	-3.2471407758501267	10
121	5	0.05	-1.8039391281974884	10
121	6	0.05	-3.386169401607396	10
121	7	0.05	-1.9620432835125892	10
121	8	0.05	-3.3931775831951105	10
121	9	0.05	-3.2634321935688964	10
122	1	0.05	-7.712818384736161	7
122	2	0.05	-7.617963954293432	7
122	3	0.05	-0.8243869504390492	7
122	4	0.05	-7.674358666220037	7
122	5	0.05	-7.609925636716225	7
122	6	0.05	-7.579149184253604	7
122	8	0.05	-7.621413260562374	7
122	9	0.05	-2.743264723385293	7
122	10	0.05	-7.625356020894376	7
123	1	0.05	-0.7712854496522271	9
123	2	0.05	-1.0007748899149795	9
123	3	0.05	-0.9087133698235313	9
123	4	0.05	0.3169734392046719	9
123	5	0.05	-1.0071811130094814	9
123	6	0.05	-0.6110702583174018	9
123	7	0.05	4.109457921507707	9
123	8	0.05	3.8757652887102623	9
123	10	0.05	3.947001766501243	9
124	1	0.05	-2.4847496989645474	10
124	2	0.05	-2.514579098311029	10
124	3	0.05	-2.3896585534812207	10
124	4	0.05	2.9887143953391955	10
124	5	0.05	-0.9971585318490329	10
124	6	0.05	1.7757832483149398	10
124	7	0.05	-1.0597184268588866	10
124	8	0.05	-0.7302460759720566	10
124	9	0.05	3.6706690699863396	10
125	1	0.05	-7.354707022731028	4
125	2	0.05	-7.2456493575164	4
125	3	0.05	-7.2170761130337455	4
125	5	0.05	-7.311730572151501	4
125	6	0.05	-1.4682505803187298	4
125	7	0.05	-7.322616286704827	4
125	8	0.05	-3.235748381678564	4
125	9	0.05	-7.3322792036664834	4
125	10	0.05	-4.5688242030270025	4
126	1	0.05	3.8507380205226687	6
126	2	0.05	1.9270071269192273	6
126	3	0.05	1.1227219002574533	6
126	4	0.05	6.107866021366085	6
126	5	0.05	5.402335250788734	6
126	7	0.05	5.288279535532124	6
126	8	0.05	0.1505496646814114	6
126	9	0.05	1.637972676131995	6
126	10	0.05	1.7463149996167515	6
127	1	0.05	-0.8533078036786506	5
127	2	0.05	-0.8057960622594822	5
127	3	0.05	2.8290526341487534	5
127	4	0.05	2.4210272131421906	5
127	6	0.05	0.265859404685207	5
127	7	0.05	6.475771384207813	5
127	8	0.05	2.090517874637276	5
127	9	0.05	-0.6999750297472607	5
127	10	0.05	4.372118070674628	5
128	1	0.05	-6.683141103685229	4
128	2	0.05	-6.567899351079631	4
128	3	0.05	-6.499631269655339	4
128	5	0.05	-6.659781161680107	4
128	6	0.05	-4.895459792334832	4
128	7	0.05	-6.678880355786836	4
128	8	0.05	-6.571260517377166	4
128	9	0.05	-5.050257931908578	4
128	10	0.05	-1.2110599448771577	4
129	1	0.05	-1.7250271011526526	3
129	2	0.05	1.5058614373522226	3
129	4	0.05	1.39559601097804	3
129	5	0.05	-4.205867007784215	3
129	6	0.05	-4.254544740781689	3
129	7	0.05	-1.2395093569023952	3
129	8	0.05	-4.1351329728884245	3
129	9	0.05	-1.2034664502253511	3
129	10	0.05	-4.1643460054977135	3
130	1	0.05	-0.08709384133135316	3
130	2	0.05	-0.9375105212726278	3
130	4	0.05	4.269508248278216	3
130	5	0.05	-0.998180039029025	3
130	6	0.05	0.8853792209447514	3
130	7	0.05	-1.1524822303368674	3
130	8	0.05	-0.9395358365008443	3
130	9	0.05	6.786729662085574	3
130	10	0.05	-0.9803250358828994	3
131	1	0.05	-7.77712666196362	5
131	2	0.05	-7.722780915697489	5
131	3	0.05	-7.6990413238454565	5
131	4	0.05	-7.631664039683709	5
131	6	0.05	-7.4949770053410925	5
131	7	0.05	-6.861655803773392	5
131	8	0.05	-4.086908657200676	5
131	9	0.05	-7.760869164108304	5
131	10	0.05	-4.504024019669536	5
132	2	0.05	-6.544898724241304	1
132	3	0.05	-2.590470591764069	1
132	4	0.05	-6.42031255151694	1
132	5	0.05	-6.613015862263242	1
132	6	0.05	-6.489050506923078	1
132	7	0.05	-5.19890041585855	1
132	8	0.05	-6.476707402969852	1
132	9	0.05	-6.651420632321955	1
132	10	0.05	-6.1156038516005955	1
133	1	0.05	-7.763333637618972	4
133	2	0.05	-7.225867383667022	4
133	3	0.05	-6.191559959944108	4
133	5	0.05	-4.18640904592028	4
133	6	0.05	-2.842044109783225	4
133	7	0.05	-7.445869927343523	4
133	8	0.05	-7.656844706037068	4
133	9	0.05	-7.735590616932721	4
133	10	0.05	-7.691293048581216	4
134	1	0.05	4.2496439206892855	3
134	2	0.05	-1.2322873723874652	3
134	4	0.05	4.216914210424287	3
134	5	0.05	-1.3185728517297608	3
134	6	0.05	-1.4381169772991582	3
134	7	0.05	4.676251185126	3
134	8	0.05	-1.2648935846597151	3
134	9	0.05	-1.4453179012303494	3
134	10	0.05	-1.2891727903011583	3
135	1	0.05	-7.783233272363103	4
135	2	0.05	-7.1711697252885775	4
135	3	0.05	-7.603150269588422	4
135	5	0.05	-6.99391813779596	4
135	6	0.05	-5.3874949293379	4
135	7	0.05	-7.740172788938632	4
135	8	0.05	-7.677911793109743	4
135	9	0.05	-7.686663085709391	4
135	10	0.05	-7.529024835026438	4
136	1	0.05	-1.3095117031317414	6
136	2	0.05	-2.169101482791443	6
136	3	0.05	2.1700047441868593	6
136	4	0.05	4.940445649823629	6
136	5	0.05	-0.3279193718992393	6
136	7	0.05	-2.196678162742944	6
136	8	0.05	1.0195307824366961	6
136	9	0.05	4.762794391086878	6
136	10	0.05	-0.6579853955725417	6
137	1	0.05	-3.93923939806398	2
137	3	0.05	-1.951021309105469	2
137	4	0.05	-1.2306615844253188	2
137	5	0.05	-3.4147078220122027	2
137	6	0.05	-1.445271183545655	2
137	7	0.05	-0.17105635166749414	2
137	8	0.05	-3.684926375951392	2
137	9	0.05	0.25584594469265126	2
137	10	0.05	-3.395830477246797	2
138	1	0.05	-1.8835572248208423	2
138	3	0.05	-1.7072616421250013	2
138	4	0.05	2.6052253256407507	2
138	5	0.05	3.120986956370909	2
138	6	0.05	-0.9588300495509477	2
138	7	0.05	1.1065311323967808	2
138	8	0.05	1.5112485859001434	2
138	9	0.05	-0.6555414957885906	2
138	10	0.05	3.0077124482625544	2
139	1	0.05	-7.845034851448449	3
139	2	0.05	-2.697741448245815	3
139	4	0.05	-0.5027348179815836	3
139	5	0.05	-7.841341897512405	3
139	6	0.05	-7.860920331123536	3
139	7	0.05	-7.730043177885304	3
139	8	0.05	-7.761514572098689	3
139	9	0.05	-4.136067495619967	3
139	10	0.05	-7.788527516149455	3
140	1	0.05	-7.7812709671258125	5
140	2	0.05	-7.731089587472604	5
140	3	0.05	-7.695611835358099	5
140	4	0.05	-7.687670464271749	5
140	6	0.05	-7.638345161063325	5
140	7	0.05	-6.050901123954497	5
140	8	0.05	-3.5309734083641753	5
140	9	0.05	-7.61780237257957	5
140	10	0.05	-5.564103224813617	5
141	1	0.05	-3.597790819120894	9
141	2	0.05	-3.468269736352518	9
141	3	0.05	-1.9200358451034212	9
141	4	0.05	-0.99540422845113	9
141	5	0.05	-3.557012300742743	9
141	6	0.05	-3.5013004287017564	9
141	7	0.05	1.196161925340504	9
141	8	0.05	-3.4741952792720605	9
141	10	0.05	-2.252268731311128	9
142	1	0.05	-4.845479408330411	3
142	2	0.05	-6.0277856392719436	3
142	4	0.05	-0.7100462554879063	3
142	5	0.05	-6.1704023786024	3
142	6	0.05	-6.247639947120439	3
142	7	0.05	-0.09286762205730922	3
142	8	0.05	-6.129432282911763	3
142	9	0.05	0.12129099674174626	3
142	10	0.05	-5.122701717896216	3
143	1	0.05	-6.3313952960905375	3
143	2	0.05	-7.775044694152138	3
143	4	0.05	-1.515542813618749	3
143	5	0.05	-7.717799313528773	3
143	6	0.05	-7.8878155730294575	3
143	7	0.05	-5.765221290178501	3
143	8	0.05	-7.698343962185546	3
143	9	0.05	-7.7959616906790785	3
143	10	0.05	-7.783567654171121	3
144	1	0.05	-7.887670537258681	7
144	2	0.05	-7.835078462981497	7
144	3	0.05	-5.16630169583674	7
144	4	0.05	-7.843583663595835	7
144	5	0.05	-4.360264119573096	7
144	6	0.05	-7.95506154373684	7
144	8	0.05	-6.521761949499145	7
144	9	0.05	-7.92307374926316	7
144	10	0.05	-7.745228985079144	7
145	1	0.05	-2.557225068386633	9
145	2	0.05	-3.1457191004699863	9
145	3	0.05	3.2358053926330776	9
145	4	0.05	-2.998700177833169	9
145	5	0.05	-3.022280834921901	9
145	6	0.05	0.21885457422584148	9
145	7	0.05	0.45538659152281935	9
145	8	0.05	-2.9109310576258456	9
145	10	0.05	-2.8748910231401665	9
146	1	0.05	-4.341681550338224	7
146	2	0.05	-1.446170904464152	7
146	3	0.05	-7.020965742976322	7
146	4	0.05	-6.511694464510838	7
146	5	0.05	-6.025129495602823	7
146	6	0.05	0.265021480634764	7
146	8	0.05	-7.378572789808527	7
146	9	0.05	-2.1195828062299644	7
146	10	0.05	-7.079616676922074	7
147	1	0.05	-2.453363000449437	2
147	3	0.05	3.7010219426899127	2
147	4	0.05	-1.5680949878457395	2
147	5	0.05	3.0168859669155785	2
147	6	0.05	3.092008526472691	2
147	7	0.05	2.284386874309562	2
147	8	0.05	1.9108918240073978	2
147	9	0.05	3.9733307552377912	2
147	10	0.05	-1.7224760180388679	2
148	1	0.05	-0.04933251221273087	8
149	2	0.05	-7.684454876708247	1
149	3	0.05	-7.162379435703682	1
149	4	0.05	-7.555345399535218	1
149	5	0.05	-7.768239235094201	1
149	6	0.05	-7.743731435013868	1
149	7	0.05	-7.644228458975115	1
149	8	0.05	-7.616378955906172	1
149	9	0.05	-7.777757500950589	1
149	10	0.05	-7.614176425684966	1
150	1	0.05	5.5218036819924885	7
150	2	0.05	0.06290216223236633	7
150	3	0.05	4.576059271956211	7
150	4	0.05	4.346570423658759	7
150	5	0.05	6.115380623864602	7
150	6	0.05	5.27300557747824	7
150	8	0.05	2.6926946238277654	7
150	9	0.05	-0.30340765042617174	7
150	10	0.05	1.0114544664851577	7
