Img	Target_Label	Epsilon	Objective_Value	Label
1	1	0.05	-4.104113428815963	3
1	2	0.05	-4.046164173009593	3
1	4	0.05	1.7722040792621059	3
1	5	0.05	-4.124969514848657	3
1	6	0.05	-3.9675237550096067	3
1	7	0.05	-4.056396824159966	3
1	8	0.05	-4.157855388235129	3
1	9	0.05	-0.6156568641362096	3
1	10	0.05	-4.083216631178048	3
2	2	0.05	-7.644259804571759	1
2	3	0.05	-7.507048929244699	1
2	4	0.05	-7.718099204043036	1
2	5	0.05	-7.741494420805781	1
2	6	0.05	-7.581732601774815	1
2	7	0.05	-7.663527219375942	1
2	8	0.05	-7.727490581707068	1
2	9	0.05	-7.668286157232451	1
2	10	0.05	-7.693868258650417	1
3	1	0.05	-7.753090257339158	5
3	2	0.05	-7.676505132818755	5
3	3	0.05	-7.7155590788615145	5
3	4	0.05	-7.788486207245164	5
3	6	0.05	-7.698222203462221	5
3	7	0.05	-6.29214552897455	5
3	8	0.05	-2.5195056358204564	5
3	9	0.05	-7.777553893330675	5
3	10	0.05	-4.184007536509812	5
4	1	0.05	-2.2645904309550624	9
4	2	0.05	-3.981674160572306	9
4	3	0.05	-5.277884874005635	9
4	4	0.05	0.8347452691192019	9
4	5	0.05	-5.646483496694626	9
4	6	0.05	-3.9266741883982377	9
4	7	0.05	-3.0383584260311607	9
4	8	0.05	-5.586585232766421	9
4	10	0.05	-5.010468487336625	9
5	1	0.05	-7.531434130989982	8
5	2	0.05	-7.459969470754898	8
5	3	0.05	-7.3593351651212435	8
5	4	0.05	-3.5976733268016035	8
5	5	0.05	-7.525750038701868	8
5	6	0.05	-7.503392268850777	8
5	7	0.05	-7.624121826163285	8
5	9	0.05	-7.596617006913358	8
5	10	0.05	-7.019958437359193	8
6	1	0.05	-7.825556523552846	7
6	2	0.05	-7.764477089373208	7
6	3	0.05	-7.493319671287474	7
6	4	0.05	-7.873252475925709	7
6	5	0.05	-7.690161468097351	7
6	6	0.05	-7.3834507646200755	7
6	8	0.05	-7.853146238977355	7
6	9	0.05	-7.139483709751894	7
6	10	0.05	-7.820538737693612	7
7	2	0.05	-7.632362155785566	1
7	3	0.05	-7.475492103885797	1
7	4	0.05	-7.699278382169091	1
7	5	0.05	-7.752555100870981	1
7	6	0.05	-6.094708852701636	1
7	7	0.05	-7.552869853741611	1
7	8	0.05	-1.5337066252509186	1
7	9	0.05	-7.694604286526558	1
7	10	0.05	-5.308051732396362	1
8	1	0.05	2.4108215935662685	7
8	2	0.05	-0.9905305641121143	7
8	3	0.05	-0.8066947630712282	7
8	4	0.05	-0.8879024414305202	7
8	5	0.05	-0.9501496110761587	7
8	6	0.05	3.755128171007347	7
8	8	0.05	-1.0925777586174552	7
8	9	0.05	3.380529692485927	7
8	10	0.05	-1.0202259736202897	7
9	1	0.05	-0.17610877522138793	4
9	2	0.05	0.4433373061375172	4
9	3	0.05	0.08258139718142905	4
9	5	0.05	-0.35695720331844377	4
9	6	0.05	5.998961238610581	4
9	7	0.05	-0.21747913493663676	4
9	8	0.05	-0.25103825289733894	4
9	9	0.05	2.3956017270214334	4
9	10	0.05	-0.025853932905375118	4
10	1	0.05	-5.798535154850375	2
10	3	0.05	-5.3053630685743505	2
10	4	0.05	-5.337485709605423	2
10	5	0.05	-3.1807899099176087	2
10	6	0.05	-4.135664311032604	2
10	7	0.05	-4.667233331891656	2
10	8	0.05	-2.2432652152518306	2
10	9	0.05	-3.090629307606429	2
10	10	0.05	-5.684566800697955	2
11	1	0.05	-2.085935411213777	9
11	2	0.05	-2.0229317804477636	9
11	3	0.05	2.708190579105194	9
11	4	0.05	-1.2249711637418803	9
11	5	0.05	-1.9180355475054658	9
11	6	0.05	-1.1128956401815489	9
11	7	0.05	4.943814706643554	9
11	8	0.05	-2.124805959529177	9
11	10	0.05	-2.0808631127646002	9
12	2	0.05	-7.643676032715633	1
12	3	0.05	-7.469431086498138	1
12	4	0.05	-7.704770188949458	1
12	5	0.05	-7.7520536428204405	1
12	6	0.05	-7.585321428981532	1
12	7	0.05	-7.693704915144718	1
12	8	0.05	-7.7299877480306565	1
12	9	0.05	-7.704447783453865	1
12	10	0.05	-5.180679141015565	1
13	1	0.05	-3.097180186845857	8
13	2	0.05	-5.348978593459196	8
13	3	0.05	-4.866650462499311	8
13	4	0.05	0.44559217319630673	8
13	5	0.05	-5.356756162198753	8
13	6	0.05	-3.585233406308337	8
13	7	0.05	-5.205172883503909	8
13	9	0.05	-5.446278690804254	8
13	10	0.05	-2.0677630793838024	8
14	1	0.05	-2.0000284274874174	10
14	2	0.05	-1.9257971324908356	10
14	3	0.05	-1.8636385159813045	10
14	4	0.05	0.46639686277944004	10
14	5	0.05	-1.8373861019295294	10
14	6	0.05	-1.9673379423803055	10
14	7	0.05	-2.0861894915311496	10
14	8	0.05	3.4545211021739095	10
14	9	0.05	3.628472923821302	10
15	1	0.05	-7.58410699016582	9
15	2	0.05	-7.689786410105886	9
15	3	0.05	-7.51056118655401	9
15	4	0.05	-5.030516026873899	9
15	5	0.05	-7.8350577453454555	9
15	6	0.05	-7.454316891297076	9
15	7	0.05	-7.410664410649394	9
15	8	0.05	-7.773591860972543	9
15	10	0.05	-5.419878451029146	9
16	1	0.05	-3.49709215656873	5
16	2	0.05	-6.688196372064165	5
16	3	0.05	-6.602716816903268	5
16	4	0.05	-6.829251716964065	5
16	6	0.05	-6.729538224053341	5
16	7	0.05	-2.9911861317978925	5
16	8	0.05	-4.030070343708155	5
16	9	0.05	0.3910089886923512	5
16	10	0.05	-6.460515668753968	5
17	1	0.05	-1.1690774655211054	6
17	2	0.05	-7.544132992925819	6
17	3	0.05	-7.418390349542017	6
17	4	0.05	-6.698696370584869	6
17	5	0.05	-7.719458759512949	6
17	7	0.05	-7.620470167391341	6
17	8	0.05	-7.631115043233679	6
17	9	0.05	-5.2154525839046215	6
17	10	0.05	-7.574062539029498	6
18	1	0.05	-7.446347475848956	4
18	2	0.05	-6.957752534478164	4
18	3	0.05	-7.229973103571294	4
18	5	0.05	-7.655772699630429	4
18	6	0.05	-4.435340580235635	4
18	7	0.05	-7.544950382686162	4
18	8	0.05	-7.506451602536248	4
18	9	0.05	-7.4648986970924875	4
18	10	0.05	-4.343317662027072	4
20	2	0.05	-0.02543387405946468	1
20	3	0.05	0.9296172233680338	1
20	4	0.05	-0.059888731062655125	1
20	5	0.05	-0.1831365795340848	1
20	6	0.05	4.278146059088991	1
20	7	0.05	1.2908012402337803	1
20	8	0.05	5.737897813909328	1
20	9	0.05	6.417689961947937	1
20	10	0.05	3.6673512235288652	1
21	1	0.05	-2.1125469927106377	7
21	2	0.05	-2.0367236410554423	7
21	3	0.05	1.5301821415623846	7
21	4	0.05	-2.1272802191511104	7
21	5	0.05	3.8752728287232463	7
21	6	0.05	-2.0259071406844793	7
21	8	0.05	-0.28952618329312274	7
21	9	0.05	-1.2202315969601971	7
21	10	0.05	1.1361474025538092	7
22	1	0.05	-2.4868717838685184	7
22	2	0.05	-2.369016810032876	7
22	3	0.05	-1.2543646925970493	7
22	4	0.05	-0.5278166926937323	7
22	5	0.05	2.928069630485389	7
22	6	0.05	-1.6185259492796589	7
22	8	0.05	0.18976105399394358	7
22	9	0.05	-0.36264392556612934	7
22	10	0.05	2.312336661974221	7
23	1	0.05	-5.25340778923331	4
23	2	0.05	-0.13040364481852768	4
23	3	0.05	-3.7675371097291634	4
23	5	0.05	-5.468716231198	4
23	6	0.05	0.2073367450410048	4
23	7	0.05	-5.339404195816403	4
23	8	0.05	-5.29709649547337	4
23	9	0.05	-5.2617621083842145	4
23	10	0.05	-5.238966260629414	4
24	2	0.05	-7.192077074039209	1
24	3	0.05	-0.7833453809977202	1
24	4	0.05	-7.262365251753078	1
24	5	0.05	-7.253905821225207	1
24	6	0.05	-7.092463012135787	1
24	7	0.05	-4.941367611935944	1
24	8	0.05	-6.876733400981131	1
24	9	0.05	-7.240518343987695	1
24	10	0.05	-4.600128092116047	1
25	1	0.05	-7.071138368476826	3
25	2	0.05	-6.776799221587547	3
25	4	0.05	-1.1450230453621058	3
25	5	0.05	-7.08820696237357	3
25	6	0.05	-6.967158377389792	3
25	7	0.05	-6.950026798900856	3
25	8	0.05	-7.1362585426318645	3
25	9	0.05	-5.45347454147348	3
25	10	0.05	-7.100694529368298	3
26	1	0.05	-7.938214764059158	4
26	2	0.05	-7.869764823524398	4
26	3	0.05	-7.692748671173928	4
26	5	0.05	-8.126483680118984	4
26	6	0.05	-7.777405882865967	4
26	7	0.05	-8.01702297784512	4
26	8	0.05	-7.994822937893138	4
26	9	0.05	-7.948322276960027	4
26	10	0.05	-7.818501050794448	4
27	1	0.05	0.8280139001117299	7
27	2	0.05	2.6183962134270327	7
27	3	0.05	0.1887354715443662	7
27	4	0.05	3.4395839874405896	7
27	5	0.05	1.468744757342532	7
27	6	0.05	4.048102871426808	7
27	8	0.05	-0.21454044073056505	7
27	9	0.05	5.6174337103392356	7
27	10	0.05	-0.1360427116688478	7
28	1	0.05	-7.678747481628639	7
28	2	0.05	-7.7721335494922155	7
28	3	0.05	-7.623558825524106	7
28	4	0.05	-7.876107744381567	7
28	5	0.05	-7.706888316618418	7
28	6	0.05	-7.716708357864708	7
28	8	0.05	-7.865735910904415	7
28	9	0.05	-7.741299158536524	7
28	10	0.05	-7.855417259431158	7
29	1	0.05	-7.480184364636967	8
29	2	0.05	-7.411382378409043	8
29	3	0.05	-6.870315042069728	8
29	4	0.05	-5.941401010377236	8
29	5	0.05	-7.515381369818694	8
29	6	0.05	-7.442429856145708	8
29	7	0.05	-7.554683281946639	8
29	9	0.05	-4.76277293920679	8
29	10	0.05	-7.3266919038910645	8
30	1	0.05	-2.5794126596737703	5
30	2	0.05	-0.9469953680935228	5
30	3	0.05	-2.5307982839652805	5
30	4	0.05	-3.0177291600447242	5
30	6	0.05	-0.9555866053435015	5
30	7	0.05	-0.745744746383294	5
30	8	0.05	3.5886738894204533	5
30	9	0.05	-1.4403488663289599	5
30	10	0.05	2.855866588311036	5
32	1	0.05	-7.928785284115202	4
32	2	0.05	-7.852845386400925	4
32	3	0.05	-7.688140238581755	4
32	5	0.05	-8.109546000759028	4
32	6	0.05	-7.775297298925064	4
32	7	0.05	-8.011974627587538	4
32	8	0.05	-7.965518513926957	4
32	9	0.05	-7.940225075402346	4
32	10	0.05	-6.386118443291098	4
33	1	0.05	-7.657142784819346	9
33	2	0.05	-7.680263244183088	9
33	3	0.05	-5.499823821213451	9
33	4	0.05	-4.614615216244494	9
33	5	0.05	-7.826179306959789	9
33	6	0.05	-7.655343773402598	9
33	7	0.05	-7.790019762594317	9
33	8	0.05	-7.783729423792809	9
33	10	0.05	-3.44024278490174	9
35	1	0.05	-2.455079869368658	6
35	2	0.05	-2.3132960579735817	6
35	3	0.05	-2.237694385578873	6
35	4	0.05	-0.07503720190361032	6
35	5	0.05	-2.5831205289835935	6
35	7	0.05	-2.241545463503354	6
35	8	0.05	-2.5184927398670274	6
35	9	0.05	-1.4964378999436885	6
35	10	0.05	3.5362633137735275	6
36	1	0.05	-7.535935761655864	5
36	2	0.05	-7.469153020047613	5
36	3	0.05	-7.445728687629536	5
36	4	0.05	-7.575223689266615	5
36	6	0.05	-7.482436716982145	5
36	7	0.05	-2.460354793460801	5
36	8	0.05	-7.509199380305562	5
36	9	0.05	-0.09723568766839509	5
36	10	0.05	-5.27654665429077	5
37	1	0.05	-0.45342648022914916	3
37	2	0.05	-0.4076816511062533	3
37	4	0.05	5.512397800529473	3
37	5	0.05	-0.5195851929381972	3
37	6	0.05	-0.34212539849964924	3
37	7	0.05	-0.5433344498554805	3
37	8	0.05	-0.5353638588339873	3
37	9	0.05	-0.3339176324887819	3
37	10	0.05	-0.4495835492301616	3
38	1	0.05	-7.215339256921324	6
38	2	0.05	-7.553708268573653	6
38	3	0.05	-7.412920346063772	6
38	4	0.05	-7.139741594250333	6
38	5	0.05	-7.787703502729972	6
38	7	0.05	-7.628363247480501	6
38	8	0.05	-7.662555138711804	6
38	9	0.05	-5.818861495052941	6
38	10	0.05	-7.636618729885481	6
39	1	0.05	2.1554361948858296	6
39	2	0.05	0.6097742954803425	6
39	3	0.05	3.976129912191438	6
39	4	0.05	5.997305233673633	6
39	5	0.05	2.025078867051526	6
39	7	0.05	2.854854413857524	6
39	8	0.05	0.9344443776582316	6
39	9	0.05	3.1506413798183552	6
39	10	0.05	0.0155344562358727	6
40	1	0.05	-0.33149827235170476	9
40	2	0.05	1.9920539640664394	9
40	3	0.05	-0.03887199687609503	9
40	4	0.05	6.669795405474953	9
40	5	0.05	0.3522616934196613	9
40	6	0.05	-0.20802374957160996	9
40	7	0.05	-0.38261440852969947	9
40	8	0.05	-0.3779814492030356	9
40	10	0.05	-0.39732937876329266	9
41	1	0.05	-7.619217233872352	6
41	2	0.05	-7.5759862879522055	6
41	3	0.05	-7.478557257852937	6
41	4	0.05	-7.254285954226819	6
41	5	0.05	-7.80895610180378	6
41	7	0.05	-7.648685297058101	6
41	8	0.05	-7.68034068914175	6
41	9	0.05	-7.562015105153667	6
41	10	0.05	-5.666931143357848	6
42	1	0.05	-0.716754926189513	3
42	2	0.05	-0.5136738132557468	3
42	4	0.05	6.307332032856983	3
42	5	0.05	-0.8350495131374605	3
42	6	0.05	-0.6099100321212989	3
42	7	0.05	-0.6847636118670325	3
42	8	0.05	1.5330928651117166	3
42	9	0.05	5.906759785864843	3
42	10	0.05	-0.6956790618257231	3
43	1	0.05	1.4078808100483202	10
43	2	0.05	-0.9696268460571703	10
43	3	0.05	0.09521621052327417	10
43	4	0.05	4.570919521567373	10
43	5	0.05	4.526668131178152	10
43	6	0.05	-0.6740322627879202	10
43	7	0.05	-0.2801256942359166	10
43	8	0.05	0.5049244409280073	10
43	9	0.05	1.048340230465626	10
44	1	0.05	2.4886009323805407	3
44	2	0.05	-0.5319956765870475	3
44	4	0.05	-0.40596478057151913	3
44	5	0.05	2.6735859470199608	3
44	6	0.05	-0.6219723133097941	3
44	7	0.05	6.7419854650368976	3
44	8	0.05	2.5122855798192654	3
44	9	0.05	-0.8823482072686112	3
44	10	0.05	-0.35935555805772873	3
45	1	0.05	-6.65184123629334	5
45	2	0.05	-6.584093732392832	5
45	3	0.05	-6.585129585807675	5
45	4	0.05	-6.681021483273243	5
45	6	0.05	-6.614981054654973	5
45	7	0.05	-6.360996851529296	5
45	8	0.05	-5.428602929367769	5
45	9	0.05	-3.111575768732385	5
45	10	0.05	-1.226588367855694	5
46	1	0.05	-7.849274477613387	3
46	2	0.05	-7.743988621556626	3
46	4	0.05	-7.709706590267166	3
46	5	0.05	-7.80082595992963	3
46	6	0.05	-7.77081614680235	3
46	7	0.05	-7.90581199893342	3
46	8	0.05	-7.932625141400777	3
46	9	0.05	-7.913292323884515	3
46	10	0.05	-7.880898844839543	3
47	1	0.05	-0.4740838177957368	8
47	2	0.05	-0.29657848365524736	8
47	3	0.05	-0.10376381528893057	8
48	2	0.05	-7.645191093577704	1
48	3	0.05	-7.504206689384429	1
48	4	0.05	-7.723978421820723	1
48	5	0.05	-7.749216101632544	1
48	6	0.05	-7.439442769724057	1
48	7	0.05	-7.3091713024307206	1
48	8	0.05	-7.7248008134957304	1
48	9	0.05	-7.704834682687084	1
48	10	0.05	-6.3839886179503	1
49	1	0.05	-7.5923106027679435	6
49	2	0.05	-7.538014116055655	6
49	3	0.05	-7.438228919944455	6
49	4	0.05	-2.4114360772260537	6
49	5	0.05	-7.759610843813297	6
49	7	0.05	-7.63482847980119	6
49	8	0.05	-6.559223601858554	6
49	9	0.05	-7.537926298147944	6
49	10	0.05	-7.570345991749859	6
50	1	0.05	-6.629954897849019	2
50	3	0.05	-7.031680830643815	2
50	4	0.05	-4.353589371461628	2
50	5	0.05	-5.005670295410074	2
50	6	0.05	-7.083949677742488	2
50	7	0.05	-7.4429305514866595	2
50	8	0.05	-1.1114766613248563	2
50	9	0.05	-2.1291368489398623	2
50	10	0.05	-6.567837495478813	2
51	2	0.05	-7.64015313625111	1
51	3	0.05	-6.344850077921283	1
51	4	0.05	-7.7051352350780355	1
51	5	0.05	-7.743438946993878	1
51	6	0.05	-7.582058479058596	1
51	7	0.05	-7.684264143445636	1
51	8	0.05	-7.7294086239425495	1
51	9	0.05	-7.6944389846658545	1
51	10	0.05	-7.533410610035777	1
52	1	0.05	-6.064734554170049	8
52	2	0.05	-2.04445772314714	8
52	3	0.05	-6.454215997578189	8
52	4	0.05	-0.8181013516284944	8
52	5	0.05	-6.874129765127746	8
52	6	0.05	-6.258204977635001	8
52	7	0.05	-6.8040823434875	8
52	9	0.05	-6.701500213404033	8
52	10	0.05	-1.838151723793306	8
53	1	0.05	-0.8943890076104339	10
53	2	0.05	-0.9221979483264233	10
53	3	0.05	-0.890760397041763	10
53	4	0.05	4.482445736409543	10
53	5	0.05	5.5322824509665285	10
53	6	0.05	2.6677180563057923	10
53	7	0.05	3.4665315767977907	10
53	8	0.05	5.128511214934442	10
53	9	0.05	2.7041913864452267	10
54	1	0.05	-0.6458305603278433	10
54	2	0.05	-0.9456941579505111	10
54	3	0.05	-0.49496756780452567	10
54	4	0.05	-1.0474366646589437	10
54	5	0.05	5.891682918429945	10
54	6	0.05	-0.9659872888274357	10
54	7	0.05	4.701482007272095	10
54	8	0.05	-0.032247555031581346	10
54	9	0.05	1.7326780805645383	10
55	1	0.05	-7.976872374046749	10
55	2	0.05	-7.920182882576399	10
55	3	0.05	-7.913398073002896	10
55	4	0.05	-8.013068733888856	10
55	5	0.05	-5.632428369958607	10
55	6	0.05	-7.936485706707639	10
55	7	0.05	-8.047352803854505	10
55	8	0.05	-7.921654613441372	10
55	9	0.05	-5.816157249731503	10
56	1	0.05	-7.8243447401209	7
56	2	0.05	-7.762047488294045	7
56	3	0.05	-7.648767320978084	7
56	4	0.05	-7.889409321479801	7
56	5	0.05	-7.646276319141502	7
56	6	0.05	-7.717183091541665	7
56	8	0.05	-7.846130943328913	7
56	9	0.05	-7.845379321772901	7
56	10	0.05	-7.040381264402096	7
57	1	0.05	-2.897013532058162	6
57	2	0.05	-4.771508284162623	6
57	3	0.05	-4.653772894615239	6
57	4	0.05	-2.610573360182834	6
57	5	0.05	-4.9427766409175184	6
57	7	0.05	-4.601097165614744	6
57	8	0.05	-4.869282521749372	6
57	9	0.05	-4.385042879590188	6
57	10	0.05	1.25968043765124	6
58	1	0.05	-6.263853297965587	9
58	2	0.05	-6.201359985458046	9
58	3	0.05	-6.045235712072243	9
58	4	0.05	-4.430834250063578	9
58	5	0.05	-6.398837592633774	9
58	6	0.05	-6.19468268751294	9
58	7	0.05	-6.305153556995599	9
58	8	0.05	-6.3156294912743265	9
58	10	0.05	-5.389107268134148	9
59	1	0.05	-4.247948522620488	9
59	2	0.05	-7.585840950195607	9
59	3	0.05	-6.360484426403052	9
59	4	0.05	-7.677993638803906	9
59	5	0.05	0.021115915746169125	9
59	6	0.05	-7.590726015555291	9
59	7	0.05	-5.200376565647911	9
59	8	0.05	-7.6784921712544785	9
59	10	0.05	-7.019673430421331	9
60	1	0.05	-7.742062362932891	7
60	2	0.05	-7.678692210657361	7
60	3	0.05	-5.969140263279888	7
60	4	0.05	-7.783234594506692	7
60	5	0.05	-7.605545531796181	7
60	6	0.05	-7.626055329868312	7
60	8	0.05	-7.7755020536992605	7
60	9	0.05	-6.905770020340899	7
60	10	0.05	-7.770990035391472	7
61	1	0.05	-3.9393579804752785	10
61	2	0.05	-4.013543091716953	10
61	3	0.05	-3.9483376411502746	10
61	4	0.05	2.5515775243656775	10
61	5	0.05	-1.787699768200859	10
61	6	0.05	-0.2617355354892053	10
61	7	0.05	-2.3182716448022718	10
61	8	0.05	-1.5382258790253802	10
61	9	0.05	-2.123880346019155	10
63	1	0.05	-7.318931511025751	6
63	2	0.05	-7.352644408286437	6
63	3	0.05	-7.446021648328165	6
63	4	0.05	-7.110320976033295	6
63	5	0.05	-7.57285766739649	6
63	7	0.05	-7.6209264321900685	6
63	8	0.05	-4.743723118123499	6
63	9	0.05	-7.556766098547761	6
63	10	0.05	-7.429781669136174	6
64	1	0.05	-2.0433806195827517	5
64	2	0.05	-2.2223776245339804	5
64	3	0.05	-1.9443670746461241	5
64	4	0.05	2.440485058362009	5
64	6	0.05	-2.2427048618792695	5
64	7	0.05	0.4046962437589635	5
64	8	0.05	3.297251058303802	5
64	9	0.05	-1.7956144530319542	5
64	10	0.05	1.9612942062563068	5
65	1	0.05	-2.6971136746746565	3
65	2	0.05	-2.63256238381379	3
65	4	0.05	3.038196016177944	3
65	5	0.05	-2.868207174500981	3
65	6	0.05	-2.745043211216706	3
65	7	0.05	-2.743743994604029	3
65	8	0.05	-1.5760555312665376	3
65	9	0.05	-2.1715058499364255	3
65	10	0.05	-2.6755173946501984	3
66	1	0.05	-5.133137631708623	7
66	2	0.05	-7.752847673543066	7
66	3	0.05	-7.653154498457064	7
66	4	0.05	-7.875441001317774	7
66	5	0.05	-6.690876809973672	7
66	6	0.05	-7.223072472674899	7
66	8	0.05	-7.832183359546586	7
66	9	0.05	-7.832131424407057	7
66	10	0.05	-6.7956192999552245	7
67	1	0.05	0.7078299488449425	9
67	2	0.05	-5.577750054670395	9
67	3	0.05	-5.384790296102599	9
67	4	0.05	0.4129865635040965	9
67	5	0.05	-5.731727746947966	9
67	6	0.05	-5.5552992943567805	9
67	7	0.05	-5.676428326491591	9
67	8	0.05	-5.6569590966977	9
67	10	0.05	-3.9741582128262927	9
68	1	0.05	-1.0764017201209883	2
68	3	0.05	2.203524086496778	2
68	4	0.05	6.456876559975204	2
68	5	0.05	1.1256403188549982	2
68	6	0.05	0.6861681948739778	2
68	7	0.05	-0.8352462347270123	2
68	8	0.05	1.2997991086084342	2
68	9	0.05	5.292544146388681	2
68	10	0.05	2.9367920932038105	2
69	2	0.05	-7.627685336432537	1
69	3	0.05	-7.491623466506862	1
69	4	0.05	-7.715408158566547	1
69	5	0.05	-7.714151817332223	1
69	6	0.05	-7.573019410903803	1
69	7	0.05	-6.007750428761093	1
69	8	0.05	-3.073387520343429	1
69	9	0.05	-7.705051626470733	1
69	10	0.05	-6.380962566289966	1
70	1	0.05	-7.4297416144130235	7
70	2	0.05	-7.758340480354962	7
70	3	0.05	-6.439362958343874	7
70	4	0.05	-7.8662011107793965	7
70	5	0.05	-7.173611415749179	7
70	6	0.05	-7.516885194537531	7
70	8	0.05	-7.851910694468033	7
70	9	0.05	-7.846663995143975	7
70	10	0.05	-7.838686322608538	7
71	1	0.05	-0.4670712174200571	10
71	2	0.05	-0.6173728593179065	10
71	3	0.05	-0.5698436379976086	10
71	4	0.05	6.158174162644179	10
71	5	0.05	0.07189570974017791	10
71	6	0.05	4.668747126472418	10
71	7	0.05	-0.6248769707492625	10
71	8	0.05	4.276906863924916	10
71	9	0.05	1.4203649538905045	10
72	1	0.05	-6.6547146157715105	6
72	2	0.05	-6.662679913930022	6
72	3	0.05	-6.649642557732442	6
72	4	0.05	-1.3345604818454868	6
72	5	0.05	-7.026401095718126	6
72	7	0.05	-6.9043905003538715	6
72	8	0.05	-6.66005775410524	6
72	9	0.05	-1.9886067498371547	6
72	10	0.05	-2.114631249983664	6
73	1	0.05	-6.582005662326227	6
73	2	0.05	-6.533111822977834	6
73	3	0.05	-6.414640784707847	6
73	4	0.05	-6.461879203439843	6
73	5	0.05	-6.7571759983588295	6
73	7	0.05	-1.079169039860582	6
73	8	0.05	-6.640111729452254	6
73	9	0.05	-6.54383570727349	6
73	10	0.05	-6.630301718760368	6
74	1	0.05	-5.379124826121109	5
74	2	0.05	-4.82830135014403	5
74	3	0.05	-5.338004485619452	5
74	4	0.05	-5.415916796870975	5
74	6	0.05	-5.235487602387632	5
74	7	0.05	-3.3471106967869697	5
74	8	0.05	-3.3481889253002755	5
74	9	0.05	-2.9602539909672743	5
74	10	0.05	1.456110366555933	5
75	1	0.05	-0.6408391237522781	2
75	3	0.05	-0.9528066390217729	2
75	4	0.05	3.2194146934360552	2
75	5	0.05	4.295358571173197	2
75	6	0.05	1.4725569119252278	2
75	7	0.05	-0.417236879268191	2
75	8	0.05	3.4765998874304187	2
75	9	0.05	4.557194348064381	2
75	10	0.05	3.265766247212916	2
76	1	0.05	-7.706410543910817	7
76	2	0.05	-7.628388929768025	7
76	3	0.05	-5.307529211969816	7
76	4	0.05	-6.028623336050862	7
76	5	0.05	-7.610211844485193	7
76	6	0.05	-7.59702776792397	7
76	8	0.05	-7.736838323721715	7
76	9	0.05	-2.8116192216687437	7
76	10	0.05	-7.727280473404001	7
77	1	0.05	-2.008585897181637	8
77	2	0.05	-1.9333013343160526	8
77	3	0.05	-1.388118747440973	8
77	4	0.05	4.59726549685763	8
77	5	0.05	-2.05515667622403	8
77	6	0.05	-2.043093662718106	8
77	7	0.05	-2.095576456187945	8
77	9	0.05	-2.0388646530752044	8
77	10	0.05	-1.5219456361900836	8
78	1	0.05	4.8896745008544125	6
78	2	0.05	-2.01496781218869	6
78	3	0.05	-1.8702184970511635	6
78	4	0.05	-1.2135621567359671	6
78	5	0.05	-2.1827626537122824	6
78	7	0.05	0.37842949262921294	6
78	8	0.05	-1.9733736337960426	6
78	9	0.05	-1.934704130460416	6
78	10	0.05	-1.8194141492612292	6
79	1	0.05	-0.3226890689868919	3
79	2	0.05	0.02051195566569988	3
79	4	0.05	4.534595596829853	3
79	5	0.05	3.111710115812725	3
79	6	0.05	1.8538855124280784	3
79	7	0.05	0.17709004683527355	3
79	8	0.05	6.352640792302842	3
79	9	0.05	-0.3573493706725442	3
79	10	0.05	-0.23539234043027105	3
80	1	0.05	-4.1498250189335355	10
80	2	0.05	-4.068384012256265	10
80	3	0.05	-4.022540584200032	10
80	4	0.05	-2.7353126031763706	10
80	5	0.05	2.309657233083518	10
80	6	0.05	-3.9422885431290875	10
80	7	0.05	-4.228459888054286	10
80	8	0.05	-4.135350770174232	10
80	9	0.05	-4.142431003033605	10
81	2	0.05	-7.3128764325176485	1
81	3	0.05	-2.755316293795113	1
81	4	0.05	-7.401816490733314	1
81	5	0.05	-3.692909913975567	1
81	6	0.05	-7.248630968591298	1
81	7	0.05	-1.70236657945804	1
81	8	0.05	-7.271134352914979	1
81	9	0.05	-7.384942105716355	1
81	10	0.05	-7.358754149686056	1
82	1	0.05	-1.1237911955928224	7
82	2	0.05	-7.336094188553647	7
82	3	0.05	-6.072647711297928	7
82	4	0.05	-7.467579738737211	7
82	5	0.05	-2.6817301954578876	7
82	6	0.05	-7.281022790787688	7
82	8	0.05	-7.386596726217214	7
82	9	0.05	-7.4110982073690215	7
82	10	0.05	-7.2203155679446205	7
83	1	0.05	-7.624871992531464	5
83	2	0.05	-7.546261480694766	5
83	3	0.05	-7.544225000123109	5
83	4	0.05	-7.65914167301619	5
83	6	0.05	-7.5610351903359465	5
83	7	0.05	-3.829334784012412	5
83	8	0.05	-5.301592323514552	5
83	9	0.05	-7.044663881561039	5
83	10	0.05	-6.705205957054515	5
84	1	0.05	-5.941574245841296	5
84	2	0.05	-5.859869590587092	5
84	3	0.05	-5.8667682879959715	5
84	4	0.05	-4.97294356764858	5
84	6	0.05	-5.465434181080111	5
84	7	0.05	-6.004929396993025	5
84	8	0.05	-1.338448499670335	5
84	9	0.05	-3.5390630920274218	5
84	10	0.05	-0.45209677735450493	5
85	1	0.05	0.5709228620165097	3
85	2	0.05	-0.29811731253759927	3
85	4	0.05	5.766187454724285	3
85	5	0.05	-0.4742991479581383	3
85	6	0.05	-0.2932661994179855	3
85	7	0.05	-0.47006850100184755	3
85	8	0.05	5.456957622252015	3
85	9	0.05	0.8485167631149428	3
85	10	0.05	-0.048611629064078114	3
86	1	0.05	-2.2048084039245666	9
86	2	0.05	-1.5827468246234488	9
86	3	0.05	-1.3296359768148638	9
86	4	0.05	3.717257384437407	9
86	5	0.05	1.8810901713781707	9
86	6	0.05	0.7599741390071056	9
86	7	0.05	-1.1569357233303017	9
86	8	0.05	-2.5743264527720267	9
86	10	0.05	2.7383117219305624	9
87	1	0.05	-7.507156342900291	8
87	2	0.05	-6.596231235975623	8
87	3	0.05	-6.847758392141517	8
87	4	0.05	-6.544599031933955	8
87	5	0.05	-7.4773399131556175	8
87	6	0.05	-7.474974201622467	8
87	7	0.05	-7.5902739836522795	8
87	9	0.05	-7.504762282091824	8
87	10	0.05	-7.323078955003905	8
88	1	0.05	-7.581941266189506	9
88	2	0.05	-7.677786372354363	9
88	3	0.05	-6.145179946589552	9
88	4	0.05	-7.684949256150397	9
88	5	0.05	-7.86644082238049	9
88	6	0.05	-7.503929019646946	9
88	7	0.05	-7.785035393895939	9
88	8	0.05	-7.8005302010059445	9
88	10	0.05	-5.568154246616015	9
89	1	0.05	-3.510934572943531	4
89	2	0.05	-2.0164473641019836	4
89	3	0.05	-3.2687882233988064	4
89	5	0.05	-3.686639569311414	4
89	6	0.05	-3.1358805417110185	4
89	7	0.05	-3.5648195783151975	4
89	8	0.05	-3.581808471209399	4
89	9	0.05	-3.5048565202610065	4
89	10	0.05	-2.3825470172080667	4
90	2	0.05	-7.639672434202631	1
90	3	0.05	-7.490635678440273	1
90	4	0.05	-7.721528759279033	1
90	5	0.05	-7.747277050273547	1
90	6	0.05	-7.584970183522277	1
90	7	0.05	-7.467262509005429	1
90	8	0.05	-7.302068534206746	1
90	9	0.05	-7.705852449357975	1
90	10	0.05	-7.682761189546399	1
91	1	0.05	-7.955112137154935	10
91	2	0.05	-7.885228064903534	10
91	3	0.05	-7.88712079278365	10
91	4	0.05	-3.452331857768237	10
91	5	0.05	-7.792860927027501	10
91	6	0.05	-7.867153006893702	10
91	7	0.05	-8.026871088933042	10
91	8	0.05	-7.560990826676346	10
91	9	0.05	-5.894754868264325	10
92	2	0.05	-4.534556105392648	1
92	3	0.05	-2.1669050496281423	1
92	4	0.05	-1.801041715857481	1
92	5	0.05	-4.900242747792624	1
92	6	0.05	0.5473011995069439	1
92	7	0.05	-2.577516340356826	1
92	8	0.05	-4.092014736658447	1
92	9	0.05	-1.9983773164155405	1
92	10	0.05	-4.287297354556598	1
93	1	0.05	-0.6059847646272559	2
93	3	0.05	-0.20893639293618646	2
93	4	0.05	4.962973526819325	2
93	5	0.05	0.9856187470314133	2
93	6	0.05	-0.06060437916708421	2
93	7	0.05	-0.524582230546754	2
93	8	0.05	-0.4185097977096768	2
93	9	0.05	5.68378922157825	2
93	10	0.05	3.2256114040958606	2
94	1	0.05	-2.325770313532878	2
94	3	0.05	-2.0156688423820204	2
94	4	0.05	3.176850375427964	2
94	5	0.05	2.261662322861629	2
94	6	0.05	-2.1499944477711828	2
94	7	0.05	-2.3744453016815044	2
94	8	0.05	0.5683948309313377	2
94	9	0.05	0.7213175999520629	2
94	10	0.05	0.052287545428329925	2
95	1	0.05	-4.064881142833723	10
95	2	0.05	-3.77191484955828	10
95	3	0.05	-3.9406957666986426	10
95	4	0.05	2.669749702178134	10
95	5	0.05	-3.9036474632684643	10
95	6	0.05	3.0489478758639614	10
95	7	0.05	-3.7592390216482805	10
95	8	0.05	2.5453667491046077	10
95	9	0.05	-1.95338296362814	10
96	1	0.05	-3.5330475860720694	5
96	2	0.05	-0.023891273055361647	5
96	3	0.05	-3.5315643421295073	5
96	4	0.05	-3.539144332277042	5
96	6	0.05	-3.4772626348617957	5
96	7	0.05	1.4040183710728882	5
96	8	0.05	-0.08954805986215288	5
96	9	0.05	-3.640825179487598	5
96	10	0.05	3.269055629107911	5
97	1	0.05	-0.12175692443838744	6
97	2	0.05	-0.0576727982753593	6
97	3	0.05	0.13089027909261952	6
98	1	0.05	4.225076984464195	10
98	2	0.05	0.0687141450745184	10
98	3	0.05	3.5463642193407487	10
98	4	0.05	2.6727004894519513	10
98	5	0.05	7.566088075451817	10
98	6	0.05	2.9575492190201773	10
98	7	0.05	6.002971270959348	10
98	8	0.05	6.639421122828828	10
98	9	0.05	1.5793318507053091	10
100	1	0.05	-7.212726738181422	7
100	2	0.05	-7.151007325274932	7
100	3	0.05	-6.991860367611521	7
100	4	0.05	-7.249354604892527	7
100	5	0.05	-6.75761533847497	7
100	6	0.05	-7.100541004687425	7
100	8	0.05	-7.23151640609777	7
100	9	0.05	-6.328307723090816	7
100	10	0.05	-5.282889381893537	7
101	1	0.05	-4.388856767566642	7
101	2	0.05	-4.659011638489007	7
101	3	0.05	-4.552173075827894	7
101	4	0.05	-4.733490753171381	7
101	5	0.05	-4.769702957149558	7
101	6	0.05	2.1004727510311714	7
101	8	0.05	-4.747906272271112	7
101	9	0.05	-0.5006395494675291	7
101	10	0.05	-4.740936163701323	7
102	2	0.05	-7.644782417951413	1
102	3	0.05	-5.786288827909631	1
102	4	0.05	-7.718246341900107	1
102	5	0.05	-7.752808106887699	1
102	6	0.05	-7.587699423440375	1
102	7	0.05	-7.618012044588686	1
102	8	0.05	-7.731691880401126	1
102	9	0.05	-7.709246518527932	1
102	10	0.05	-7.687114676629071	1
103	1	0.05	-7.5047573182395695	8
103	2	0.05	-7.432769966004651	8
103	3	0.05	-7.3298108059482425	8
103	4	0.05	-6.393824826072366	8
103	5	0.05	-7.496436706534703	8
103	6	0.05	-1.6407009512035993	8
103	7	0.05	-7.494374221955623	8
103	9	0.05	-7.308983836188838	8
103	10	0.05	-4.411695385007545	8
106	1	0.05	-1.583994066970108	5
106	2	0.05	-1.5897897622787485	5
106	3	0.05	4.564464622338817	5
106	4	0.05	3.2128106021705998	5
106	6	0.05	-0.5638294145395633	5
106	7	0.05	4.060582241278113	5
106	8	0.05	-0.9047917028096473	5
106	9	0.05	-0.2949868075228924	5
106	10	0.05	-1.5511597205635588	5
107	1	0.05	-5.955007439596976	9
107	2	0.05	-5.875400730774271	9
107	3	0.05	-5.557297066556521	9
107	4	0.05	-1.4465838895134078	9
107	5	0.05	-6.093531897694202	9
107	6	0.05	-5.807088090806035	9
107	7	0.05	-6.010995474237708	9
107	8	0.05	-0.14073698487637307	9
107	10	0.05	-5.6151933594644	9
108	1	0.05	0.07331607330608018	9
108	2	0.05	0.1478639198692944	9
108	3	0.05	5.520102285642647	9
109	1	0.05	0.7069230857069742	2
109	3	0.05	2.222977018605784	2
109	4	0.05	7.694975866221014	2
109	5	0.05	6.088326950167947	2
109	6	0.05	4.818769713455084	2
109	7	0.05	4.454851954441946	2
109	8	0.05	3.864110068479649	2
109	9	0.05	7.540178118928956	2
109	10	0.05	6.126454266333421	2
110	1	0.05	-1.3124363599787343	9
110	2	0.05	-1.2488035067644154	9
110	3	0.05	-0.9649041445590654	9
110	4	0.05	-0.6053491789800198	9
110	5	0.05	-1.3013636150708252	9
110	6	0.05	0.7045376805149013	9
110	7	0.05	-1.3437311594619776	9
110	8	0.05	-1.4282915067432016	9
110	10	0.05	2.0416618462840077	9
111	2	0.05	-7.602605497505183	1
111	3	0.05	-7.474437440806064	1
111	4	0.05	-7.670092505461865	1
111	5	0.05	-7.38932112135473	1
111	6	0.05	-7.507119932660952	1
111	7	0.05	-6.827833334113036	1
111	8	0.05	-6.257044198839717	1
111	9	0.05	-1.167859795714047	1
111	10	0.05	-6.836239007284084	1
112	1	0.05	-0.9553786017732642	3
112	2	0.05	-3.103364938968554	3
112	4	0.05	-0.7328660240994601	3
112	5	0.05	-3.1224500911095125	3
112	6	0.05	-3.0657946144101054	3
112	7	0.05	-3.250537211139194	3
112	8	0.05	-3.235535837979101	3
112	9	0.05	3.533538594560933	3
112	10	0.05	2.7651562962647467	3
113	1	0.05	-3.4246915153656663	10
113	2	0.05	-3.3693183208621753	10
113	3	0.05	-3.315187421217516	10
113	4	0.05	-3.1954215749362493	10
113	5	0.05	-0.8231781983935293	10
113	6	0.05	-3.1829998280875844	10
113	7	0.05	-3.560124519482846	10
113	8	0.05	1.4820240579098956	10
113	9	0.05	-0.10455200103530567	10
114	1	0.05	-0.19269302160887528	2
114	3	0.05	-0.22408624580391018	2
114	4	0.05	0.1407681476479935	2
114	5	0.05	1.2022807012183192	2
114	6	0.05	-0.7413980254786791	2
114	7	0.05	2.782030820358787	2
114	8	0.05	-0.5481194338265413	2
114	9	0.05	5.109654197453248	2
114	10	0.05	-0.7036100776616151	2
115	2	0.05	-1.8640584239741556	1
115	3	0.05	2.0123050226651213	1
115	4	0.05	-1.8962718633142086	1
115	5	0.05	-2.02362944311193	1
115	6	0.05	3.616083272267527	1
115	7	0.05	-1.208764316380087	1
115	8	0.05	-2.011422071632626	1
115	9	0.05	-1.8642487181810696	1
115	10	0.05	-1.939258045758387	1
116	1	0.05	-4.286125660245842	4
116	2	0.05	-4.290855880242363	4
116	3	0.05	1.4962877778136843	4
116	5	0.05	-4.504425643057189	4
116	6	0.05	-3.8278603153403523	4
116	7	0.05	-4.427869883555715	4
116	8	0.05	-4.412135331442219	4
116	9	0.05	-3.259446071667384	4
116	10	0.05	-2.053155696428039	4
117	1	0.05	-3.692438083059842	10
117	2	0.05	-3.6221840807564525	10
117	3	0.05	-3.503456493050033	10
117	4	0.05	3.407688208179348	10
117	5	0.05	-2.0140994037831845	10
117	6	0.05	-3.5665274726130907	10
117	7	0.05	-2.8524453260093328	10
117	8	0.05	-3.2341417343317147	10
117	9	0.05	-3.194240424414778	10
118	1	0.05	-7.522711486545122	8
118	2	0.05	-6.633042638999941	8
118	3	0.05	-7.349184994060079	8
118	4	0.05	-0.10435027788261218	8
118	5	0.05	-7.510017530439605	8
118	6	0.05	-7.468887978092814	8
118	7	0.05	-7.608135655879101	8
118	9	0.05	-5.642584727694774	8
118	10	0.05	-1.5526333035786235	8
119	2	0.05	-7.643309764658678	1
119	3	0.05	-7.49360978869505	1
119	4	0.05	-7.719535197693831	1
119	5	0.05	-7.754846746912604	1
119	6	0.05	-7.588445581180998	1
119	7	0.05	-7.677523674189389	1
119	8	0.05	-7.732579154921026	1
119	9	0.05	-7.708769896806942	1
119	10	0.05	-7.682485522734833	1
120	1	0.05	-5.244382645989093	5
120	2	0.05	-6.650903064354988	5
120	3	0.05	-6.678404928837314	5
120	4	0.05	-6.778754462203008	5
120	6	0.05	-6.668053735534431	5
120	7	0.05	-3.309986055578039	5
120	8	0.05	-2.4634667351860338	5
120	9	0.05	-6.738288802423089	5
120	10	0.05	0.41777533850369053	5
121	1	0.05	-6.104882856328995	10
121	2	0.05	-6.186485615006237	10
121	3	0.05	-6.166751592924858	10
121	4	0.05	-5.726446714897795	10
121	5	0.05	-0.6088249766965728	10
121	6	0.05	-6.1262648293159945	10
121	7	0.05	-5.385901191370974	10
121	8	0.05	-3.1778177998818533	10
121	9	0.05	-6.040033479029096	10
122	1	0.05	-7.295318945205089	7
122	2	0.05	-7.774783642221705	7
122	3	0.05	-7.622665536776305	7
122	4	0.05	-7.883687661662364	7
122	5	0.05	-7.710739188240575	7
122	6	0.05	-7.718410711578952	7
122	8	0.05	-7.855067092258488	7
122	9	0.05	-3.458328937289891	7
122	10	0.05	-7.858842427186944	7
123	1	0.05	-0.43234411966389363	9
123	2	0.05	-0.35902034244713116	9
123	3	0.05	0.5303413269673161	9
123	4	0.05	3.07552656833814	9
123	5	0.05	-0.47924182982978786	9
123	6	0.05	-0.532495078740274	9
123	7	0.05	-0.499496485783485	9
123	8	0.05	4.111694283341386	9
123	10	0.05	5.493093540813943	9
124	1	0.05	-0.9239485225313597	10
124	2	0.05	-0.8465173582916332	10
124	3	0.05	-0.7991981735877488	10
124	4	0.05	5.554726563673749	10
124	5	0.05	1.5989253272778252	10
124	6	0.05	-0.8196111143212704	10
124	7	0.05	2.828436958208485	10
124	8	0.05	4.737192385348214	10
124	9	0.05	0.7268844535979561	10
125	1	0.05	-7.9145608116299755	4
125	2	0.05	-7.704299481141137	4
125	3	0.05	-7.68767702669578	4
125	5	0.05	-8.074133291225388	4
125	6	0.05	-7.772744998432817	4
125	7	0.05	-8.003326537767949	4
125	8	0.05	-7.805342223974514	4
125	9	0.05	-7.928695807308526	4
125	10	0.05	-6.357933811884308	4
126	1	0.05	3.932196041405893	6
126	2	0.05	4.9874643988206815	6
126	3	0.05	1.1228945430130692	6
126	4	0.05	5.811209005455619	6
126	5	0.05	2.5701681969511023	6
126	7	0.05	6.191340996641566	6
126	8	0.05	-0.09229294577209222	6
126	9	0.05	1.7945878354804774	6
126	10	0.05	3.1946261928302815	6
127	1	0.05	-1.0383090022020192	5
127	2	0.05	-0.9797107869024236	5
127	3	0.05	-0.9437141108018099	5
127	4	0.05	-1.0989050294892941	5
127	6	0.05	-0.8929010243059191	5
128	1	0.05	-7.902313050198872	4
128	2	0.05	-7.834556941894451	4
128	3	0.05	-7.606864215910654	4
128	5	0.05	-8.04592478011678	4
128	6	0.05	-6.702931345539225	4
128	7	0.05	-7.9908942908186225	4
128	8	0.05	-7.917470362235758	4
128	9	0.05	-6.694326074364032	4
128	10	0.05	-3.5677098875187627	4
129	1	0.05	-1.5660156933198042	3
129	2	0.05	-0.37933144302233	3
129	4	0.05	-0.11575206786990144	3
129	5	0.05	-1.569134483947753	3
129	6	0.05	-1.4746484031946647	3
129	7	0.05	-1.5191326153094773	3
129	8	0.05	-1.651152355007629	3
129	9	0.05	-1.0279738342696387	3
129	10	0.05	-1.5488156629628482	3
130	1	0.05	-0.21405712451372136	3
130	2	0.05	-0.14717267661875427	3
130	4	0.05	7.194361258699976	3
130	5	0.05	-0.3334433827667126	3
130	6	0.05	-0.06306113805624457	3
130	7	0.05	-0.2682012020822855	3
130	8	0.05	3.17437074025031	3
130	9	0.05	6.966856929369645	3
130	10	0.05	1.7210669673952672	3
131	1	0.05	-5.664058974712936	5
131	2	0.05	-5.587976057689782	5
131	3	0.05	-5.695000712923068	5
131	4	0.05	-1.4116409750308738	5
131	6	0.05	-5.674902367466644	5
131	7	0.05	-5.446664430990501	5
131	8	0.05	-0.3817260775419566	5
131	9	0.05	-5.682176709457313	5
131	10	0.05	-1.1494050835172636	5
132	2	0.05	-5.314628568523702	1
132	3	0.05	-4.463965608195205	1
132	4	0.05	-5.383405090525785	1
132	5	0.05	-5.381773497255595	1
132	6	0.05	-5.256365325566133	1
132	7	0.05	-4.9173559269656035	1
132	8	0.05	-5.420594120555812	1
132	9	0.05	-5.37352218373352	1
132	10	0.05	-5.120965696470876	1
133	1	0.05	-7.069947067752062	4
133	2	0.05	-5.15993140678693	4
133	3	0.05	-6.575899463670076	4
133	5	0.05	-7.277003753754339	4
133	6	0.05	-4.929813296711509	4
133	7	0.05	-7.177970377134216	4
133	8	0.05	-7.162159385394777	4
133	9	0.05	-7.112915294663711	4
133	10	0.05	-7.105914812571208	4
134	1	0.05	1.8030477429340745	3
134	2	0.05	-2.527774864334955	3
134	4	0.05	0.6708547221263451	3
134	5	0.05	-2.5116161846835308	3
134	6	0.05	-2.398102940671333	3
134	7	0.05	-1.5771054713457366	3
134	8	0.05	-2.5111031172723615	3
134	9	0.05	-2.6021749575214193	3
134	10	0.05	-2.5008627574790285	3
135	1	0.05	-7.8941398491948656	4
135	2	0.05	-7.829017728766327	4
135	3	0.05	-7.646881879973052	4
135	5	0.05	-8.027094643348649	4
135	6	0.05	-7.7510187753432485	4
135	7	0.05	-7.977686806937947	4
135	8	0.05	-7.908175085169164	4
135	9	0.05	-3.6878338268454653	4
135	10	0.05	-2.245348221713212	4
136	1	0.05	-4.580690805064564	6
136	2	0.05	-4.109135022181815	6
136	3	0.05	-4.140029615051485	6
136	4	0.05	2.8619338343761314	6
136	5	0.05	-4.678526990296331	6
136	7	0.05	-4.6126538708757865	6
136	8	0.05	0.8289634415458147	6
136	9	0.05	0.3027416649398507	6
136	10	0.05	0.5318315727537735	6
137	1	0.05	-0.5219495946809508	2
137	3	0.05	-0.12020845659179621	2
137	4	0.05	0.6345738471287852	2
137	5	0.05	0.07053975556066143	2
137	6	0.05	0.47879957100988163	2
137	7	0.05	0.8731193754074962	2
137	8	0.05	-0.5305432690580758	2
137	9	0.05	5.679948329872218	2
137	10	0.05	1.6868995147101442	2
138	1	0.05	-3.5804706333729217	2
138	3	0.05	-3.13594112796386	2
138	4	0.05	-0.8370740151753436	2
138	5	0.05	0.5058260269339615	2
138	6	0.05	-3.6366189116237178	2
138	7	0.05	-3.521547617409265	2
138	8	0.05	-1.7267671240027165	2
138	9	0.05	0.8341606251201508	2
138	10	0.05	-0.7082611133315064	2
139	1	0.05	-7.499943686055355	3
139	2	0.05	-2.139427139893852	3
139	4	0.05	-4.2841686337608245	3
139	5	0.05	-7.5250112198678005	3
139	6	0.05	-7.422605163583881	3
139	7	0.05	-7.568826685655963	3
139	8	0.05	-5.362036945312829	3
139	9	0.05	-7.029876922947995	3
139	10	0.05	-7.505706253374376	3
140	1	0.05	-7.659883851709733	5
140	2	0.05	-7.58151208112254	5
140	3	0.05	-7.631833927408833	5
140	4	0.05	-7.704889581102738	5
140	6	0.05	-7.078209876546523	5
140	7	0.05	-7.291256017640597	5
140	8	0.05	-0.7445663504373291	5
140	9	0.05	-4.617036335571484	5
140	10	0.05	-2.5350887776861315	5
141	1	0.05	-4.489253640372545	9
141	2	0.05	-4.542774789661539	9
141	3	0.05	-3.8457439108603255	9
141	4	0.05	-1.6414042889015055	9
141	5	0.05	-4.521898497253802	9
141	6	0.05	-4.408916732011895	9
141	7	0.05	-1.0633775196552326	9
141	8	0.05	-4.544825546777711	9
141	10	0.05	-1.7960411467070534	9
142	1	0.05	-3.760715894596103	3
142	2	0.05	-5.5662822430768095	3
142	4	0.05	-0.9834990554523204	3
142	5	0.05	-5.520025165070162	3
142	6	0.05	-5.585855445270125	3
142	7	0.05	-5.408288341891098	3
142	8	0.05	-5.77038809612341	3
142	9	0.05	0.07479242581172826	3
142	10	0.05	-4.5916087086666035	3
143	1	0.05	-6.241706751132321	3
143	2	0.05	-6.213843172366591	3
143	4	0.05	-5.717551240020441	3
143	5	0.05	-6.206654140425159	3
143	6	0.05	-6.177479180484183	3
143	7	0.05	-6.328161119818041	3
143	8	0.05	-6.33512184783226	3
143	9	0.05	-6.333312734809105	3
143	10	0.05	-6.2674269622765015	3
144	1	0.05	-7.643710684077843	7
144	2	0.05	-7.580068845790198	7
144	3	0.05	-7.450693510742899	7
144	4	0.05	-7.688930144180574	7
144	5	0.05	-7.437879272013545	7
144	6	0.05	-7.5422215783810165	7
144	8	0.05	-7.3647429437417316	7
144	9	0.05	-6.368267811295254	7
144	10	0.05	-7.227799331032824	7
145	1	0.05	-6.321689441772817	9
145	2	0.05	-6.159710637715157	9
145	3	0.05	1.1041100552956242	9
145	4	0.05	-3.761731830273081	9
145	5	0.05	-6.3965417160675875	9
145	6	0.05	-6.145425558188042	9
145	7	0.05	-6.369457873772244	9
145	8	0.05	-6.34504275431158	9
145	10	0.05	-0.9392031366476022	9
146	1	0.05	4.366326779481038	7
146	2	0.05	1.7811944165181481	7
146	3	0.05	0.1025399398628124	7
146	4	0.05	-0.13076355973561157	7
146	5	0.05	0.27438019723278584	7
146	6	0.05	4.624205280334313	7
146	8	0.05	-0.42598764106853565	7
146	9	0.05	6.778675612587162	7
146	10	0.05	-0.3690211257066057	7
147	1	0.05	-5.031928014571736	2
147	3	0.05	-4.689768557055716	2
147	4	0.05	-3.6489333176852248	2
147	5	0.05	-1.4276082330761781	2
147	6	0.05	-2.6247857886791257	2
147	7	0.05	-3.665135460812018	2
147	8	0.05	-0.17827328003411747	2
147	9	0.05	0.9946178829461416	2
147	10	0.05	-4.980600478052226	2
148	1	0.05	-0.05748655702731681	8
148	2	0.05	5.785901129164148	8
148	3	0.05	6.522070611105815	8
148	4	0.05	7.552483753596418	8
148	5	0.05	3.1232415667965765	8
148	6	0.05	-0.05549901000147122	8
148	7	0.05	5.018862315537217	8
148	9	0.05	-0.1009268622809951	8
148	10	0.05	2.2787339155275492	8
149	2	0.05	-7.648522052387833	1
149	3	0.05	-7.498611221776876	1
149	4	0.05	-7.720507584540007	1
149	5	0.05	-7.762924266736333	1
149	6	0.05	-7.585336364028645	1
149	7	0.05	-7.6940434323259135	1
149	8	0.05	-7.735557921365034	1
149	9	0.05	-7.702759184269449	1
149	10	0.05	-7.683957530697338	1
150	1	0.05	3.7234522999562296	7
150	2	0.05	-0.32969200747754407	7
150	3	0.05	2.784747388557947	7
150	4	0.05	-0.42452765797002423	7
150	5	0.05	6.380059912240138	7
150	6	0.05	1.0673811116264844	7
150	8	0.05	-0.07541352524828383	7
150	9	0.05	-0.41090672271822315	7
150	10	0.05	-0.3212261720992716	7
