Img	Target_Label	Epsilon	Objective_Value	Label
1	1	0.05	-3.0557568068433367	3
1	2	0.05	-3.0438592173849095	3
1	4	0.05	2.386374023371212	3
1	5	0.05	-3.1466967407855075	3
1	6	0.05	-3.1567809162835228	3
1	7	0.05	0.3200738380244948	3
1	8	0.05	-3.1163274119198006	3
1	9	0.05	-0.16278635248223433	3
1	10	0.05	-2.753063716303436	3
2	2	0.05	-7.547826721277969	1
2	3	0.05	-7.519927052245257	1
2	4	0.05	-7.366761031613479	1
2	5	0.05	-7.623704728484018	1
2	6	0.05	-7.574788283942804	1
2	7	0.05	-7.170111953862083	1
2	8	0.05	-7.637386920268927	1
2	9	0.05	-7.396048325322413	1
2	10	0.05	-7.4704835570185875	1
3	1	0.05	-7.702767187291193	5
3	2	0.05	-7.76618513755334	5
3	3	0.05	-7.744415202051993	5
3	4	0.05	-7.776249645847811	5
3	6	0.05	-7.754053452085205	5
3	7	0.05	-7.817260301367877	5
3	8	0.05	-7.744420926655582	5
3	9	0.05	-7.839628081094778	5
3	10	0.05	-5.9899096587529455	5
4	1	0.05	5.7927578707636	9
4	2	0.05	2.744047322104591	9
4	3	0.05	4.554304312130034	9
4	4	0.05	5.673569795736734	9
4	5	0.05	-0.08710045087699465	9
4	6	0.05	6.955938479751437	9
4	7	0.05	6.6885782465972925	9
4	8	0.05	-0.1315034511965241	9
4	10	0.05	3.153389145124606	9
5	1	0.05	-7.618784751284075	8
5	2	0.05	-7.67094400482666	8
5	3	0.05	-6.882205901276531	8
5	4	0.05	-7.096182451807554	8
5	5	0.05	-7.263844412277356	8
5	6	0.05	-7.62589734884812	8
5	7	0.05	-7.534864381673055	8
5	9	0.05	-7.752050863790088	8
5	10	0.05	-7.298701343035503	8
6	1	0.05	-7.675706236388742	7
6	2	0.05	-7.675773679715233	7
6	3	0.05	-5.06819905177014	7
6	4	0.05	-7.322589563469049	7
6	5	0.05	-7.753307328809814	7
6	6	0.05	-4.433349862952531	7
6	8	0.05	-7.8413862379711965	7
6	9	0.05	-1.8798463274832287	7
6	10	0.05	-5.821399521381258	7
7	2	0.05	-7.551361707858578	1
7	3	0.05	-7.523980670540427	1
7	4	0.05	-7.373924667778245	1
7	5	0.05	-7.628874182296929	1
7	6	0.05	-7.5747520187603445	1
7	7	0.05	-7.591627448478896	1
7	8	0.05	-7.641332883948473	1
7	9	0.05	-7.675118085877927	1
7	10	0.05	-7.466686561001649	1
8	1	0.05	0.4169556414350427	7
8	2	0.05	-1.1624434811834365	7
8	3	0.05	2.9003123851595567	7
8	4	0.05	-0.9829096577371556	7
8	5	0.05	-1.1659702959889813	7
8	6	0.05	5.12662807472677	7
8	8	0.05	-1.255370957178968	7
8	9	0.05	3.785447390782966	7
8	10	0.05	-1.0684958727465061	7
9	1	0.05	-0.3519550084642118	4
9	2	0.05	-0.26993325509923777	4
9	3	0.05	0.3771057372002319	4
9	5	0.05	-0.49073633717054743	4
9	6	0.05	5.123745131743749	4
9	7	0.05	-0.43932973424875976	4
9	8	0.05	-0.5067793543431373	4
9	9	0.05	3.234440175189321	4
9	10	0.05	-0.3270100288262827	4
10	1	0.05	-0.9234948589871541	2
10	3	0.05	4.689218713493854	2
10	4	0.05	0.8500240726959964	2
10	5	0.05	-1.1193450989105036	2
10	6	0.05	3.015381988045342	2
10	7	0.05	-0.5972142216390363	2
10	8	0.05	-0.22629452506574035	2
10	9	0.05	1.0178949284620862	2
10	10	0.05	-1.560606864633355	2
11	1	0.05	-2.0176070928954375	9
11	2	0.05	-1.9768076754685202	9
11	3	0.05	-1.605658766327847	9
11	4	0.05	-1.8160814514269532	9
11	5	0.05	-1.291037445167912	9
11	6	0.05	4.4101781785175245	9
11	7	0.05	3.7927812079499876	9
11	8	0.05	-2.198937539746022	9
11	10	0.05	-1.9711143709402295	9
12	2	0.05	-7.538278599984877	1
12	3	0.05	-6.372867775348045	1
12	4	0.05	-7.217752242416453	1
12	5	0.05	-7.613813046948963	1
12	6	0.05	-7.584937236916649	1
12	7	0.05	-7.421434414440079	1
12	8	0.05	-7.6549272530893	1
12	9	0.05	-7.543912774871519	1
12	10	0.05	-7.46857471249177	1
13	1	0.05	1.3529778333398221	8
13	2	0.05	-3.6627119470754312	8
13	3	0.05	1.866088553554924	8
13	4	0.05	1.6979591897605555	8
13	5	0.05	-3.735066561020088	8
13	6	0.05	0.147530765976856	8
13	7	0.05	-3.711491793981101	8
13	9	0.05	-3.7286900363807005	8
13	10	0.05	0.6938905083286986	8
14	1	0.05	-5.270330418622589	10
14	2	0.05	-5.394266083598816	10
14	3	0.05	-5.362820036281469	10
14	4	0.05	-3.6660239132245476	10
14	5	0.05	-5.358301484470397	10
14	6	0.05	-5.268908381327706	10
14	7	0.05	-5.384708578396858	10
14	8	0.05	-3.934734691407284	10
14	9	0.05	-3.1231995781786672	10
15	1	0.05	-4.058494886777173	9
15	2	0.05	-7.519917965756961	9
15	3	0.05	-5.400467784828102	9
15	4	0.05	-7.088420744284276	9
15	5	0.05	-7.621364853558379	9
15	6	0.05	-2.883070624937641	9
15	7	0.05	-7.196776856109382	9
15	8	0.05	-7.676536728951681	9
15	10	0.05	-3.4693486163958993	9
16	1	0.05	-6.701771736287109	5
16	2	0.05	-6.904315621530222	5
16	3	0.05	-6.711316616986891	5
16	4	0.05	-6.883142554101023	5
16	6	0.05	-6.94121878702947	5
16	7	0.05	-2.8868101933709465	5
16	8	0.05	-7.0387446560277676	5
16	9	0.05	-3.4275761031796486	5
16	10	0.05	-6.5095716859781065	5
17	1	0.05	-4.9614057810305665	6
17	2	0.05	-6.707469158565074	6
17	3	0.05	-7.615286109566686	6
17	4	0.05	-6.8252417947097115	6
17	5	0.05	-7.692855009159032	6
17	7	0.05	-7.4128028794048655	6
17	8	0.05	-7.743631201816626	6
17	9	0.05	-6.992910853410384	6
17	10	0.05	-7.557004516432323	6
18	1	0.05	-1.7291739564260342	4
18	2	0.05	-4.035946422195057	4
18	3	0.05	-5.520587540079914	4
18	5	0.05	-5.768263881858622	4
18	6	0.05	1.0365062936557947	4
18	7	0.05	-5.743516656724068	4
18	8	0.05	-5.800121228045352	4
18	9	0.05	-5.739711000314328	4
18	10	0.05	-3.170182779090078	4
19	1	0.05	1.077495675170472	5
19	2	0.05	2.6571307801805832	5
19	3	0.05	-0.9177617196130038	5
19	4	0.05	1.7869207267818976	5
19	6	0.05	4.2034283953506275	5
19	7	0.05	-0.9982885766246833	5
19	8	0.05	1.697789551134909	5
19	9	0.05	4.268005895306441	5
19	10	0.05	6.334471011639324	5
20	2	0.05	-1.068621142166192	1
20	3	0.05	2.283443922132726	1
20	4	0.05	-0.44250830239482214	1
20	5	0.05	-1.1516926776054448	1
20	6	0.05	2.6958449638834527	1
20	7	0.05	-0.5571559490252661	1
20	8	0.05	4.350809952572056	1
20	9	0.05	5.248364721753818	1
20	10	0.05	3.5165503461051784	1
21	1	0.05	-3.8584839665121176	7
21	2	0.05	-4.970717444714328	7
21	3	0.05	1.0684936154261857	7
21	4	0.05	-3.841819047224994	7
21	5	0.05	-2.4396726149537837	7
21	6	0.05	-3.118328274370491	7
21	8	0.05	-4.791858892163565	7
21	9	0.05	-2.938314866474229	7
21	10	0.05	-1.29868379627264	7
22	1	0.05	-1.348763046162296	7
22	2	0.05	-1.3488244014450939	7
22	3	0.05	3.1903947581379004	7
22	4	0.05	-0.23410627974842066	7
22	5	0.05	0.2552248296532017	7
22	6	0.05	1.8331706152961749	7
22	8	0.05	-0.9704499785684326	7
22	9	0.05	2.452462812525662	7
22	10	0.05	0.2790514007945853	7
23	1	0.05	-7.1293576893742205	4
23	2	0.05	-1.463748783681787	4
23	3	0.05	-4.350428437942915	4
23	5	0.05	-7.285099886813171	4
23	6	0.05	0.37918873756878985	4
23	7	0.05	-7.2371769407634305	4
23	8	0.05	-7.2674679303259	4
23	9	0.05	-7.227256249643421	4
23	10	0.05	-7.142767380084803	4
24	2	0.05	-7.517138556378406	1
24	3	0.05	-2.5715241695644124	1
24	4	0.05	-7.338932228983572	1
24	5	0.05	-7.596786941303843	1
24	6	0.05	-5.798250198217925	1
24	7	0.05	-4.639324316313782	1
24	8	0.05	-7.614823359784131	1
24	9	0.05	-7.644776307489986	1
24	10	0.05	-4.755080422659674	1
25	1	0.05	-5.771845913828712	3
25	2	0.05	-2.844453231594692	3
25	4	0.05	-0.8735093155029635	3
25	5	0.05	-7.584221380290861	3
25	6	0.05	-7.60783725150662	3
25	7	0.05	-7.3612642155810075	3
25	8	0.05	-7.576611526426225	3
25	9	0.05	-7.5661128090967695	3
25	10	0.05	-7.475184755643617	3
26	1	0.05	-7.906726939568829	4
26	2	0.05	-7.87462384665247	4
26	3	0.05	-7.1608934931784844	4
26	5	0.05	-8.05674235878338	4
26	6	0.05	-2.2693239672071672	4
26	7	0.05	-8.034059914303423	4
26	8	0.05	-8.048281622625584	4
26	9	0.05	-8.005059651296563	4
26	10	0.05	-7.521350115903048	4
27	1	0.05	-0.7783342742554411	7
27	2	0.05	3.9835385198410327	7
27	3	0.05	2.52503201870904	7
27	4	0.05	4.044582624834478	7
27	5	0.05	-0.3475094975792022	7
27	6	0.05	4.706027802701339	7
27	8	0.05	-0.9319017059157865	7
27	9	0.05	2.197303525413405	7
27	10	0.05	-0.7706656024480584	7
28	1	0.05	-7.689391909058923	7
28	2	0.05	-7.6871067372123765	7
28	3	0.05	-6.169428982728164	7
28	4	0.05	-7.639216347628157	7
28	5	0.05	-7.788168798950693	7
28	6	0.05	-6.109100773492572	7
28	8	0.05	-7.858502403212905	7
28	9	0.05	-7.047843611060096	7
28	10	0.05	-7.718328817620344	7
29	1	0.05	-5.387872279550163	8
29	2	0.05	-5.4235954960181605	8
29	3	0.05	-3.7661153997808494	8
29	4	0.05	-0.5807085064159178	8
29	5	0.05	-5.477388678465054	8
29	6	0.05	-4.00529271627208	8
29	7	0.05	-5.532198611949408	8
29	9	0.05	-3.7438778282837624	8
29	10	0.05	-5.107210398747933	8
30	1	0.05	-1.9751032055424118	5
30	2	0.05	-2.2870423747438684	5
30	3	0.05	-1.8758963782233034	5
30	4	0.05	-2.2908632558313267	5
30	6	0.05	1.039231272423422	5
30	7	0.05	1.558554821783912	5
30	8	0.05	3.3916516417948697	5
30	9	0.05	-2.751537663665619	5
30	10	0.05	0.7966499398497037	5
32	1	0.05	-7.906489190826472	4
32	2	0.05	-7.878125858083005	4
32	3	0.05	-7.882570048141564	4
32	5	0.05	-8.044790767082759	4
32	6	0.05	-7.967807197288896	4
32	7	0.05	-8.033227071019864	4
32	8	0.05	-8.047975614834307	4
32	9	0.05	-8.019181646433324	4
32	10	0.05	-7.831953007493423	4
33	1	0.05	-3.8344702480893904	9
33	2	0.05	-3.7754933603907674	9
33	3	0.05	-1.2638674640382401	9
33	4	0.05	-0.27518966505514136	9
33	5	0.05	-3.971490698969427	9
33	6	0.05	-4.012932536179014	9
33	7	0.05	-3.992920071939177	9
33	8	0.05	-4.022722310745789	9
33	10	0.05	-3.713501571482869	9
34	1	0.05	5.757401615518603	8
34	2	0.05	7.81801515640159	8
35	1	0.05	-7.585862974396739	6
35	2	0.05	-7.604124786592844	6
35	3	0.05	-7.603882035521281	6
35	4	0.05	-6.672760164823339	6
35	5	0.05	-7.709401418451253	6
35	7	0.05	-7.453153039280752	6
35	8	0.05	-7.751818781194922	6
35	9	0.05	-7.699532677924484	6
35	10	0.05	-7.536638638993483	6
36	1	0.05	-5.116277004953987	5
36	2	0.05	-5.096064164294372	5
36	3	0.05	-5.097993261849738	5
36	4	0.05	-5.062888228663996	5
36	6	0.05	-5.147610883117075	5
36	7	0.05	-4.9243444637243625	5
36	8	0.05	-4.645988912196566	5
36	9	0.05	-2.8561635087924664	5
36	10	0.05	-1.8859474944950239	5
37	1	0.05	-4.632141333800934	3
37	2	0.05	-4.379204395511796	3
37	4	0.05	1.6858766468286643	3
37	5	0.05	-4.503534439105024	3
37	6	0.05	-4.816380024982567	3
37	7	0.05	-3.1684398677609784	3
37	8	0.05	-4.7939936078086385	3
37	9	0.05	-4.24013543798411	3
37	10	0.05	-4.583446143109526	3
38	1	0.05	-6.321445993347291	6
38	2	0.05	-6.289625853552195	6
38	3	0.05	-4.922133580474694	6
38	4	0.05	-5.182834803450634	6
38	5	0.05	-6.4215041599143134	6
38	7	0.05	-5.520556137263607	6
38	8	0.05	-5.67438492522851	6
38	9	0.05	-1.7045819507741387	6
38	10	0.05	-6.248901771630112	6
39	1	0.05	6.0389092586767275	6
39	2	0.05	5.025457303188952	6
39	3	0.05	4.710550841535358	6
39	4	0.05	6.749884611132547	6
39	5	0.05	2.5788091605365517	6
39	7	0.05	5.113075794413427	6
39	8	0.05	3.3317920480038556	6
39	9	0.05	2.389604970492227	6
39	10	0.05	5.4821794358833795	6
40	1	0.05	0.48431335570552675	9
40	2	0.05	7.1712123675772235	9
40	3	0.05	0.7520248677857589	9
40	4	0.05	7.1396481700784395	9
40	5	0.05	3.1246670869521918	9
40	6	0.05	6.8957228862907805	9
40	7	0.05	2.9035224004468905	9
40	8	0.05	-4.537267163875672e-5	9
40	10	0.05	2.5580783922656374	9
41	1	0.05	-7.592735735508193	6
41	2	0.05	-7.616143667464421	6
41	3	0.05	-7.62357660481211	6
41	4	0.05	-6.421456094317851	6
41	5	0.05	-7.723718765317978	6
41	7	0.05	-7.668903172218008	6
41	8	0.05	-7.756556025969707	6
41	9	0.05	-7.708752125730854	6
41	10	0.05	-5.0434899787987995	6
42	1	0.05	-4.838454271799241	3
42	2	0.05	-4.786575103173996	3
42	4	0.05	0.27962935191662097	3
42	5	0.05	-4.949187883264562	3
42	6	0.05	-4.990157491248232	3
42	7	0.05	-4.9242276767436035	3
42	8	0.05	-4.89194627952972	3
42	9	0.05	-4.07382453904693	3
42	10	0.05	-4.269013495458784	3
43	1	0.05	1.9330537556385432	10
43	2	0.05	-0.356751691908931	10
43	3	0.05	0.13089494768918983	10
43	4	0.05	-0.10278457917561852	10
43	5	0.05	6.969427528038026	10
43	6	0.05	1.792268819281851	10
43	7	0.05	0.15800309933050868	10
43	8	0.05	-0.42957637891866096	10
43	9	0.05	0.23799415520759795	10
44	1	0.05	-6.018005967216712	3
44	2	0.05	-6.126081450969462	3
44	4	0.05	-4.549535594993851	3
44	5	0.05	-2.590925353013678	3
44	6	0.05	-6.275412936234608	3
44	7	0.05	0.6092542446456267	3
44	8	0.05	-4.476814732456911	3
44	9	0.05	-6.285338030712673	3
44	10	0.05	-6.09833450718861	3
45	1	0.05	-6.13476849524794	5
45	2	0.05	-6.231224748006199	5
45	3	0.05	-6.082488355808113	5
45	4	0.05	-6.226786935381811	5
45	6	0.05	-6.153451556682966	5
45	7	0.05	-6.2698722043845665	5
45	8	0.05	-2.52712382336106	5
45	9	0.05	-4.248926838801772	5
45	10	0.05	0.04444625268954469	5
46	1	0.05	-7.615165365276636	3
46	2	0.05	-7.122245464921932	3
46	4	0.05	-4.667530936229357	3
46	5	0.05	-7.739892977858484	3
46	6	0.05	-7.792668612580233	3
46	7	0.05	-7.526693250399698	3
46	8	0.05	-7.764838988090457	3
46	9	0.05	-7.726437420629082	3
46	10	0.05	-7.647784753856963	3
47	1	0.05	-5.556568549985092	8
47	2	0.05	-3.18585826861066	8
47	3	0.05	-4.452211210946334	8
47	4	0.05	0.3945242177499622	8
47	5	0.05	-5.398476651890313	8
47	6	0.05	-5.626644181904369	8
47	7	0.05	-5.676107597538431	8
47	9	0.05	-4.055651482227953	8
47	10	0.05	-4.182141712273127	8
48	2	0.05	-7.554408230036841	1
48	3	0.05	-7.520553645659423	1
48	4	0.05	-7.379986252981916	1
48	5	0.05	-7.629520939952871	1
48	6	0.05	-7.58498130229253	1
48	7	0.05	-7.0222983005072965	1
48	8	0.05	-6.659652917546694	1
48	9	0.05	-7.67515649478087	1
48	10	0.05	-7.467929158494062	1
49	1	0.05	-7.591798105779234	6
49	2	0.05	-7.623939404049128	6
49	3	0.05	-7.634773948875418	6
49	4	0.05	-6.129494570434553	6
49	5	0.05	-7.719745603487765	6
49	7	0.05	-7.673992597654764	6
49	8	0.05	-7.297707196051928	6
49	9	0.05	-7.514026908324986	6
49	10	0.05	-7.560873758383609	6
50	1	0.05	-0.5976318515607515	2
50	3	0.05	2.338472817911399	2
50	4	0.05	3.3419678954631613	2
50	5	0.05	1.2780957271470912	2
50	6	0.05	1.7568032779827654	2
50	7	0.05	-0.2567956345983274	2
50	8	0.05	1.5940042578036995	2
50	9	0.05	1.2653111294311428	2
50	10	0.05	-1.3647862762006011	2
51	2	0.05	-7.5491718086518524	1
51	3	0.05	-7.173017581024424	1
51	4	0.05	-7.3740144782453765	1
51	5	0.05	-7.619643587286214	1
51	6	0.05	-7.580201812294613	1
51	7	0.05	-7.587124539934529	1
51	8	0.05	-7.656964581954803	1
51	9	0.05	-7.666931236613835	1
51	10	0.05	-7.075634874695101	1
52	1	0.05	-2.6122787868097257	8
52	2	0.05	-2.166967486548266	8
52	3	0.05	-3.319283042992091	8
52	4	0.05	-0.06836492824598495	8
52	5	0.05	-6.159924246567878	8
52	6	0.05	-5.859908838922011	8
52	7	0.05	-6.066408435371479	8
52	9	0.05	-6.184876732811157	8
52	10	0.05	-2.8624287623149445	8
53	1	0.05	-3.669488986270538	10
53	2	0.05	-3.417331562877815	10
53	3	0.05	-3.7739805080704003	10
53	4	0.05	-3.055814704402023	10
53	5	0.05	-1.6906127431219604	10
53	6	0.05	-2.3230524152386804	10
53	7	0.05	-3.7702746588546625	10
53	8	0.05	2.066211225815281	10
53	9	0.05	-3.7182386292437606	10
54	1	0.05	-2.3124631388978587	10
54	2	0.05	-2.361445042545082	10
54	3	0.05	1.6445628760373767	10
54	4	0.05	-2.3425200994884925	10
54	5	0.05	4.015989667093234	10
54	6	0.05	-2.344247185250208	10
54	7	0.05	-2.38894499784884	10
54	8	0.05	-2.4532483334699178	10
54	9	0.05	-1.1026093537314146	10
55	1	0.05	-6.902559771214977	10
55	2	0.05	-6.959681057142529	10
55	3	0.05	-6.088885099071874	10
55	4	0.05	-6.898235797738695	10
55	5	0.05	-6.911808566688391	10
55	6	0.05	-6.917158524224699	10
55	7	0.05	-7.009798312244781	10
55	8	0.05	-7.0233075576421	10
55	9	0.05	-5.89726799719079	10
56	1	0.05	-7.6898771445133915	7
56	2	0.05	-7.683100387506805	7
56	3	0.05	-7.661369916387621	7
56	4	0.05	-7.652177750123199	7
56	5	0.05	-7.696686020982364	7
56	6	0.05	-7.827473359898808	7
56	8	0.05	-7.856663808569644	7
56	9	0.05	-7.835586976617942	7
56	10	0.05	-7.704209994390845	7
57	1	0.05	-5.078860096970311	6
57	2	0.05	-5.728583262840877	6
57	3	0.05	-5.744084471958845	6
57	4	0.05	-3.926757442866598	6
57	5	0.05	-5.708413383786053	6
57	7	0.05	-5.790345600885322	6
57	8	0.05	-5.935899094827959	6
57	9	0.05	-4.322655001662743	6
57	10	0.05	-2.492517568438809	6
58	1	0.05	-5.426507996856705	9
58	2	0.05	-5.457702091891982	9
58	3	0.05	-5.50874511310829	9
58	4	0.05	-4.589427936563645	9
58	5	0.05	-5.598903138729419	9
58	6	0.05	-4.481326171228002	9
58	7	0.05	-5.573276883866748	9
58	8	0.05	-5.653290059853227	9
58	10	0.05	-4.987514911729175	9
59	1	0.05	-6.230961164046029	9
59	2	0.05	-7.340317359000244	9
59	3	0.05	-6.703103762726371	9
59	4	0.05	-2.282870119466592	9
59	5	0.05	-3.4938115616584016	9
59	6	0.05	-5.3044082870670595	9
59	7	0.05	-2.084258894522089	9
59	8	0.05	-7.51639887326891	9
59	10	0.05	-7.291009618438252	9
60	1	0.05	-7.292130931636066	7
60	2	0.05	-7.263321756393845	7
60	3	0.05	-1.2155240940601377	7
60	4	0.05	-7.169187556431065	7
60	5	0.05	-7.389028471417227	7
60	6	0.05	-3.267726103546763	7
60	8	0.05	-7.44705093600752	7
60	9	0.05	-5.495555213689205	7
60	10	0.05	-6.961681208427662	7
61	1	0.05	-4.701929361472513	10
61	2	0.05	-4.7224345435324775	10
61	3	0.05	-4.686697855702547	10
61	4	0.05	-1.9342447812199763	10
61	5	0.05	-4.770734751256076	10
61	6	0.05	-2.116834583820739	10
61	7	0.05	-4.828041757496038	10
61	8	0.05	-0.6058307802560798	10
61	9	0.05	-4.557409212307382	10
62	1	0.05	4.1893685120550375	10
62	2	0.05	-0.5016017202419929	10
62	3	0.05	1.844497035070522	10
62	4	0.05	-0.3790781133097582	10
62	5	0.05	2.617803533025425	10
62	6	0.05	-0.3789897301910019	10
62	7	0.05	-0.27610321399839544	10
62	8	0.05	-0.5227128126053168	10
62	9	0.05	0.9703670043406603	10
63	1	0.05	-3.604185470463611	6
63	2	0.05	-0.45220121601971924	6
63	3	0.05	-7.611962614369629	6
63	4	0.05	-7.043975740554023	6
63	5	0.05	-7.638975045170752	6
63	7	0.05	-7.65861493332133	6
63	8	0.05	-6.216048047441052	6
63	9	0.05	-7.451379079807899	6
63	10	0.05	-7.3332300716842616	6
64	1	0.05	-7.519198183673164	5
64	2	0.05	-6.329492157863957	5
64	3	0.05	-7.58997535075746	5
64	4	0.05	-7.601587283983984	5
64	6	0.05	-7.548421970037162	5
64	7	0.05	-7.188216762152228	5
64	8	0.05	-1.3657107160800623	5
64	9	0.05	-7.669764145469819	5
64	10	0.05	-2.8475455422915377	5
65	1	0.05	-1.2928435622511096	3
65	2	0.05	-1.2440922755430175	3
65	4	0.05	5.944464137835734	3
65	5	0.05	-1.4178211335620132	3
65	6	0.05	-1.4422003087051198	3
65	7	0.05	-1.4459025976394837	3
65	8	0.05	0.39188102756670534	3
65	9	0.05	2.2708564831321447	3
65	10	0.05	-1.2627488690841124	3
66	1	0.05	-7.691896214989103	7
66	2	0.05	-7.689228979801361	7
66	3	0.05	-7.657509557195132	7
66	4	0.05	-7.658935511473635	7
66	5	0.05	-7.778635335842836	7
66	6	0.05	-5.145094285665882	7
66	8	0.05	-7.859683432934771	7
66	9	0.05	-7.836430917797244	7
66	10	0.05	-7.715745179319706	7
67	1	0.05	0.5963295354214545	9
67	2	0.05	-5.243468709419974	9
67	3	0.05	-4.607070426514191	9
67	4	0.05	2.30276550878659	9
67	5	0.05	-5.498134041933706	9
67	6	0.05	-4.675879323878023	9
67	7	0.05	-5.296221794078814	9
67	8	0.05	-5.558430064413962	9
67	10	0.05	-3.893743571335564	9
68	1	0.05	0.18847236081727278	2
68	3	0.05	4.736820557220112	2
68	4	0.05	6.540642651338937	2
68	5	0.05	0.3612134379123787	2
68	6	0.05	3.347041126822676	2
68	7	0.05	3.4238248254070656	2
68	8	0.05	1.6927390061403704	2
68	9	0.05	3.073805250488103	2
68	10	0.05	0.87954859453052	2
69	2	0.05	-7.5474938666341185	1
69	3	0.05	-7.514569599358877	1
69	4	0.05	-7.3816179004008236	1
69	5	0.05	-7.532371703610823	1
69	6	0.05	-6.022173899504097	1
69	7	0.05	-5.763672497163211	1
69	8	0.05	-5.820135498052377	1
69	9	0.05	-7.659004240955692	1
69	10	0.05	-6.924601913305459	1
70	1	0.05	-7.690394902734049	7
70	2	0.05	-7.6873128806985065	7
70	3	0.05	-7.589592283839821	7
70	4	0.05	-7.4447967666436075	7
70	5	0.05	-7.462993580898825	7
70	6	0.05	-4.984431758461078	7
70	8	0.05	-7.859241254055588	7
70	9	0.05	-7.835430633633152	7
70	10	0.05	-7.718907131697072	7
71	1	0.05	-2.5907394297570336	10
71	2	0.05	-2.615670698531845	10
71	3	0.05	-2.6086616887999172	10
71	4	0.05	-1.1241920450319822	10
71	5	0.05	-2.635081540759635	10
71	6	0.05	4.7115211858780865	10
71	7	0.05	-2.7415303573026213	10
71	8	0.05	1.1764906931952994	10
71	9	0.05	-2.794792499247865	10
72	1	0.05	-6.676790995999948	6
72	2	0.05	-6.736219157561432	6
72	3	0.05	-6.672828042338374	6
72	4	0.05	0.7411619413628079	6
72	5	0.05	-6.795029546816984	6
72	7	0.05	-6.207031455870842	6
72	8	0.05	-1.1215890368112147	6
72	9	0.05	-3.445523303265891	6
72	10	0.05	-4.29493624721036	6
73	1	0.05	-7.564027940470161	6
73	2	0.05	-7.5958360875171556	6
73	3	0.05	-7.596784698716935	6
73	4	0.05	-6.451304236748327	6
73	5	0.05	-7.706359045102866	6
73	7	0.05	-6.350316780762631	6
73	8	0.05	-7.744428162064092	6
73	9	0.05	-7.696424799778254	6
73	10	0.05	-7.1153178073434145	6
74	1	0.05	-7.698927262774653	5
74	2	0.05	-7.652242519648132	5
74	3	0.05	-7.742820263242913	5
74	4	0.05	-7.7597183230334315	5
74	6	0.05	-7.741285153912837	5
74	7	0.05	-7.803080936520344	5
74	8	0.05	-6.7548897083597055	5
74	9	0.05	-7.833289135285103	5
74	10	0.05	-6.603680549635022	5
75	1	0.05	0.9810608253404202	2
75	3	0.05	1.660757427372976	2
75	4	0.05	2.7913559156071077	2
75	5	0.05	-0.8910312671701724	2
75	6	0.05	4.221082806237051	2
75	7	0.05	2.29496783327105	2
75	8	0.05	-1.492321469707588	2
75	9	0.05	0.04378535800309306	2
75	10	0.05	-0.4308070491278419	2
76	1	0.05	-7.663976949362812	7
76	2	0.05	-5.51413078806155	7
76	3	0.05	-0.9444690203081851	7
76	4	0.05	-6.432455504437347	7
76	5	0.05	-7.772558309946288	7
76	6	0.05	-7.719496557627559	7
76	8	0.05	-7.816726580251641	7
76	9	0.05	-7.022321730074806	7
76	10	0.05	-7.696025434815358	7
77	1	0.05	-3.092939667766726	8
77	2	0.05	-3.152883829301553	8
77	3	0.05	0.5706375249052124	8
77	4	0.05	4.1294482886412	8
77	5	0.05	-3.046207776665542	8
77	6	0.05	-2.9599972837106883	8
77	7	0.05	-3.11018954523836	8
77	9	0.05	0.6316157359244847	8
77	10	0.05	-1.8935890010053773	8
78	1	0.05	0.5291055059429778	6
78	2	0.05	-4.425947408271234	6
78	3	0.05	-4.465562011828712	6
78	4	0.05	-4.1209765327606585	6
78	5	0.05	-4.551904739319893	6
78	7	0.05	-4.4452200571138984	6
78	8	0.05	-4.588221618533589	6
78	9	0.05	-1.2608596944061683	6
78	10	0.05	-4.352148901241809	6
79	1	0.05	-4.495038328590923	3
79	2	0.05	-4.064947975505979	3
79	4	0.05	-3.8606752533956015	3
79	5	0.05	1.5903503499357505	3
79	6	0.05	-0.19862149355268796	3
79	7	0.05	-4.551120999947834	3
79	8	0.05	-2.0238594263315135	3
79	9	0.05	-4.616610266045302	3
79	10	0.05	-4.353651608926026	3
80	1	0.05	-1.895280462314618	10
80	2	0.05	-1.6976770520885545	10
80	3	0.05	-2.088855119100445	10
80	4	0.05	0.2955333691042212	10
80	5	0.05	3.607189045039857	10
80	6	0.05	-2.01215868010777	10
80	7	0.05	-2.0099584289089827	10
80	8	0.05	1.5300959927439561	10
80	9	0.05	-1.850290634172006	10
81	2	0.05	-7.004031230437099	1
81	3	0.05	-1.704114843263229	1
81	4	0.05	-7.270496285925327	1
81	5	0.05	-7.460051557722534	1
81	6	0.05	-7.479389138553975	1
81	7	0.05	-2.0782179390557713	1
81	8	0.05	-7.562204178633296	1
81	9	0.05	-7.580943126384002	1
81	10	0.05	-7.375940620433954	1
82	1	0.05	-7.468598554000703	7
82	2	0.05	-7.686079161106638	7
82	3	0.05	-7.295234994223301	7
82	4	0.05	-7.654969207483772	7
82	5	0.05	-7.612758387349872	7
82	6	0.05	-7.7480204756182065	7
82	8	0.05	-7.857697008229061	7
82	9	0.05	-7.375611124614118	7
82	10	0.05	-7.706399113227039	7
83	1	0.05	-5.036609703534359	5
83	2	0.05	-5.081963003897145	5
83	3	0.05	-4.960043123416306	5
83	4	0.05	-5.048817020222699	5
83	6	0.05	-5.112692211149323	5
83	7	0.05	0.3784802566734498	5
83	8	0.05	-0.49162196018338455	5
83	9	0.05	-5.175105942031809	5
83	10	0.05	-4.72071038684668	5
84	1	0.05	-6.318196417104002	5
84	2	0.05	-6.372979805427993	5
84	3	0.05	-6.299198576336699	5
84	4	0.05	-6.3634365519425495	5
84	6	0.05	-6.3514847767395635	5
84	7	0.05	-6.431429769923142	5
84	8	0.05	-6.366048481307156	5
84	9	0.05	-6.44054149156868	5
84	10	0.05	-0.839415989414084	5
85	1	0.05	-0.3583181327456817	3
85	2	0.05	-3.8118983840737477	3
85	4	0.05	1.1126775506851116	3
85	5	0.05	-3.8870331271732526	3
85	6	0.05	-3.8593481169431523	3
85	7	0.05	-3.9340406993373658	3
85	8	0.05	0.23254454203171768	3
85	9	0.05	-2.10357192364952	3
85	10	0.05	-3.5247729120822857	3
86	1	0.05	1.6382340402105686	9
86	2	0.05	-1.4385099244371538	9
86	3	0.05	-1.5819025072736983	9
86	4	0.05	3.1998752098026175	9
86	5	0.05	3.4743348959704092	9
86	6	0.05	1.2246033497357822	9
86	7	0.05	-1.2456657452128304	9
86	8	0.05	-1.7610243925458604	9
86	10	0.05	4.137036166245059	9
87	1	0.05	-7.611192528993534	8
87	2	0.05	-2.1939489540307	8
87	3	0.05	-5.691861874312624	8
87	4	0.05	-3.248356442543987	8
87	5	0.05	-5.935216376759583	8
87	6	0.05	-7.339419042728398	8
87	7	0.05	-7.71414741591066	8
87	9	0.05	-7.585808544632688	8
87	10	0.05	-7.253354820429778	8
88	1	0.05	-7.440075418248177	9
88	2	0.05	-7.4821449852411455	9
88	3	0.05	-0.20928407203935964	9
88	4	0.05	-6.139216341158845	9
88	5	0.05	-7.640731670715129	9
88	6	0.05	-7.649645134819428	9
88	7	0.05	-7.609415543900356	9
88	8	0.05	-7.681090445840239	9
88	10	0.05	-7.312342199487203	9
89	1	0.05	-7.48684213849298	4
89	2	0.05	-7.004269644438767	4
89	3	0.05	-7.4433409026945725	4
89	5	0.05	-7.626300709354658	4
89	6	0.05	-4.641752715832396	4
89	7	0.05	-7.595596191901889	4
89	8	0.05	-7.632178649667893	4
89	9	0.05	-7.594193431205488	4
89	10	0.05	-6.204285725469102	4
90	2	0.05	-7.552384288375494	1
90	3	0.05	-7.523523477506279	1
90	4	0.05	-7.37595486888955	1
90	5	0.05	-7.6298382661900614	1
90	6	0.05	-7.585663739155247	1
90	7	0.05	-7.541804152724071	1
90	8	0.05	-7.658933247476479	1
90	9	0.05	-7.676776762700674	1
90	10	0.05	-7.117131992686452	1
91	1	0.05	-7.701539751497536	10
91	2	0.05	-7.763765771111753	10
91	3	0.05	-7.746492544600009	10
91	4	0.05	-7.517685166439663	10
91	5	0.05	-7.609822327074759	10
91	6	0.05	-7.696523338440133	10
91	7	0.05	-7.817988989501536	10
91	8	0.05	-7.658328421814792	10
91	9	0.05	-7.69474046177509	10
92	2	0.05	-4.096793306746522	1
92	3	0.05	-3.5939169491544942	1
92	4	0.05	-6.583908863486752	1
92	5	0.05	-6.950623390184535	1
92	6	0.05	-1.0221861445245624	1
92	7	0.05	-4.099217966606161	1
92	8	0.05	-6.860098377179415	1
92	9	0.05	-6.216470214863058	1
92	10	0.05	-6.851397418037974	1
93	1	0.05	-3.419403100151626	2
93	3	0.05	-3.430817271045261	2
93	4	0.05	-1.4347159917004484	2
93	5	0.05	-1.0023699933014523	2
93	6	0.05	-2.4883440431749597	2
93	7	0.05	-3.446691427609539	2
93	8	0.05	-2.3632428925404887	2
93	9	0.05	2.4924916223761113	2
93	10	0.05	-0.05035289350068796	2
94	1	0.05	-6.498791798398271	2
94	3	0.05	-6.147083347162331	2
94	4	0.05	-2.9952593831941097	2
94	5	0.05	-2.6087241288763505	2
94	6	0.05	-5.347859168917781	2
94	7	0.05	-2.118603183813378	2
94	8	0.05	-5.712514487127346	2
94	9	0.05	-4.558643456996289	2
94	10	0.05	-6.050712360097095	2
95	1	0.05	-5.0507436768457366	10
95	2	0.05	-5.348701303033764	10
95	3	0.05	-5.302081095418756	10
95	4	0.05	-5.02801735413651	10
95	5	0.05	-5.298031667066714	10
95	6	0.05	-2.049998897000061	10
95	7	0.05	-5.444111425246323	10
95	8	0.05	0.5246121460029212	10
95	9	0.05	-5.376210449542907	10
96	1	0.05	-7.694141183695092	5
96	2	0.05	-6.690152771704088	5
96	3	0.05	-7.732831458391909	5
96	4	0.05	-7.752090731266912	5
96	6	0.05	-7.73133151532637	5
96	7	0.05	-7.812713623413166	5
96	8	0.05	-6.297993556873278	5
96	9	0.05	-7.82152178315043	5
96	10	0.05	-3.2568504850145388	5
97	1	0.05	-0.5278844269169253	6
97	2	0.05	-0.4626489273313736	6
97	3	0.05	-0.5187853965706007	6
97	4	0.05	3.9965362949667345	6
97	5	0.05	-0.6331007573051392	6
97	7	0.05	3.745444169626634	6
97	8	0.05	-0.6981609228081819	6
97	9	0.05	3.309888792262353	6
97	10	0.05	-0.520968605152051	6
98	1	0.05	-1.3536906465519998	10
98	2	0.05	-1.5593981467095472	10
98	3	0.05	-1.5436140717249818	10
98	4	0.05	-1.4500380176729135	10
98	5	0.05	1.309555067848323	10
98	6	0.05	0.6514923896753951	10
98	7	0.05	-1.593026116531242	10
98	8	0.05	3.966591620742048	10
98	9	0.05	-1.6320647354508697	10
100	1	0.05	-7.668321795004412	7
100	2	0.05	-7.041277870151009	7
100	3	0.05	-1.6327863273633063	7
100	4	0.05	-7.383420025280239	7
100	5	0.05	-7.328776947451421	7
100	6	0.05	-5.319252676258983	7
100	8	0.05	-7.825420840769243	7
100	9	0.05	-6.00222001230223	7
100	10	0.05	-7.61460577228515	7
101	1	0.05	-0.4027894382777296	7
101	2	0.05	-1.2132734099062719	7
101	3	0.05	2.7430587207640498	7
101	4	0.05	0.13782420922531607	7
101	5	0.05	0.8114191221801719	7
101	6	0.05	4.47495823423686	7
101	8	0.05	-1.6955899599008115	7
101	9	0.05	3.52222530867356	7
101	10	0.05	-0.7879438824411426	7
102	2	0.05	-7.5357696443135875	1
102	3	0.05	-7.507021185928628	1
102	4	0.05	-7.368244265208219	1
102	5	0.05	-7.62264851923585	1
102	6	0.05	-7.587730606603365	1
102	7	0.05	-7.430946857970746	1
102	8	0.05	-7.658084703022698	1
102	9	0.05	-7.674704669809749	1
102	10	0.05	-7.474250024376008	1
103	1	0.05	-7.303605832093959	8
103	2	0.05	-7.429918639802485	8
103	3	0.05	-7.339142537958072	8
103	4	0.05	-7.489729125861404	8
103	5	0.05	-7.688543586296754	8
103	6	0.05	-4.3772278272677	8
103	7	0.05	-7.694399681004609	8
103	9	0.05	-7.740014730954172	8
103	10	0.05	-6.4864483472566565	8
104	1	0.05	-0.5558248187948459	8
104	2	0.05	-0.5860546327169656	8
104	3	0.05	-0.6053610999562564	8
104	4	0.05	1.4612676873855681	8
104	5	0.05	-0.14237783515674415	8
104	6	0.05	1.5461007952457455	8
104	7	0.05	-0.6026203393195039	8
104	9	0.05	6.408089964993028	8
104	10	0.05	4.803589983657955	8
105	1	0.05	0.05129833983212688	9
105	2	0.05	0.14037402776092933	9
105	3	0.05	1.1869305718601708	9
105	4	0.05	7.789224134431271	9
105	5	0.05	3.0247588440437037	9
105	6	0.05	0.007102299781904563	9
105	7	0.05	0.026931248299017677	9
105	8	0.05	1.4021304055244337	9
105	10	0.05	2.703824501679883	9
106	1	0.05	2.8736240403498403	5
106	2	0.05	-1.3289744244819213	5
106	3	0.05	5.135780076920531	5
106	4	0.05	0.008068766213454304	5
106	6	0.05	4.7529138613426065	5
106	7	0.05	4.618758372502353	5
106	8	0.05	-1.401305861122124	5
106	9	0.05	0.9332060539101621	5
106	10	0.05	0.019362503977174907	5
107	1	0.05	-3.5702357557439504	9
107	2	0.05	-3.5391530893715886	9
107	3	0.05	0.7487949746915094	9
107	4	0.05	3.602649556310303	9
107	5	0.05	-3.688706975504005	9
107	6	0.05	-3.2262955718775315	9
107	7	0.05	-3.6735360017944094	9
107	8	0.05	2.5715322684175765	9
107	10	0.05	-3.553064808222047	9
108	1	0.05	0.17457021096402667	9
109	1	0.05	-0.4594967912969418	2
109	3	0.05	4.099733401780725	2
109	4	0.05	4.758037051128256	2
109	5	0.05	2.5725180765130333	2
109	6	0.05	4.377389071902265	2
109	7	0.05	4.784781694309928	2
109	8	0.05	-1.0072384954895897	2
109	9	0.05	1.2123683470308813	2
109	10	0.05	1.1238201716626455	2
110	1	0.05	-4.28826239959243	9
110	2	0.05	-4.164077750442103	9
110	3	0.05	-2.487408550124344	9
110	4	0.05	-0.12308275224834887	9
110	5	0.05	-4.21739189322269	9
110	6	0.05	0.36729612494118413	9
110	7	0.05	-3.7506445043128562	9
110	8	0.05	-4.369535494497124	9
110	10	0.05	-4.074283608381687	9
111	2	0.05	-7.535500626084207	1
111	3	0.05	-7.515706645016036	1
111	4	0.05	-6.675663148123389	1
111	5	0.05	-7.605841205128061	1
111	6	0.05	-4.45965736696693	1
111	7	0.05	-2.1242527879634214	1
111	8	0.05	-5.531038748352643	1
111	9	0.05	-4.004817650218902	1
111	10	0.05	-6.802577454581908	1
112	1	0.05	-1.8033903242530782	3
112	2	0.05	-3.5302221028622416	3
112	4	0.05	-0.44368037226957097	3
112	5	0.05	-4.185539727095019	3
112	6	0.05	-4.236213262919771	3
112	7	0.05	-4.200742137934888	3
112	8	0.05	-4.359367173961636	3
112	9	0.05	2.641955186830391	3
112	10	0.05	-2.635390484203487	3
113	1	0.05	-2.8253265731777693	10
113	2	0.05	0.05374247099150091	10
113	3	0.05	-2.8675422217731144	10
113	4	0.05	2.185389710240986	10
113	5	0.05	0.3524813425037796	10
113	6	0.05	-2.8347719621956675	10
113	7	0.05	-2.9555118817418493	10
113	8	0.05	1.605658742445998	10
113	9	0.05	0.4560990137942834	10
114	1	0.05	-4.252212926102499	2
114	3	0.05	-0.030974928629850504	2
114	4	0.05	-1.0469939059341558	2
114	5	0.05	-3.713733052113893	2
114	6	0.05	-4.50483194189998	2
114	7	0.05	-0.06088697562807924	2
114	8	0.05	-4.528202191178955	2
114	9	0.05	0.6499533754121596	2
114	10	0.05	-4.3584364783312415	2
115	2	0.05	-6.372422739881517	1
115	3	0.05	-4.8673975796562265	1
115	4	0.05	-6.173214010924002	1
115	5	0.05	-6.4611278977187725	1
115	6	0.05	-0.7162187441292699	1
115	7	0.05	-5.945880470654084	1
115	8	0.05	-6.494141846911321	1
115	9	0.05	-6.494023967379663	1
115	10	0.05	-6.313756742593189	1
116	1	0.05	-4.216510072324492	4
116	2	0.05	-4.195984401485384	4
116	3	0.05	-3.702391243852584	4
116	5	0.05	-4.33283442218293	4
116	6	0.05	-0.5184181833895135	4
116	7	0.05	-4.328164172457313	4
116	8	0.05	-4.3677452558101555	4
116	9	0.05	-4.336997180826902	4
116	10	0.05	-3.260192232448807	4
117	1	0.05	-4.997871747252199	10
117	2	0.05	-5.5289816331381685	10
117	3	0.05	-5.4648901543086845	10
117	4	0.05	-2.623747831784566	10
117	5	0.05	-1.2822619719838513	10
117	6	0.05	-5.4596681770406885	10
117	7	0.05	-5.606654299790902	10
117	8	0.05	-2.7927276881238376	10
117	9	0.05	-3.269785208969805	10
118	1	0.05	-7.601251397430152	8
118	2	0.05	-7.672933968580279	8
118	3	0.05	-7.279953617724003	8
118	4	0.05	-7.559156124981676	8
118	5	0.05	-7.701985911292378	8
118	6	0.05	-7.341065232716881	8
118	7	0.05	-7.7476265425486375	8
118	9	0.05	-7.752126638347952	8
118	10	0.05	-7.151415463621454	8
119	2	0.05	-7.552592331354838	1
119	3	0.05	-7.522518981038966	1
119	4	0.05	-7.374848763900337	1
119	5	0.05	-7.630059972317788	1
119	6	0.05	-7.584837649024625	1
119	7	0.05	-7.581190639823377	1
119	8	0.05	-7.660106376285646	1
119	9	0.05	-7.676499137519001	1
119	10	0.05	-7.016157127908075	1
120	1	0.05	-5.595084152642181	5
120	2	0.05	-5.9478890197523295	5
120	3	0.05	-5.92303793372432	5
120	4	0.05	-5.932531112581955	5
120	6	0.05	-5.9025229098145715	5
120	7	0.05	-5.926802590336495	5
120	8	0.05	-1.2647642836582589	5
120	9	0.05	-6.001519822213786	5
120	10	0.05	-1.7776570488409837	5
121	1	0.05	-7.099789340653913	10
121	2	0.05	-7.0695197157936125	10
121	3	0.05	-6.923383211642772	10
121	4	0.05	-7.011261047783966	10
121	5	0.05	-4.873084708134355	10
121	6	0.05	-7.019456189974411	10
121	7	0.05	-7.1194283531732925	10
121	8	0.05	-7.140575218261368	10
121	9	0.05	-7.135840127632666	10
122	1	0.05	-7.677950215778451	7
122	2	0.05	-7.672271557426849	7
122	3	0.05	-2.613352180646776	7
122	4	0.05	-7.235456213812889	7
122	5	0.05	-7.773336709895845	7
122	6	0.05	-7.496636765005327	7
122	8	0.05	-7.84083414380228	7
122	9	0.05	-1.6142855398315519	7
122	10	0.05	-7.698756074933068	7
123	1	0.05	0.5988326691502216	9
123	2	0.05	0.18047227799596804	9
123	3	0.05	1.3455490333503644	9
123	4	0.05	3.5660685190714214	9
123	5	0.05	0.09721559501157719	9
123	6	0.05	0.4521944826725077	9
123	7	0.05	0.19293818617465094	9
123	8	0.05	4.282469381102207	9
123	10	0.05	4.103288310440242	9
124	1	0.05	-1.0110961704916994	10
124	2	0.05	-0.45089027603974735	10
124	3	0.05	-1.0609778951159439	10
124	4	0.05	4.428407614081866	10
124	5	0.05	0.11985576050971919	10
124	6	0.05	2.7450092110912783	10
124	7	0.05	0.7850522977716484	10
124	8	0.05	3.9158921748110385	10
124	9	0.05	4.349691843963626	10
125	1	0.05	-7.841351653976146	4
125	2	0.05	-7.839277207033981	4
125	3	0.05	-7.857080834262965	4
125	5	0.05	-7.971913408790793	4
125	6	0.05	-6.166002990961126	4
125	7	0.05	-7.977723836035611	4
125	8	0.05	-7.524635758279113	4
125	9	0.05	-7.92687037972029	4
125	10	0.05	-6.316878858484325	4
126	1	0.05	6.110768612471959	6
126	2	0.05	3.6275157501868813	6
126	3	0.05	4.8634405134144885	6
126	4	0.05	5.03475529928752	6
126	5	0.05	4.286957041701817	6
126	7	0.05	7.0053733732525	6
126	8	0.05	0.02068198515830329	6
126	9	0.05	2.543040306036372	6
126	10	0.05	4.582210621115325	6
127	1	0.05	-0.4928169612416803	5
127	2	0.05	-1.2044895445706405	5
127	3	0.05	2.389040084056945	5
127	4	0.05	-1.0031238213299294	5
127	6	0.05	0.7260627011358082	5
127	7	0.05	5.200658936052511	5
127	8	0.05	-0.33289470960884743	5
127	9	0.05	-1.2811362775901027	5
127	10	0.05	4.573347091168231	5
128	1	0.05	-7.622808771012704	4
128	2	0.05	-7.599704387685182	4
128	3	0.05	-6.67605037629917	4
128	5	0.05	-7.751773854272764	4
128	6	0.05	-0.3464383794049274	4
128	7	0.05	-7.743937087096253	4
128	8	0.05	-7.725189216973426	4
128	9	0.05	-7.420288078432554	4
128	10	0.05	-4.358403818945793	4
129	1	0.05	-4.323544332168919	3
129	2	0.05	-2.934930990632808	3
129	4	0.05	0.7665707540534791	3
129	5	0.05	-5.893266281063593	3
129	6	0.05	-5.917899521735905	3
129	7	0.05	-5.717214499114703	3
129	8	0.05	-5.8586360363787895	3
129	9	0.05	-5.869669502544142	3
129	10	0.05	-5.771075153703084	3
130	1	0.05	4.807507807986962	3
130	2	0.05	0.11969918625705411	3
130	4	0.05	6.285312359220687	3
130	5	0.05	-0.09012879225707626	3
130	6	0.05	-0.06763371363660994	3
130	7	0.05	-0.07034287267973305	3
130	8	0.05	1.5697445647246964	3
131	1	0.05	-7.579459793515492	5
131	2	0.05	-7.6416663134750005	5
131	3	0.05	-7.624480183625384	5
131	4	0.05	-7.626511823507017	5
131	6	0.05	-7.611091415527764	5
131	7	0.05	-7.690791259556375	5
131	8	0.05	-4.524746742548107	5
131	9	0.05	-7.7182105468073905	5
131	10	0.05	-1.2074809737346541	5
132	2	0.05	-7.519221060907781	1
132	3	0.05	-1.7196486772241102	1
132	4	0.05	-7.35507637413656	1
132	5	0.05	-7.60750691214123	1
132	6	0.05	-7.575572781805677	1
132	7	0.05	-4.985742301764304	1
132	8	0.05	-7.646972289592919	1
132	9	0.05	-7.662989974486971	1
132	10	0.05	-7.465885903610175	1
133	1	0.05	-7.853225906218172	4
133	2	0.05	-7.066973905627578	4
133	3	0.05	-7.135900149045298	4
133	5	0.05	-4.238086209424182	4
133	6	0.05	-6.275671072644595	4
133	7	0.05	-7.979864156582472	4
133	8	0.05	-8.006357042681657	4
133	9	0.05	-7.96851105968154	4
133	10	0.05	-7.6944456031992665	4
134	1	0.05	0.5833244284692831	3
134	2	0.05	-2.498683723432801	3
134	4	0.05	-2.372971095045782	3
134	5	0.05	-2.6168530843543145	3
134	6	0.05	-2.6787720693643884	3
134	7	0.05	-0.377182317477442	3
134	8	0.05	-1.7914210123722116	3
134	9	0.05	-2.6812414128975575	3
134	10	0.05	-2.540650034946804	3
135	1	0.05	-7.851090223587079	4
135	2	0.05	-7.836339555259731	4
135	3	0.05	-4.876562754947041	4
135	5	0.05	-7.970249693363986	4
135	6	0.05	-1.1124615608401982	4
135	7	0.05	-7.981477526826114	4
135	8	0.05	-7.976568389762476	4
135	9	0.05	-5.329968637378828	4
135	10	0.05	-5.048755470066355	4
136	1	0.05	-2.591684866348188	6
136	2	0.05	-0.68243614284886	6
136	3	0.05	-1.7160436105043582	6
136	4	0.05	3.592718854749829	6
136	5	0.05	-2.716148268673656	6
136	7	0.05	-1.3506000886017921	6
136	8	0.05	1.5867254309540035	6
136	9	0.05	3.0558892950431495	6
136	10	0.05	-0.6517201277284302	6
137	1	0.05	-3.1132682482683305	2
137	3	0.05	2.146357383678187	2
137	4	0.05	-1.524564710652094	2
137	5	0.05	-0.5528790829986013	2
137	6	0.05	-0.7392355587035715	2
137	7	0.05	-0.9747210821745644	2
137	8	0.05	-3.248481036953185	2
137	9	0.05	0.6771367299597443	2
137	10	0.05	-2.845129173727686	2
138	1	0.05	-0.5328584094572075	2
138	3	0.05	-0.6619672751304502	2
138	4	0.05	5.219341788316284	2
138	5	0.05	3.0945231314863793	2
138	6	0.05	-0.5565720199210837	2
138	7	0.05	-0.6416267843146785	2
138	8	0.05	-0.5073748167491545	2
138	9	0.05	4.818852213319009	2
138	10	0.05	1.2732110069818345	2
139	1	0.05	-7.595069134300178	3
139	2	0.05	-3.2013642782286538	3
139	4	0.05	-0.5459854159670234	3
139	5	0.05	-7.732848998793814	3
139	6	0.05	-7.739845177461884	3
139	7	0.05	-7.7067387094557525	3
139	8	0.05	-6.237803870902198	3
139	9	0.05	-7.171580539369347	3
139	10	0.05	-7.625003659954909	3
140	1	0.05	-6.996382853262049	5
140	2	0.05	-7.049473926122393	5
140	3	0.05	-7.024777535234492	5
140	4	0.05	-7.011872619811496	5
140	6	0.05	-6.726252728621203	5
140	7	0.05	-6.965788137007237	5
140	8	0.05	-2.325488004729926	5
140	9	0.05	-5.778177175656191	5
140	10	0.05	-5.943427216324364	5
141	1	0.05	3.6289087507287046	9
141	2	0.05	-0.18358386564647478	9
141	3	0.05	4.78295149550432	9
141	4	0.05	5.2874028657727	9
141	5	0.05	-0.2912242299872069	9
141	6	0.05	-0.30789943882287146	9
141	7	0.05	6.165680539418265	9
141	8	0.05	-0.37010937787677184	9
141	10	0.05	4.7715952293537045	9
142	1	0.05	-7.614731446567452	3
142	2	0.05	-7.565538278648889	3
142	4	0.05	-6.689352390496048	3
142	5	0.05	-7.737419266548867	3
142	6	0.05	-7.78285831760321	3
142	7	0.05	-7.708293125528072	3
142	8	0.05	-7.320758167042186	3
142	9	0.05	-7.441635527570662	3
142	10	0.05	-7.640395516680782	3
143	1	0.05	-7.615142141658963	3
143	2	0.05	-7.572418314655019	3
143	4	0.05	-6.630579302218128	3
143	5	0.05	-7.732848798204861	3
143	6	0.05	-7.791753786124469	3
143	7	0.05	-7.014645717152158	3
143	8	0.05	-7.768543684211927	3
143	9	0.05	-7.760854100350227	3
143	10	0.05	-7.649059498885024	3
144	1	0.05	-7.665016093775171	7
144	2	0.05	-7.665674159052866	7
144	3	0.05	-3.128054891334542	7
144	4	0.05	-7.640652845023098	7
144	5	0.05	-7.6952720779060275	7
144	6	0.05	-7.7875549136133015	7
144	8	0.05	-7.433540177069385	7
144	9	0.05	-7.80667503174548	7
144	10	0.05	-7.647948309517403	7
145	1	0.05	-0.7071319523423264	9
145	2	0.05	-0.657403864060349	9
145	3	0.05	6.1648647117261035	9
145	4	0.05	3.911096537985124	9
145	5	0.05	-0.8901745095939634	9
145	6	0.05	4.737459887522418	9
145	7	0.05	-0.8579300790168284	9
145	8	0.05	-1.1692318538524438	9
145	10	0.05	-0.9543236939386969	9
146	1	0.05	2.884540232112028	7
146	2	0.05	2.4636732536922072	7
146	3	0.05	2.3819467892815136	7
146	4	0.05	3.7949700584039414	7
146	5	0.05	-0.5424115177011513	7
146	6	0.05	4.731938806172151	7
146	8	0.05	-0.600148458292736	7
146	9	0.05	2.471658795980769	7
146	10	0.05	-0.4233677459104064	7
147	1	0.05	-2.01371210946573	2
147	3	0.05	3.869349806605098	2
147	4	0.05	2.971806301953814	2
147	5	0.05	-0.9279342333055894	2
147	6	0.05	-0.44418229298402184	2
147	7	0.05	2.428066243278261	2
147	8	0.05	1.1011615853475802	2
147	9	0.05	-2.528836360413126	2
147	10	0.05	-2.4616276311200993	2
149	2	0.05	-7.553681611652165	1
149	3	0.05	-7.524738854331205	1
149	4	0.05	-7.373870468078301	1
149	5	0.05	-7.6317234024768155	1
149	6	0.05	-7.587232678004515	1
149	7	0.05	-7.590408470080828	1
149	8	0.05	-7.662080194856351	1
149	9	0.05	-7.676370059976306	1
149	10	0.05	-7.478281335574845	1
150	1	0.05	-1.9969149317475767	7
150	2	0.05	-5.657704944172049	7
150	3	0.05	-3.603060140524836	7
150	4	0.05	-5.647374139347153	7
150	5	0.05	-1.4095166159354249	7
150	6	0.05	-1.6591917172220476	7
150	8	0.05	-5.889283517568111	7
150	9	0.05	-5.796959696692246	7
150	10	0.05	-5.677277653749425	7
