Img	Target_Label	Epsilon	Objective_Value	Label
1	1	0.05	7.452076897215946	3
1	2	0.05	7.430227474390942	3
1	4	0.05	7.5751809848771785	3
1	5	0.05	7.426702342646381	3
1	6	0.05	7.659660500435488	3
1	7	0.05	7.564112292466236	3
1	8	0.05	7.568395418256011	3
1	9	0.05	7.650508480859816	3
1	10	0.05	7.604960642291975	3
2	2	0.05	-7.604322868273906	1
2	3	0.05	-7.431496630088115	1
2	4	0.05	-7.626972096885639	1
2	5	0.05	-7.021916915105417	1
2	6	0.05	-3.582013034537427	1
2	7	0.05	-5.711933279226563	1
2	8	0.05	-7.496034557222086	1
2	9	0.05	-7.2131314048893405	1
2	10	0.05	-7.068779574945807	1
3	1	0.05	0.9467606778731581	5
3	2	0.05	0.020143842958621525	5
3	3	0.05	-0.49154776017784635	5
3	4	0.05	3.6001021119376566	5
3	6	0.05	0.41899887275896774	5
3	7	0.05	4.3902803719577195	5
3	8	0.05	4.623194729958332	5
3	9	0.05	0.6981761485649827	5
3	10	0.05	6.404766297803563	5
4	1	0.05	7.968268926987882	9
4	2	0.05	7.850295311146547	9
4	3	0.05	7.528349599679452	9
4	4	0.05	7.832134920908973	9
4	5	0.05	6.415175615805124	9
4	6	0.05	8.077794322857525	9
4	7	0.05	7.90398941690151	9
4	8	0.05	7.797358363976937	9
4	10	0.05	7.780982422643333	9
5	1	0.05	7.593160308962533	8
5	2	0.05	6.401388348268881	8
5	3	0.05	7.554179466380928	8
5	4	0.05	7.636025399989171	8
5	5	0.05	6.940577144997201	8
5	6	0.05	7.45785744903694	8
5	7	0.05	6.815428366812856	8
5	9	0.05	6.349394165826249	8
5	10	0.05	7.58301368269709	8
6	1	0.05	6.240140714374526	7
6	2	0.05	6.010646922313826	7
6	3	0.05	6.1035074599081565	7
6	4	0.05	5.433231949749708	7
6	5	0.05	7.067035368176279	7
6	6	0.05	7.565128146558412	7
6	8	0.05	6.21432253799934	7
6	9	0.05	6.499264950946757	7
6	10	0.05	7.525765697587352	7
7	2	0.05	-6.207501482155058	1
7	3	0.05	-6.0491040568331815	1
7	4	0.05	-6.229217962041908	1
7	5	0.05	-5.811387054753948	1
7	6	0.05	-0.8161977863938894	1
7	7	0.05	-3.980854558442447	1
7	8	0.05	-3.0865098390754544	1
7	9	0.05	-4.724303838882084	1
7	10	0.05	-3.7012181457199995	1
8	1	0.05	7.474823686498924	7
8	2	0.05	4.928736214869137	7
8	3	0.05	6.466097639781938	7
8	4	0.05	6.623407601885571	7
8	5	0.05	5.869409987391762	7
8	6	0.05	7.477785732726969	7
8	8	0.05	3.7254364854560795	7
8	9	0.05	7.393739076743743	7
8	10	0.05	6.579769031494883	7
9	1	0.05	5.710058599294106	4
9	2	0.05	6.215251424747479	4
9	3	0.05	7.537288781227313	4
9	5	0.05	4.590491265447789	4
9	6	0.05	7.813387537563534	4
9	7	0.05	6.311269048703018	4
9	8	0.05	5.41637082636429	4
9	9	0.05	7.3967060026211335	4
9	10	0.05	6.3857348246023085	4
10	1	0.05	6.662225727725929	2
10	3	0.05	7.611844388893068	2
10	4	0.05	7.2999892365333725	2
10	5	0.05	5.41580503503738	2
10	6	0.05	7.621363854547214	2
10	7	0.05	7.586059167061308	2
10	8	0.05	6.569983499503839	2
10	9	0.05	7.209659839789951	2
10	10	0.05	6.972723929595111	2
11	1	0.05	7.970150584005142	9
11	2	0.05	7.698304685476834	9
11	3	0.05	7.885245352396038	9
11	4	0.05	7.827327849365983	9
11	5	0.05	7.661740348072599	9
11	6	0.05	8.078206572761976	9
11	7	0.05	7.906540107053304	9
11	8	0.05	7.795366786249603	9
11	10	0.05	7.787654666506062	9
12	2	0.05	-7.050350831127888	1
12	3	0.05	-3.4653079914432814	1
12	4	0.05	-4.072430666389724	1
12	5	0.05	-6.829529057254207	1
12	6	0.05	-6.594968577130861	1
12	7	0.05	-2.2157751262995804	1
12	8	0.05	-6.658513908335991	1
12	9	0.05	-3.9841054995818315	1
12	10	0.05	-4.09759617569608	1
13	1	0.05	7.606831302217611	8
13	2	0.05	6.696834822584798	8
13	3	0.05	7.563776970185853	8
13	4	0.05	7.6452024089508415	8
13	5	0.05	6.695181550044586	8
13	6	0.05	7.677858933199418	8
13	7	0.05	7.286467062758617	8
13	9	0.05	7.383442203993133	8
13	10	0.05	7.588290934167437	8
14	1	0.05	3.0034255603466202	10
14	2	0.05	-1.0262434179251694	10
14	3	0.05	-0.7874311589977288	10
14	4	0.05	4.0081957222073825	10
14	5	0.05	2.1124622981217973	10
14	6	0.05	0.3785161243068633	10
14	7	0.05	-1.0020535326718123	10
14	8	0.05	6.151168742748188	10
14	9	0.05	5.082558504301674	10
15	1	0.05	4.024349503268003	9
15	2	0.05	-0.3320266160068742	9
15	3	0.05	5.025005003942245	9
15	4	0.05	4.490423868836284	9
15	5	0.05	1.703760625471225	9
15	6	0.05	5.286743081931012	9
15	7	0.05	4.221318107967807	9
15	8	0.05	3.1250694760513054	9
15	10	0.05	5.591934169499409	9
16	1	0.05	-2.5049708952777956	5
16	2	0.05	-6.855197945253115	5
16	3	0.05	-5.076645480819172	5
16	4	0.05	-6.8724520686896895	5
16	6	0.05	-6.617611496848665	5
16	7	0.05	-3.7388506055476416	5
16	8	0.05	-3.1845084807034443	5
16	9	0.05	-1.0248564846147004	5
16	10	0.05	-3.5067408136746963	5
17	1	0.05	6.923679204249771	6
17	2	0.05	5.47229269816112	6
17	3	0.05	5.296798865225407	6
17	4	0.05	5.381705754366303	6
17	5	0.05	5.567941060195061	6
17	7	0.05	7.1665803975095015	6
17	8	0.05	6.280365852604342	6
17	9	0.05	6.41313037631688	6
17	10	0.05	5.633548106216666	6
18	1	0.05	7.701904300654702	4
18	2	0.05	7.659296001723007	4
18	3	0.05	7.338976460797343	4
18	5	0.05	7.4224934525655675	4
18	6	0.05	7.820347905111218	4
18	7	0.05	7.633684669805218	4
18	8	0.05	7.661933536768883	4
18	9	0.05	7.587254841614342	4
18	10	0.05	7.6900725261431155	4
19	1	0.05	4.357278763865985	5
19	2	0.05	5.970040028073427	5
19	3	0.05	5.236322557076248	5
19	4	0.05	6.94518115627169	5
19	6	0.05	6.166699064041312	5
19	7	0.05	4.638673887212122	5
19	8	0.05	6.514903273235259	5
19	9	0.05	6.61937247950151	5
19	10	0.05	7.417848356501299	5
20	2	0.05	5.25033471287363	1
20	3	0.05	7.60321076198819	1
20	4	0.05	7.375483068017223	1
20	5	0.05	6.596624754409929	1
20	6	0.05	7.750852040731953	1
20	7	0.05	7.402374796395601	1
20	8	0.05	7.634601716171901	1
20	9	0.05	7.64756147297956	1
20	10	0.05	7.62939079313005	1
21	1	0.05	4.997560287534943	7
21	2	0.05	4.819431901440399	7
21	3	0.05	5.991295213044628	7
21	4	0.05	4.697000634393213	7
21	5	0.05	6.867855242030189	7
21	6	0.05	7.004760028511721	7
21	8	0.05	6.258429032280403	7
21	9	0.05	5.903667798485872	7
21	10	0.05	7.539114127061682	7
22	1	0.05	6.652877737673456	7
22	2	0.05	7.3035889870552815	7
22	3	0.05	7.554339535381542	7
22	4	0.05	7.607257292752505	7
22	5	0.05	7.4052352994492665	7
22	6	0.05	7.693163592379446	7
22	8	0.05	7.6097570481343455	7
22	9	0.05	7.709060338385579	7
22	10	0.05	7.603523097508448	7
23	1	0.05	7.330104275729609	4
23	2	0.05	7.589550310687169	4
23	3	0.05	7.603148671580709	4
23	5	0.05	6.177903362012318	4
23	6	0.05	7.819098763579649	4
23	7	0.05	6.794574844902965	4
23	8	0.05	7.353209213424162	4
23	9	0.05	6.761886156933583	4
23	10	0.05	7.675313609056626	4
24	2	0.05	-4.2515891381138715	1
24	3	0.05	0.7008509154234066	1
24	4	0.05	-4.820524715084473	1
24	5	0.05	-3.3743900906298676	1
24	6	0.05	0.8128943173184929	1
24	7	0.05	0.10089368518603482	1
24	8	0.05	-4.163154378593698	1
24	9	0.05	-2.2949320949606227	1
24	10	0.05	-3.120480987374619	1
25	1	0.05	2.3647765252783235	3
25	2	0.05	3.2521164628156387	3
25	4	0.05	4.0813324525808365	3
25	5	0.05	-2.0339724354504103	3
25	6	0.05	-0.30747503740485943	3
25	7	0.05	0.4477151279873158	3
25	8	0.05	-2.171717683728387	3
25	9	0.05	1.7086073953802774	3
25	10	0.05	0.4508580376478902	3
26	1	0.05	-3.5553285668327246	4
26	2	0.05	-2.7702015792785293	4
26	3	0.05	-1.926432521507699	4
26	5	0.05	-4.502486350987742	4
26	6	0.05	-0.5069553092770593	4
26	7	0.05	-5.082734529865624	4
26	8	0.05	-3.9291741697336935	4
26	9	0.05	-1.2956412361993757	4
26	10	0.05	-0.10703283433873106	4
27	1	0.05	7.329108583459895	7
27	2	0.05	7.599177933201057	7
27	3	0.05	7.598251029137291	7
27	4	0.05	7.613210240282885	7
27	5	0.05	7.376306396206754	7
27	6	0.05	7.714513138810668	7
27	8	0.05	6.998071093627718	7
27	9	0.05	7.628306724865745	7
27	10	0.05	7.536966219561418	7
28	1	0.05	3.693155378728885	7
28	2	0.05	4.434445054265205	7
28	3	0.05	5.684259132143929	7
28	4	0.05	4.662519765199793	7
28	5	0.05	3.9527242008931895	7
28	6	0.05	4.796590199741197	7
28	8	0.05	1.3709234015579181	7
28	9	0.05	4.498801240097061	7
28	10	0.05	4.132934209491195	7
29	1	0.05	7.586271968175986	8
29	2	0.05	6.865886334835467	8
29	3	0.05	7.5572667169096635	8
29	4	0.05	7.530666256103359	8
29	5	0.05	6.99991412550559	8
29	6	0.05	6.8444791951242046	8
29	7	0.05	7.307092875576611	8
29	9	0.05	7.392311631741248	8
29	10	0.05	7.589207018892694	8
30	1	0.05	5.559230475109821	5
30	2	0.05	2.51669485467413	5
30	3	0.05	5.091021474667474	5
30	4	0.05	4.856329732077574	5
30	6	0.05	6.61920577558372	5
30	7	0.05	5.5928595288962875	5
30	8	0.05	6.775715514876058	5
30	9	0.05	4.916764972597701	5
30	10	0.05	6.916151513635791	5
32	1	0.05	-7.5292402639818805	4
32	2	0.05	-7.403632485788	4
32	3	0.05	-7.331720022596638	4
32	5	0.05	-7.358388323860448	4
32	6	0.05	-6.676937197098602	4
32	7	0.05	-7.513092625663627	4
32	8	0.05	-6.708757569063148	4
32	9	0.05	-7.652605784777073	4
32	10	0.05	-5.0352819397393045	4
33	1	0.05	4.78531300495577	9
33	2	0.05	0.026370459134785553	9
33	3	0.05	7.06073768023839	9
33	4	0.05	3.221809007328751	9
33	5	0.05	1.0283882066027517	9
33	6	0.05	3.5178538950880345	9
33	7	0.05	5.024403412065386	9
33	8	0.05	0.3900121875026809	9
33	10	0.05	4.930017329514974	9
34	1	0.05	7.644175320691267	8
35	1	0.05	-7.685731702776499	6
35	2	0.05	-7.692475883460112	6
35	3	0.05	-7.5557893587460025	6
35	4	0.05	-6.83938673855026	6
35	5	0.05	-7.354374586735459	6
35	7	0.05	-3.54891688365253	6
35	8	0.05	-7.590470962282681	6
35	9	0.05	-6.634500526785471	6
35	10	0.05	-5.628526883557208	6
36	1	0.05	2.9735734015452433	5
36	2	0.05	-0.20317300877723857	5
36	3	0.05	4.131592844712566	5
36	4	0.05	1.6413368012786194	5
36	6	0.05	4.947966554070128	5
36	7	0.05	4.635080324465227	5
36	8	0.05	4.689765292855477	5
36	9	0.05	5.781437594482908	5
36	10	0.05	4.6298565358981705	5
37	1	0.05	6.575704364572968	3
37	2	0.05	5.433660407995316	3
37	4	0.05	7.522075993546216	3
37	5	0.05	5.1279268884422295	3
37	6	0.05	6.069875865253459	3
37	7	0.05	6.114216831871917	3
37	8	0.05	6.776340856583628	3
37	9	0.05	6.864686769598859	3
37	10	0.05	6.2100616752165365	3
38	1	0.05	4.7617286710332065	6
38	2	0.05	0.9395843915943705	6
38	3	0.05	5.027542407520474	6
38	4	0.05	3.820604529261905	6
38	5	0.05	1.5315910044962022	6
38	7	0.05	4.84956678254372	6
38	8	0.05	4.709122998103229	6
38	9	0.05	5.9678447823305	6
38	10	0.05	2.4223404031682936	6
39	1	0.05	7.7553577274078265	6
39	2	0.05	7.74501490274462	6
39	3	0.05	7.672546743733685	6
39	4	0.05	7.804446225222041	6
39	5	0.05	7.57546259394777	6
39	7	0.05	7.712420080495923	6
39	8	0.05	7.717809487886735	6
39	9	0.05	8.01056357179084	6
39	10	0.05	7.757096497359183	6
40	1	0.05	7.848015576455678	9
40	2	0.05	7.022723415341445	9
40	3	0.05	7.657274754753844	9
40	4	0.05	7.833089082335693	9
40	5	0.05	6.740803532141484	9
40	6	0.05	8.06559242040903	9
40	7	0.05	7.384534716150297	9
40	8	0.05	6.408551099500177	9
40	10	0.05	7.751343642979085	9
41	1	0.05	-7.7070693706158035	6
41	2	0.05	-7.7103809154680585	6
41	3	0.05	-7.577517306339472	6
41	4	0.05	-6.740563654293635	6
41	5	0.05	-7.523209879225731	6
41	7	0.05	-7.040949417879426	6
41	8	0.05	-7.6025661586373205	6
41	9	0.05	-7.7083103760117195	6
41	10	0.05	-6.178337300448344	6
42	1	0.05	5.450455343717813	3
42	2	0.05	5.310111015813265	3
42	4	0.05	7.3615004546569915	3
42	5	0.05	3.915229948765094	3
42	6	0.05	6.459131470993881	3
42	7	0.05	6.07369900456899	3
42	8	0.05	7.226147104532995	3
42	9	0.05	6.408840526169779	3
42	10	0.05	6.520597672118276	3
43	1	0.05	7.637915071527218	10
43	2	0.05	7.627379272456277	10
43	3	0.05	7.638903218622693	10
43	4	0.05	7.6639004290608765	10
43	5	0.05	7.435369539391711	10
43	6	0.05	7.758298043767059	10
43	7	0.05	7.6044338199575625	10
43	8	0.05	7.626660175477411	10
43	9	0.05	7.6594881221221955	10
44	1	0.05	7.594714967283089	3
44	2	0.05	7.088035604545394	3
44	4	0.05	7.476168087307111	3
44	5	0.05	7.403107184288832	3
44	6	0.05	6.444979408865529	3
44	7	0.05	7.5540921318305365	3
44	8	0.05	7.55486847249023	3
44	9	0.05	6.681671940335305	3
44	10	0.05	7.535756299842684	3
45	1	0.05	6.3201071330223	5
45	2	0.05	5.6286948237261045	5
45	3	0.05	7.166303883812411	5
45	4	0.05	6.3087919710501215	5
45	6	0.05	7.4352333421297745	5
45	7	0.05	7.139160866342973	5
45	8	0.05	7.451837636674905	5
45	9	0.05	7.436279183298492	5
45	10	0.05	7.429853463685178	5
46	1	0.05	-7.519589060410738	3
46	2	0.05	-7.438756494972115	3
46	4	0.05	-7.133268509305285	3
46	5	0.05	-7.342692198316027	3
46	6	0.05	-7.4023130021137975	3
46	7	0.05	-6.467770107998941	3
46	8	0.05	-7.427705784734817	3
46	9	0.05	-7.026659538237109	3
46	10	0.05	-7.494342938176097	3
47	1	0.05	5.1421975921723675	8
47	2	0.05	7.213943648549659	8
47	3	0.05	7.5596105171015635	8
47	4	0.05	7.637352665554075	8
47	5	0.05	5.637384902364815	8
47	6	0.05	6.931437601069174	8
47	7	0.05	7.078524243366617	8
47	9	0.05	7.380136037278381	8
47	10	0.05	7.580818140589488	8
48	2	0.05	-3.929552914073061	1
48	3	0.05	0.42786650415052097	1
48	4	0.05	-1.8664957967049218	1
48	5	0.05	-1.0242354009582593	1
48	6	0.05	1.516638152689279	1
48	7	0.05	1.812684389264332	1
48	8	0.05	-0.5609568914090111	1
48	9	0.05	-0.35453429399208425	1
48	10	0.05	1.796896911534629	1
49	1	0.05	5.706435847028825	6
49	2	0.05	2.6772302119770384	6
49	3	0.05	4.687954315716598	6
49	4	0.05	6.247176604785263	6
49	5	0.05	4.743671972813434	6
49	7	0.05	4.823380393799376	6
49	8	0.05	5.662790068242974	6
49	9	0.05	5.4296834772336	6
49	10	0.05	5.582101566890737	6
50	1	0.05	7.452891514859055	2
50	3	0.05	7.61116046765994	2
50	4	0.05	7.520556730844953	2
50	5	0.05	7.0041858933568815	2
50	6	0.05	7.546609454277514	2
50	7	0.05	7.589941990904344	2
50	8	0.05	7.436648772083474	2
50	9	0.05	6.8800913861922055	2
50	10	0.05	7.530905770264826	2
51	2	0.05	-6.262299280564198	1
51	3	0.05	-2.686673729534079	1
51	4	0.05	-6.604423505716721	1
51	5	0.05	-4.349893398405693	1
51	6	0.05	-2.168746237253781	1
51	7	0.05	-3.7344150150411544	1
51	8	0.05	-5.219763757091026	1
51	9	0.05	-3.1996579990124645	1
51	10	0.05	-4.8956287015201045	1
52	1	0.05	7.540091904908797	8
52	2	0.05	6.031361109446501	8
52	3	0.05	7.549240050904046	8
52	4	0.05	7.642497049240271	8
52	5	0.05	6.653969619872514	8
52	6	0.05	7.458900867256335	8
52	7	0.05	6.782519309549254	8
52	9	0.05	7.257871535845673	8
52	10	0.05	7.582255684341908	8
53	1	0.05	7.059360583975806	10
53	2	0.05	6.524961198438185	10
53	3	0.05	7.234261561819809	10
53	4	0.05	7.369254550446174	10
53	5	0.05	7.411842251177148	10
53	6	0.05	7.740989024323004	10
53	7	0.05	7.557828746880861	10
53	8	0.05	7.617233512292969	10
53	9	0.05	7.5730734527030705	10
54	1	0.05	7.612296896180161	10
54	2	0.05	6.227654383899917	10
54	3	0.05	7.618145239525481	10
54	4	0.05	7.0563914522414395	10
54	5	0.05	7.422176273423615	10
54	6	0.05	7.740958782343076	10
54	7	0.05	7.583028034485613	10
54	8	0.05	7.619644989908585	10
54	9	0.05	7.583243192685283	10
55	1	0.05	6.759581483458842	10
55	2	0.05	3.8528584903022827	10
55	3	0.05	6.507283217180994	10
55	4	0.05	5.8100693672136074	10
55	5	0.05	7.155811721676301	10
55	6	0.05	7.332424185919422	10
55	7	0.05	6.486976569279238	10
55	8	0.05	7.410050162996555	10
55	9	0.05	7.201726640987878	10
56	1	0.05	-5.453576224845832	7
56	2	0.05	-5.877683323437255	7
56	3	0.05	-5.550199336648294	7
56	4	0.05	-4.4039505539352675	7
56	5	0.05	-4.8565826593472075	7
56	6	0.05	-4.955358486322058	7
56	8	0.05	-7.458774265745696	7
56	9	0.05	-2.5779570684213753	7
56	10	0.05	-0.9049902106273416	7
57	1	0.05	5.75334488419797	6
57	2	0.05	4.238854454221239	6
57	3	0.05	5.764422252119026	6
57	4	0.05	7.288032045894665	6
57	5	0.05	5.818623951635924	6
57	7	0.05	6.078571820904014	6
57	8	0.05	6.205048101584244	6
57	9	0.05	7.108544807779525	6
57	10	0.05	7.5972117656598845	6
58	1	0.05	7.743700649600276	9
58	2	0.05	3.591567571529716	9
58	3	0.05	7.4534934856816015	9
58	4	0.05	7.133837994508583	9
58	5	0.05	5.554045300839285	9
58	6	0.05	6.638378852306463	9
58	7	0.05	6.237246302827917	9
58	8	0.05	4.3697356982272755	9
58	10	0.05	7.673654670744493	9
59	1	0.05	3.7874649235085536	9
59	2	0.05	-1.6021508298567524	9
59	3	0.05	3.9933759691917095	9
59	4	0.05	0.2850411203416206	9
59	5	0.05	0.7172924035687915	9
59	6	0.05	-1.2149792219017992	9
59	7	0.05	2.425513212348912	9
59	8	0.05	-1.4952747149670704	9
59	10	0.05	4.390111174698902	9
60	1	0.05	3.164178973167356	7
60	2	0.05	2.734475924598605	7
60	3	0.05	4.131425613421356	7
60	4	0.05	3.3589664570800704	7
60	5	0.05	3.2548101501425886	7
60	6	0.05	3.4291130932485197	7
60	8	0.05	0.5572363111474542	7
60	9	0.05	3.8337251637819674	7
60	10	0.05	4.125721853244902	7
61	1	0.05	7.609012439434154	10
61	2	0.05	7.1407274849842794	10
61	3	0.05	7.634418663638843	10
61	4	0.05	7.6524812799295745	10
61	5	0.05	7.40524170716714	10
61	6	0.05	7.760673349190886	10
61	7	0.05	7.598462910081247	10
61	8	0.05	7.635900727400543	10
61	9	0.05	7.61387697954464	10
62	1	0.05	7.6413448513977755	10
62	2	0.05	6.157227270054911	10
62	3	0.05	7.410082516112504	10
62	4	0.05	6.55543587312027	10
62	5	0.05	7.422567573637776	10
62	6	0.05	7.747032620272027	10
62	7	0.05	7.556099555224591	10
62	8	0.05	7.616994137556853	10
62	9	0.05	7.540615850374114	10
63	1	0.05	6.868953050768581	6
63	2	0.05	6.632257737111198	6
63	3	0.05	5.923614651695532	6
63	4	0.05	6.941971653790681	6
63	5	0.05	5.9081538565839455	6
63	7	0.05	6.5743232628741435	6
63	8	0.05	7.555412008928327	6
63	9	0.05	7.537755738587185	6
63	10	0.05	7.16924489334259	6
64	1	0.05	5.197102374238792	5
64	2	0.05	7.380331227131252	5
64	3	0.05	7.049087031382078	5
64	4	0.05	6.675666527766102	5
64	6	0.05	6.10294114683198	5
64	7	0.05	7.262086623503251	5
64	8	0.05	7.449032030737893	5
64	9	0.05	6.89593315476531	5
64	10	0.05	7.4258712545692935	5
65	1	0.05	5.639720522010136	3
65	2	0.05	6.126833871170751	3
65	4	0.05	7.504469097890646	3
65	5	0.05	5.59823563609456	3
65	6	0.05	6.781940747338866	3
65	7	0.05	6.537181983292846	3
65	8	0.05	7.518540372835244	3
65	9	0.05	5.6393774783414665	3
65	10	0.05	7.173045565677241	3
66	1	0.05	-4.067818030345455	7
66	2	0.05	-3.3930208656402994	7
66	3	0.05	-2.245649626886409	7
66	4	0.05	-4.613567780996113	7
66	5	0.05	-1.2637596022330597	7
66	6	0.05	-0.40510310375604747	7
66	8	0.05	-5.12454714203244	7
66	9	0.05	-2.954640696725544	7
66	10	0.05	0.48186513556591737	7
67	1	0.05	7.966398028438645	9
67	2	0.05	4.920010379039533	9
67	3	0.05	7.846508898897476	9
67	4	0.05	7.8253896904024005	9
67	5	0.05	5.868259461707496	9
67	6	0.05	7.227346553708403	9
67	7	0.05	7.679301789459405	9
67	8	0.05	6.2755371804398035	9
67	10	0.05	7.764130037299607	9
68	1	0.05	5.623660460911026	2
68	3	0.05	7.110233462405543	2
68	4	0.05	7.614183978727176	2
68	5	0.05	5.2623666978168995	2
68	6	0.05	6.856700859070231	2
68	7	0.05	7.402233182051675	2
68	8	0.05	7.500312600331813	2
68	9	0.05	7.515602555476143	2
68	10	0.05	7.395114792344266	2
69	2	0.05	5.598730076458031	1
69	3	0.05	6.125821633249663	1
69	4	0.05	5.038940635188047	1
69	5	0.05	6.260561315349894	1
69	6	0.05	6.083790123855835	1
69	7	0.05	7.137725458338338	1
69	8	0.05	7.495729341083549	1
69	9	0.05	5.983096607361408	1
69	10	0.05	7.465278262292048	1
70	1	0.05	6.00421901926248	7
70	2	0.05	5.218130434569327	7
70	3	0.05	7.531822302737672	7
70	4	0.05	6.564674446784784	7
70	5	0.05	6.901569660296578	7
70	6	0.05	7.429259081409113	7
70	8	0.05	4.883123737110346	7
70	9	0.05	5.7680560596996635	7
70	10	0.05	6.148053507174785	7
71	1	0.05	7.350823616166066	10
71	2	0.05	6.065303074724338	10
71	3	0.05	7.5061700235113715	10
71	4	0.05	7.644546631130646	10
71	5	0.05	7.373373581443067	10
71	6	0.05	7.756108581802438	10
71	7	0.05	6.6006061751337395	10
71	8	0.05	7.618923929140875	10
71	9	0.05	7.347617411952535	10
72	1	0.05	7.062213049819107	6
72	2	0.05	7.291468637059725	6
72	3	0.05	5.85858715390234	6
72	4	0.05	7.5675430566129345	6
72	5	0.05	5.177075741890469	6
72	7	0.05	6.870901985200146	6
72	8	0.05	7.543593391487666	6
72	9	0.05	6.872450588658792	6
72	10	0.05	7.462186032482497	6
73	1	0.05	-3.1816688123576253	6
73	2	0.05	-3.498053589050471	6
73	3	0.05	-3.2542093953952147	6
73	4	0.05	-2.1203300178013027	6
73	5	0.05	-3.22851421248693	6
73	7	0.05	2.77992818788217	6
73	8	0.05	-3.3934023179246964	6
73	9	0.05	-1.3435599324096352	6
73	10	0.05	-1.3267129565043758	6
74	1	0.05	-3.4095675962601186	5
74	2	0.05	-6.10896350844395	5
74	3	0.05	-5.99184773145935	5
74	4	0.05	-3.056131952427995	5
74	6	0.05	-0.8995501614083155	5
74	7	0.05	-1.3822225717838184	5
74	8	0.05	-0.8542632091689313	5
74	9	0.05	-6.008736335809963	5
74	10	0.05	-0.08280152395320138	5
75	1	0.05	6.465558863502596	2
75	3	0.05	6.872542529811304	2
75	4	0.05	7.615730318325592	2
75	5	0.05	5.929444250948722	2
75	6	0.05	7.612122923757059	2
75	7	0.05	7.546374441640464	2
75	8	0.05	7.351302141237037	2
75	9	0.05	7.539701901611069	2
75	10	0.05	7.591267289148014	2
76	1	0.05	4.392076118446832	7
76	2	0.05	4.923897038014051	7
76	3	0.05	7.3445016831875956	7
76	4	0.05	6.291494709561291	7
76	5	0.05	4.372236909351242	7
76	6	0.05	6.01582611010888	7
76	8	0.05	0.6370048782432891	7
76	9	0.05	6.13402436787991	7
76	10	0.05	4.512556696249603	7
77	1	0.05	7.206979402216152	8
77	2	0.05	6.198645473246561	8
77	3	0.05	7.488552495258437	8
77	4	0.05	7.646896916214144	8
77	5	0.05	6.298164973245479	8
77	6	0.05	7.395337935851001	8
77	7	0.05	6.760279977219984	8
77	9	0.05	7.179653987973824	8
77	10	0.05	7.519258914793753	8
78	1	0.05	7.620422382025313	6
78	2	0.05	3.069039229039887	6
78	3	0.05	6.604317472613933	6
78	4	0.05	6.232279503306311	6
78	5	0.05	5.523197863071469	6
78	7	0.05	7.180230809233884	6
78	8	0.05	5.53811483697194	6
78	9	0.05	6.591192123970454	6
78	10	0.05	6.201404261282026	6
79	1	0.05	7.276301244370848	3
79	2	0.05	7.5901286429902886	3
79	4	0.05	7.582741780719106	3
79	5	0.05	7.4369541160171515	3
79	6	0.05	7.659125787425916	3
79	7	0.05	7.567227455243797	3
79	8	0.05	7.580156586127124	3
79	9	0.05	7.597068673969331	3
79	10	0.05	7.616301473818542	3
80	1	0.05	7.544844082278498	10
80	2	0.05	7.62464251252756	10
80	3	0.05	7.627473494172491	10
80	4	0.05	7.649021298048699	10
80	5	0.05	7.425980784490507	10
80	6	0.05	7.751086624422781	10
80	7	0.05	7.579002041824739	10
80	8	0.05	7.630017407538769	10
80	9	0.05	7.6515736089332735	10
81	2	0.05	3.9882689222770846	1
81	3	0.05	6.47481153888676	1
81	4	0.05	1.4178187976124534	1
81	5	0.05	5.483782196185937	1
81	6	0.05	5.328753610276534	1
81	7	0.05	7.376920607732213	1
81	8	0.05	3.679998486199738	1
81	9	0.05	3.415083733128458	1
81	10	0.05	5.136642619657934	1
82	1	0.05	7.40762976037748	7
82	2	0.05	6.430682912429562	7
82	3	0.05	7.574057278584553	7
82	4	0.05	6.466100571931627	7
82	5	0.05	7.380046009272629	7
82	6	0.05	6.36853534934501	7
82	8	0.05	5.887108708728992	7
82	9	0.05	7.018323025153293	7
82	10	0.05	7.529881528864586	7
83	1	0.05	4.154008821359107	5
83	2	0.05	0.47496220988339144	5
83	3	0.05	5.166224496126989	5
83	4	0.05	5.108191780591937	5
83	6	0.05	4.875548125690626	5
83	7	0.05	5.084238724329372	5
83	8	0.05	4.89667384992278	5
83	9	0.05	3.3030560319581985	5
83	10	0.05	5.958954002487267	5
84	1	0.05	-3.019778056355202	5
84	2	0.05	-2.3216125219575705	5
84	3	0.05	-2.56309374128006	5
84	4	0.05	-2.362059797497571	5
84	6	0.05	-0.7672679357091133	5
84	7	0.05	1.3757054984676416	5
84	8	0.05	1.2135949380577604	5
84	9	0.05	0.9501209780798264	5
84	10	0.05	4.179181577722799	5
85	1	0.05	7.5770635614498465	3
85	2	0.05	6.0680891538315525	3
85	4	0.05	7.521938254173192	3
85	5	0.05	6.156290754350332	3
85	6	0.05	6.503413652836232	3
85	7	0.05	6.002035496493916	3
85	8	0.05	7.555315733757595	3
85	9	0.05	7.518728946336005	3
85	10	0.05	7.483080691955152	3
86	1	0.05	7.955429217852653	9
86	2	0.05	7.855839309848749	9
86	3	0.05	7.885764900082205	9
86	4	0.05	7.837366192585255	9
86	5	0.05	7.661378539402073	9
86	6	0.05	8.077983541391617	9
86	7	0.05	7.905942457995302	9
86	8	0.05	7.837676581800195	9
86	10	0.05	7.788556693542638	9
87	1	0.05	7.388952751687115	8
87	2	0.05	6.342649557026604	8
87	3	0.05	7.548154491359598	8
87	4	0.05	7.628455278255923	8
87	5	0.05	7.204879170547346	8
87	6	0.05	7.474225235296151	8
87	7	0.05	6.9736905491578005	8
87	9	0.05	7.105571006531042	8
87	10	0.05	7.58314635856655	8
88	1	0.05	3.987280499044643	9
88	2	0.05	0.3826369922385528	9
88	3	0.05	6.264549884030446	9
88	4	0.05	4.138433562025603	9
88	5	0.05	-0.26575397375835713	9
88	6	0.05	1.198269417822892	9
88	7	0.05	3.23299199493378	9
88	8	0.05	1.0207165601688066	9
88	10	0.05	4.210138732667811	9
89	1	0.05	7.588213246435345	4
89	2	0.05	7.6505289411504425	4
89	3	0.05	7.25243798030459	4
89	5	0.05	7.39792107964015	4
89	6	0.05	7.819952593083362	4
89	7	0.05	7.504202394284658	4
89	8	0.05	6.425107346498138	4
89	9	0.05	7.611730349318924	4
89	10	0.05	7.681504946866258	4
90	2	0.05	2.979835177919916	1
90	3	0.05	3.969542643576064	1
90	4	0.05	2.5147747758507863	1
90	5	0.05	3.6757289377289553	1
90	6	0.05	4.437680919416337	1
90	7	0.05	4.382048391682694	1
90	8	0.05	4.260956721986509	1
90	9	0.05	3.748860701018435	1
90	10	0.05	5.04031299471847	1
91	1	0.05	4.9574790399863655	10
91	2	0.05	0.5295622050302731	10
91	3	0.05	4.234308459856646	10
91	4	0.05	4.881350020010297	10
91	5	0.05	6.519923259625986	10
91	6	0.05	6.244114016953026	10
91	7	0.05	5.399806429133609	10
91	8	0.05	6.451127262978505	10
91	9	0.05	5.461975405335651	10
92	2	0.05	7.404086076482217	1
92	3	0.05	7.621048453217122	1
92	4	0.05	6.958384763404511	1
92	5	0.05	6.300809681076298	1
92	6	0.05	7.74424115964816	1
92	7	0.05	7.486646143199085	1
92	8	0.05	7.584888139674347	1
92	9	0.05	7.417715533737313	1
92	10	0.05	6.437365550659784	1
93	1	0.05	5.245439840566807	2
93	3	0.05	7.142291912713899	2
93	4	0.05	7.620695714653616	2
93	5	0.05	6.949021565264319	2
93	6	0.05	7.65268459472094	2
93	7	0.05	7.543868750064703	2
93	8	0.05	7.185436838359145	2
93	9	0.05	7.571700193239394	2
93	10	0.05	7.612758455448942	2
94	1	0.05	7.220184135723493	2
94	3	0.05	7.454207119468469	2
94	4	0.05	7.63581538059319	2
94	5	0.05	7.277056093375221	2
94	6	0.05	7.746103891264991	2
94	7	0.05	7.591518091183767	2
94	8	0.05	7.642050745932115	2
94	9	0.05	7.664001198133558	2
94	10	0.05	7.640753175580544	2
95	1	0.05	6.585039763574566	10
95	2	0.05	3.648875792768231	10
95	3	0.05	5.711497244961338	10
95	4	0.05	7.060212669148293	10
95	5	0.05	6.69598550028799	10
95	6	0.05	7.733780865550782	10
95	7	0.05	5.363623978435195	10
95	8	0.05	7.589979920946415	10
95	9	0.05	6.402650130830089	10
96	1	0.05	-0.8364710356017022	5
96	2	0.05	-0.7552687958235621	5
96	3	0.05	-1.431428453976299	5
96	4	0.05	-1.3871742908262892	5
96	6	0.05	0.10290281059083907	5
96	7	0.05	2.5143626109728774	5
96	8	0.05	2.3197106571329553	5
96	9	0.05	1.3798110331610642	5
96	10	0.05	4.612995346861096	5
97	1	0.05	7.719922873629884	6
97	2	0.05	7.712694270411838	6
97	3	0.05	7.651091286304534	6
97	4	0.05	7.758353403891368	6
97	5	0.05	7.536377939390738	6
97	7	0.05	7.679109369813813	6
97	8	0.05	7.686547718840985	6
97	9	0.05	7.8601781851366095	6
97	10	0.05	7.672652538183479	6
98	1	0.05	7.637149566367244	10
98	2	0.05	7.486184130009649	10
98	3	0.05	7.6277143738245075	10
98	4	0.05	7.637240419557243	10
98	5	0.05	7.425021347986802	10
98	6	0.05	7.758203052257777	10
98	7	0.05	7.6011263015797095	10
98	8	0.05	7.632920221628408	10
98	9	0.05	7.618925615571957	10
100	1	0.05	6.620551173102358	7
100	2	0.05	6.756678890807928	7
100	3	0.05	7.273896775683732	7
100	4	0.05	6.086160356933267	7
100	5	0.05	7.125932264829507	7
100	6	0.05	7.197556865320426	7
100	8	0.05	5.8290911300404815	7
100	9	0.05	6.829949497803809	7
100	10	0.05	7.568694533254334	7
101	1	0.05	7.578218200050917	7
101	2	0.05	6.775914339717741	7
101	3	0.05	7.586655854071131	7
101	4	0.05	7.568056358335524	7
101	5	0.05	7.054750376522559	7
101	6	0.05	7.715612856069455	7
101	8	0.05	6.451542403416281	7
101	9	0.05	7.596157909744247	7
101	10	0.05	7.5690533162611855	7
102	2	0.05	-7.611890551874721	1
102	3	0.05	-7.371172935958505	1
102	4	0.05	-7.632223815029071	1
102	5	0.05	-7.168367065965534	1
102	6	0.05	-7.173374193936924	1
102	7	0.05	-5.785061751499927	1
102	8	0.05	-7.501990795038658	1
102	9	0.05	-7.475556331508806	1
102	10	0.05	-7.193807224565129	1
103	1	0.05	5.596109970996173	8
103	2	0.05	5.089543160105999	8
103	3	0.05	6.8809558948470855	8
103	4	0.05	7.042916065322139	8
103	5	0.05	5.230743229754039	8
103	6	0.05	7.073756874172143	8
103	7	0.05	5.960876316496389	8
103	9	0.05	6.03972318336687	8
103	10	0.05	7.46755911293164	8
104	1	0.05	7.578683139491786	8
104	2	0.05	6.206788847444205	8
104	3	0.05	7.27747670321998	8
104	4	0.05	7.594461014966927	8
104	5	0.05	7.318017416717675	8
104	6	0.05	7.635233806462065	8
104	7	0.05	6.456111376169193	8
104	9	0.05	7.570192457759848	8
104	10	0.05	7.587143818628704	8
105	1	0.05	7.847989550085394	9
105	2	0.05	7.121886012059588	9
105	3	0.05	7.88539444766859	9
105	4	0.05	7.837024681859175	9
105	5	0.05	7.4658413933992955	9
105	6	0.05	7.971373673466961	9
105	7	0.05	7.437712704950531	9
105	8	0.05	7.827211919425908	9
105	10	0.05	7.785355046666409	9
106	1	0.05	7.4695474812054545	5
106	2	0.05	7.442905128471186	5
106	3	0.05	7.4641800927797775	5
106	4	0.05	7.408049588509994	5
106	6	0.05	7.567510733753762	5
106	7	0.05	7.406801211776644	5
106	8	0.05	7.461317770980448	5
106	9	0.05	7.478070979660728	5
106	10	0.05	7.439660823124317	5
107	1	0.05	5.846996587270945	9
107	2	0.05	0.4220625788738964	9
107	3	0.05	7.376138522438796	9
107	4	0.05	7.8170870415164995	9
107	5	0.05	0.5760555367284415	9
107	6	0.05	7.050523534847842	9
107	7	0.05	4.078570373515448	9
107	8	0.05	7.012996590019559	9
107	10	0.05	5.345392324768103	9
108	1	0.05	7.9664373872754375	9
108	2	0.05	7.857200767383385	9
108	3	0.05	7.886850045543428	9
109	1	0.05	6.856719534363807	2
109	3	0.05	7.454346201514573	2
109	4	0.05	7.632174087744093	2
109	5	0.05	7.281080676356613	2
109	6	0.05	7.741048845718757	2
109	7	0.05	7.593337391652621	2
109	8	0.05	7.636580842500274	2
109	9	0.05	7.621019644934323	2
109	10	0.05	7.637416800645104	2
110	1	0.05	7.971716980527164	9
110	2	0.05	7.756471825228999	9
110	3	0.05	7.8856640968632306	9
110	4	0.05	7.8350464552712165	9
110	5	0.05	7.657099877845818	9
110	6	0.05	8.078084362024077	9
110	7	0.05	7.905018262992685	9
110	8	0.05	7.835786123761621	9
110	10	0.05	7.7858711084055106	9
111	2	0.05	5.863902953990252	1
111	3	0.05	7.449184065536831	1
111	4	0.05	6.819969904804953	1
111	5	0.05	6.179849676480783	1
111	6	0.05	7.745344741358317	1
111	7	0.05	7.3783922889444575	1
111	8	0.05	7.209366594863643	1
111	9	0.05	7.379531026290465	1
111	10	0.05	7.063989898881796	1
112	1	0.05	5.30265349135181	3
112	2	0.05	1.2120794168239504	3
112	4	0.05	4.907282583423737	3
112	5	0.05	0.44008890620229235	3
112	6	0.05	3.2317384654788834	3
112	7	0.05	4.772777972037057	3
112	8	0.05	0.19886107707532136	3
112	9	0.05	6.789869496222997	3
112	10	0.05	5.751944889632785	3
113	1	0.05	7.51334112046993	10
113	2	0.05	7.558683079230538	10
113	3	0.05	7.141597209235059	10
113	4	0.05	7.616807457276816	10
113	5	0.05	7.071399810363036	10
113	6	0.05	7.603544014471287	10
113	7	0.05	6.983729097619901	10
113	8	0.05	7.623939373294011	10
113	9	0.05	7.586952041383916	10
114	1	0.05	7.456354360814578	2
114	3	0.05	7.615330313554505	2
114	4	0.05	7.6277299617698775	2
114	5	0.05	6.56664919269656	2
114	6	0.05	7.709590856939727	2
114	7	0.05	7.596509145591756	2
114	8	0.05	7.083861891405153	2
114	9	0.05	7.566215945196227	2
114	10	0.05	7.602538824841059	2
115	2	0.05	-6.852066068821002	1
115	3	0.05	-5.9411385965896875	1
115	4	0.05	-6.676036842057674	1
115	5	0.05	-6.589267287326234	1
115	6	0.05	0.34002827460348134	1
115	7	0.05	-1.9609265808651601	1
115	8	0.05	-6.079655469771893	1
115	9	0.05	-7.028942007213685	1
115	10	0.05	-4.409505247822833	1
116	1	0.05	3.2792592823097575	4
116	2	0.05	4.876628217383834	4
116	3	0.05	6.630952092132604	4
116	5	0.05	3.6789477002113404	4
116	6	0.05	6.649765564813606	4
116	7	0.05	2.1751079737260857	4
116	8	0.05	4.932382845432128	4
116	9	0.05	6.534003069027781	4
116	10	0.05	6.541969181907486	4
117	1	0.05	4.864473618170558	10
117	2	0.05	5.0796078368336115	10
117	3	0.05	7.1432530946761235	10
117	4	0.05	7.557837124843998	10
117	5	0.05	5.252019810050776	10
117	6	0.05	6.9199688875309215	10
117	7	0.05	6.267404313773206	10
117	8	0.05	7.380076737321788	10
117	9	0.05	7.107380757928064	10
118	1	0.05	7.370137610599167	8
118	2	0.05	5.774334108418424	8
118	3	0.05	7.112840457433842	8
118	4	0.05	7.433392250292917	8
118	5	0.05	5.863457186455438	8
118	6	0.05	6.748689031427871	8
118	7	0.05	6.467593048614399	8
118	9	0.05	6.047636553125024	8
118	10	0.05	7.57314216039005	8
119	2	0.05	3.18332394638877	1
119	3	0.05	4.65359800790207	1
119	4	0.05	4.167580561572706	1
119	5	0.05	3.8044050546395836	1
119	6	0.05	5.079289977876963	1
119	7	0.05	4.85182449609253	1
119	8	0.05	4.937905181005358	1
119	9	0.05	4.09189492191978	1
119	10	0.05	5.9337254325922375	1
120	1	0.05	-6.321534322841079	5
120	2	0.05	-6.439876482339838	5
120	3	0.05	-6.307568188605548	5
120	4	0.05	-6.4751763949021885	5
120	6	0.05	-6.29176519503567	5
120	7	0.05	-5.875363074620524	5
120	8	0.05	-4.367198441244365	5
120	9	0.05	-6.434452690862991	5
120	10	0.05	0.14267015820615248	5
121	1	0.05	6.792494001099726	10
121	2	0.05	4.849772244422414	10
121	3	0.05	7.183125983798119	10
121	4	0.05	6.837500037371046	10
121	5	0.05	7.361056943059103	10
121	6	0.05	6.929498915396009	10
121	7	0.05	6.220297664291387	10
121	8	0.05	7.580025519070972	10
121	9	0.05	6.947884705356318	10
122	1	0.05	0.7633662396990816	7
122	2	0.05	-4.068317415823852	7
122	3	0.05	0.2765990293395613	7
122	4	0.05	-1.0897867773557757	7
122	5	0.05	-4.2196650478874425	7
122	6	0.05	-1.182975964898838	7
122	8	0.05	-4.312659943757466	7
122	9	0.05	0.914436715140542	7
122	10	0.05	1.1455810963732804	7
123	1	0.05	7.67398502838103	9
123	2	0.05	4.0701949452218145	9
123	3	0.05	7.7334062706103825	9
123	4	0.05	7.830750946965764	9
123	5	0.05	6.1791346320112694	9
123	6	0.05	7.9339309691431215	9
123	7	0.05	6.949253188918176	9
123	8	0.05	7.821752235738234	9
123	10	0.05	7.778900672337217	9
124	1	0.05	6.764160457824598	10
124	2	0.05	6.422899927795821	10
124	3	0.05	7.56323864507924	10
124	4	0.05	7.647722314111958	10
124	5	0.05	7.355609662030929	10
124	6	0.05	7.748773411234153	10
124	7	0.05	7.303444087345655	10
124	8	0.05	7.617433619495292	10
124	9	0.05	7.565148617222605	10
125	1	0.05	4.457851914913079	4
125	2	0.05	-1.0594169613550881	4
125	3	0.05	-0.668024643437947	4
125	5	0.05	-0.9454939380549401	4
125	6	0.05	4.141308492712326	4
125	7	0.05	-1.104881429622259	4
125	8	0.05	4.533741553975824	4
125	9	0.05	4.142634837851518	4
125	10	0.05	4.824991753226348	4
126	1	0.05	7.685422663041596	6
126	2	0.05	7.674780925110555	6
126	3	0.05	7.628524442971962	6
127	1	0.05	7.443314585439846	5
127	2	0.05	7.39136533040328	5
127	3	0.05	7.443814867716519	5
127	4	0.05	7.430022559059564	5
127	6	0.05	7.549790369613077	5
127	7	0.05	7.403677170319185	5
127	8	0.05	7.443816569749598	5
127	9	0.05	7.083081779911653	5
127	10	0.05	7.426118737056229	5
128	1	0.05	-2.220946115067039	4
128	2	0.05	-2.846528585057909	4
128	3	0.05	-3.129503794024399	4
128	5	0.05	-4.129340605014533	4
128	6	0.05	-0.5133663212018297	4
128	7	0.05	-4.287053343116629	4
128	8	0.05	-2.0403095597593994	4
128	9	0.05	-2.339973992030676	4
128	10	0.05	1.756433764421827	4
129	1	0.05	4.897577449118496	3
129	2	0.05	5.798669208152456	3
129	4	0.05	5.023427864830003	3
129	5	0.05	1.493205773343099	3
129	6	0.05	2.0134661953265516	3
129	7	0.05	6.258982402500568	3
129	8	0.05	2.530335482151991	3
129	9	0.05	4.6233139353224475	3
129	10	0.05	4.197096376470035	3
130	1	0.05	6.793420724233951	3
130	2	0.05	6.1347786375011095	3
130	4	0.05	7.503988185346067	3
130	5	0.05	3.959002411395839	3
130	6	0.05	7.076532599556476	3
130	7	0.05	6.514400786244112	3
130	8	0.05	5.669022600119076	3
130	9	0.05	7.443837694346517	3
130	10	0.05	7.052333798063863	3
131	1	0.05	-7.187505061734309	5
131	2	0.05	-7.204179662120431	5
131	3	0.05	-7.086001993902041	5
131	4	0.05	-7.238144389759549	5
131	6	0.05	-7.122605611538955	5
131	7	0.05	-7.148778599042881	5
131	8	0.05	-5.615497020498712	5
131	9	0.05	-7.272093289499122	5
131	10	0.05	-6.235371824737654	5
132	2	0.05	3.310396064895188	1
132	3	0.05	5.871495277137015	1
132	4	0.05	5.028521572639403	1
132	5	0.05	5.287010942614043	1
132	6	0.05	6.421294477923571	1
132	7	0.05	6.4938990689276075	1
132	8	0.05	5.417495049646283	1
132	9	0.05	5.312665749842143	1
132	10	0.05	6.471615357097019	1
133	1	0.05	4.693617542709297	4
133	2	0.05	5.765597118815648	4
133	3	0.05	5.81542105576141	4
133	5	0.05	3.390910758945632	4
133	6	0.05	5.327100229892284	4
133	7	0.05	3.4314487110426195	4
133	8	0.05	4.120377931179794	4
133	9	0.05	3.730560761524635	4
133	10	0.05	4.81115060687624	4
134	1	0.05	7.553411453285033	3
134	2	0.05	5.610991626042553	3
134	4	0.05	6.193275827756579	3
134	5	0.05	6.655682298097487	3
134	6	0.05	3.6911909895500017	3
134	7	0.05	7.364727980529703	3
134	8	0.05	5.673811315554159	3
134	9	0.05	5.26276159985582	3
134	10	0.05	6.044658813159469	3
135	1	0.05	1.0189569098805085	4
135	2	0.05	1.841989915252301	4
135	3	0.05	4.06760738196487	4
135	5	0.05	2.4608016059921805	4
135	6	0.05	6.271237208562352	4
135	7	0.05	-0.11391907366538277	4
135	8	0.05	2.4249417511623004	4
135	9	0.05	6.367757324350514	4
135	10	0.05	5.94327847206729	4
136	1	0.05	7.7177176515657715	6
136	2	0.05	7.726690592922212	6
136	3	0.05	7.65988347152491	6
136	4	0.05	7.778156525086253	6
136	5	0.05	7.545370796792564	6
136	7	0.05	7.68515397047644	6
136	8	0.05	7.70395379370846	6
136	9	0.05	7.920345633466604	6
136	10	0.05	7.723511464726072	6
137	1	0.05	5.9232622873991065	2
137	3	0.05	7.250480037542157	2
137	4	0.05	6.874847956532821	2
137	5	0.05	5.165578917666182	2
137	6	0.05	7.15040513202369	2
137	7	0.05	7.586399976706478	2
137	8	0.05	5.599412755413958	2
137	9	0.05	7.450434240539128	2
137	10	0.05	7.00003649659921	2
138	1	0.05	6.452642610633632	2
138	3	0.05	7.616632373642839	2
138	4	0.05	7.635465653917465	2
138	5	0.05	7.448400609720858	2
138	6	0.05	7.7398841193917445	2
138	7	0.05	7.563456987461882	2
138	8	0.05	7.646219664080377	2
138	9	0.05	7.679700417232448	2
138	10	0.05	7.6412069921941335	2
139	1	0.05	5.62795765792732	3
139	2	0.05	7.525395444647124	3
139	4	0.05	6.804041085612637	3
139	5	0.05	4.432802271270587	3
139	6	0.05	6.419933702064247	3
139	7	0.05	6.6195513203255185	3
139	8	0.05	6.820719111889073	3
139	9	0.05	6.050748247542045	3
139	10	0.05	6.106188502406709	3
140	1	0.05	0.7841638868734604	5
140	2	0.05	-1.818245844551735	5
140	3	0.05	0.13651452661793184	5
140	4	0.05	2.954538752360074	5
140	6	0.05	4.55684386477197	5
140	7	0.05	2.8022805271674276	5
140	8	0.05	4.355759347907943	5
140	9	0.05	2.865782419924497	5
140	10	0.05	3.8874867800572175	5
141	1	0.05	7.9704307428318595	9
141	2	0.05	7.312063554572695	9
141	3	0.05	7.885555113564189	9
141	4	0.05	7.840270826557252	9
141	5	0.05	7.3611448818123915	9
141	6	0.05	7.804207924750217	9
141	7	0.05	7.904476544589208	9
141	8	0.05	7.232321586113619	9
141	10	0.05	7.783732506100751	9
142	1	0.05	7.435882130224833	3
142	2	0.05	7.486950591214199	3
142	4	0.05	7.068135647574016	3
142	5	0.05	5.595820084838591	3
142	6	0.05	6.645119535889925	3
142	7	0.05	7.477188007697249	3
142	8	0.05	6.936509017266617	3
142	9	0.05	6.675525165862379	3
142	10	0.05	7.10054004536587	3
143	1	0.05	4.526997839467323	3
143	2	0.05	2.0697747000352624	3
143	4	0.05	7.168640280936277	3
143	5	0.05	1.9797162542026265	3
143	6	0.05	3.384213504085864	3
143	7	0.05	3.7899104040957914	3
143	8	0.05	4.97274879438995	3
143	9	0.05	3.2607079636125227	3
143	10	0.05	1.3541332156136459	3
144	1	0.05	3.7205814568271345	7
144	2	0.05	1.2284083449141705	7
144	3	0.05	2.217637295713482	7
144	4	0.05	0.8721387103028199	7
144	5	0.05	3.648008376818061	7
144	6	0.05	2.316915656185437	7
144	8	0.05	2.8083843280514733	7
144	9	0.05	1.1329286182206526	7
144	10	0.05	4.358816897809861	7
145	1	0.05	6.134543546244021	9
145	2	0.05	6.466131080553218	9
145	3	0.05	7.830162097094448	9
145	4	0.05	7.305178246955052	9
145	5	0.05	5.563416447793312	9
145	6	0.05	6.556420743409817	9
145	7	0.05	6.587354563091887	9
145	8	0.05	4.5174475399443805	9
145	10	0.05	7.559869583810595	9
146	1	0.05	6.8200219676295655	7
146	2	0.05	5.124565794249923	7
146	3	0.05	5.730926861800881	7
146	4	0.05	5.38725064707615	7
146	5	0.05	4.053266004746334	7
146	6	0.05	6.9256086702178274	7
146	8	0.05	3.5496244356158537	7
146	9	0.05	6.476698097202074	7
146	10	0.05	5.088458430467242	7
147	1	0.05	7.659784220710613	2
147	3	0.05	7.623443916515435	2
147	4	0.05	7.654757817410353	2
147	5	0.05	7.46002073410151	2
147	6	0.05	7.751050504507837	2
147	7	0.05	7.607742463387805	2
147	8	0.05	7.650241197931686	2
147	9	0.05	7.745426158398072	2
147	10	0.05	7.6515080118230765	2
148	1	0.05	3.850105521090937	8
149	2	0.05	-7.610628912928562	1
149	3	0.05	-6.221915630735772	1
149	4	0.05	-7.630095452809999	1
149	5	0.05	-7.4413531362934915	1
149	6	0.05	-5.846730193650219	1
149	7	0.05	-4.984107407546746	1
149	8	0.05	-7.503090847007257	1
149	9	0.05	-7.598898172891176	1
149	10	0.05	-7.566414064114253	1
150	1	0.05	7.531746715531228	7
150	2	0.05	6.364800292818534	7
150	3	0.05	7.58507191455454	7
150	4	0.05	7.507555530651074	7
150	5	0.05	7.388713416504613	7
150	6	0.05	7.537878912123427	7
150	8	0.05	6.774865396104069	7
150	9	0.05	5.83554341651398	7
150	10	0.05	7.465383154941499	7
