Img	Target_Label	Epsilon	Objective_Value	Label
1	1	0.05	-6.500258662928734	3
1	2	0.05	-7.577916536935824	3
1	4	0.05	-1.940804937579879	3
1	5	0.05	-7.662580920870616	3
1	6	0.05	-7.70675783963281	3
1	7	0.05	-4.857122005653118	3
1	8	0.05	-7.53941657033548	3
1	9	0.05	-7.519804744334802	3
1	10	0.05	-7.5897313766261725	3
2	2	0.05	-7.495430463027656	1
2	3	0.05	-6.176958525777071	1
2	4	0.05	-7.481055314911285	1
2	5	0.05	-7.616365628652282	1
2	6	0.05	-7.621788393187698	1
2	7	0.05	-7.495942233179892	1
2	8	0.05	-7.600725799304088	1
2	9	0.05	-7.517147915671964	1
2	10	0.05	-7.5418270243833305	1
3	1	0.05	-7.875336709257857	5
3	2	0.05	-7.8615055397763545	5
3	3	0.05	-7.950038884393355	5
3	4	0.05	-6.8870558661651335	5
3	6	0.05	-8.002474891992133	5
3	7	0.05	-8.026845282907729	5
3	8	0.05	-3.440130452909453	5
3	9	0.05	-7.880700465365795	5
3	10	0.05	-6.763305331467385	5
4	1	0.05	0.45490386715769443	9
4	2	0.05	0.02218167511873448	9
4	3	0.05	2.764715707506961	9
4	4	0.05	5.655588989355509	9
4	5	0.05	-0.325354200936424	9
4	6	0.05	3.1906672842323403	9
4	7	0.05	6.3475790659618445	9
4	8	0.05	-0.13493191285689224	9
4	10	0.05	1.0021373082070852	9
5	1	0.05	-7.571891034625212	8
5	2	0.05	-7.511383577030645	8
5	3	0.05	-4.74588617409915	8
5	4	0.05	-7.003862122599429	8
5	5	0.05	-7.610095004247909	8
5	6	0.05	-7.72010864907796	8
5	7	0.05	-7.712746821893871	8
5	9	0.05	-7.550980141342581	8
5	10	0.05	-7.483558947864662	8
6	1	0.05	-7.547077687117481	7
6	2	0.05	-7.627143565761106	7
6	3	0.05	-7.3794058816126045	7
6	4	0.05	-7.26508844682856	7
6	5	0.05	-7.752241247320413	7
6	6	0.05	-7.724463567444083	7
6	8	0.05	-7.733283841295133	7
6	9	0.05	-7.24990845157242	7
6	10	0.05	-7.696363707798953	7
7	2	0.05	-7.493395567184023	1
7	3	0.05	-7.491763991959372	1
7	4	0.05	-7.476790635151631	1
7	5	0.05	-7.641132975914867	1
7	6	0.05	-7.636470211183638	1
7	7	0.05	-7.665723860025795	1
7	8	0.05	-7.59055287774804	1
7	9	0.05	-7.514598055564668	1
7	10	0.05	-7.3418354178589	1
8	1	0.05	-4.513406720045974	7
8	2	0.05	-4.549199183416472	7
8	3	0.05	-3.2106598945669518	7
8	4	0.05	-4.565320407038402	7
8	5	0.05	-4.737196723045252	7
8	6	0.05	-4.325128448436939	7
8	8	0.05	-4.747381214573858	7
8	9	0.05	2.4992751629064003	7
8	10	0.05	-4.652273259398272	7
9	1	0.05	-3.1897663977608226	4
9	2	0.05	-2.98620896561317	4
9	3	0.05	-3.3382255559298146	4
9	5	0.05	-3.423223260201754	4
9	6	0.05	-0.9089271081010132	4
9	7	0.05	-3.4252246696439808	4
9	8	0.05	-3.339784552889871	4
9	9	0.05	-3.248543790932716	4
9	10	0.05	-3.2814818824957923	4
10	1	0.05	-5.665833396395906	2
10	3	0.05	0.7414938991206356	2
10	4	0.05	-5.2976984475399345	2
10	5	0.05	-6.76620526309207	2
10	6	0.05	-5.903820245774115	2
10	7	0.05	-6.169320624043129	2
10	8	0.05	-1.6421991526994446	2
10	9	0.05	-1.0608142750368956	2
10	10	0.05	-6.749700293157871	2
11	1	0.05	-0.676896579393403	9
11	2	0.05	-0.7543737788405306	9
11	3	0.05	2.0073763762295034	9
11	4	0.05	-0.4614181700376798	9
11	5	0.05	-0.6188261455995148	9
11	6	0.05	1.5220692759499084	9
11	7	0.05	6.651375728514199	9
11	8	0.05	-0.8729858874465434	9
11	10	0.05	3.827967345183593	9
12	2	0.05	-7.466612898079681	1
12	3	0.05	-7.557778092259927	1
12	4	0.05	-6.263027296638106	1
12	5	0.05	-7.1545039745048244	1
12	6	0.05	-7.614293507612359	1
12	7	0.05	-7.497356193863899	1
12	8	0.05	-7.552747243746589	1
12	9	0.05	-7.163955841422396	1
12	10	0.05	-6.603575731740248	1
13	1	0.05	-7.186506577863936	8
13	2	0.05	-7.145653766856274	8
13	3	0.05	-7.08830351502311	8
13	4	0.05	-1.93423780047941	8
13	5	0.05	-7.223812299342615	8
13	6	0.05	-7.354288369510173	8
13	7	0.05	-7.336161840024627	8
13	9	0.05	-7.175611683526735	8
13	10	0.05	-0.34158719260851433	8
14	1	0.05	-2.207712052554873	10
14	2	0.05	-2.201565690389717	10
14	3	0.05	-2.2770669538309267	10
14	4	0.05	-2.2028725782239307	10
14	5	0.05	-2.1799831649033754	10
14	6	0.05	-2.3623414447184925	10
14	7	0.05	-2.357696281927549	10
14	8	0.05	5.1723449803527535	10
14	9	0.05	3.048871732982126	10
15	1	0.05	-6.981508635244771	9
15	2	0.05	-7.479369152434005	9
15	3	0.05	-7.582701678058165	9
15	4	0.05	-3.560262655566596	9
15	5	0.05	-7.5721630338349515	9
15	6	0.05	-7.630241849217878	9
15	7	0.05	-7.1904175016193035	9
15	8	0.05	-7.583317843199946	9
15	10	0.05	-5.35679640539528	9
16	1	0.05	-2.1407671556950683	5
16	2	0.05	-6.224874165301621	5
16	3	0.05	-6.290509447412663	5
16	4	0.05	-6.278345651093697	5
16	6	0.05	-6.2659140947799585	5
16	7	0.05	-0.28329183625646137	5
16	8	0.05	-5.543633830992771	5
16	9	0.05	-6.186911313883622	5
16	10	0.05	-5.904724047978014	5
17	1	0.05	-2.8162740835939513	6
17	2	0.05	-6.988435624338454	6
17	3	0.05	-7.109872570073518	6
17	4	0.05	-4.363889375133106	6
17	5	0.05	-7.106082897307495	6
17	7	0.05	-3.3709417869732983	6
17	8	0.05	-7.113758659536731	6
17	9	0.05	-7.004484673146988	6
17	10	0.05	-6.158892161553119	6
18	1	0.05	-0.6514588882626735	4
18	2	0.05	1.1642730129430763	4
18	3	0.05	-1.3460322630975468	4
18	5	0.05	-1.7736387707300354	4
18	6	0.05	1.026837568473283	4
18	7	0.05	-1.8003733553316332	4
18	8	0.05	-1.6701296457417842	4
18	9	0.05	-0.399293486884544	4
18	10	0.05	3.5279973500452932	4
19	1	0.05	0.13787874697378713	5
19	2	0.05	4.969179844838151	5
19	3	0.05	0.009797001270328336	5
19	4	0.05	5.859086123112787	5
19	6	0.05	0.48159803282909336	5
19	7	0.05	-0.04517037374218089	5
19	8	0.05	4.733413057883724	5
19	9	0.05	6.863626590368956	5
19	10	0.05	7.7847904663456635	5
20	2	0.05	-0.26824805806038127	1
20	3	0.05	0.06581497864323826	1
20	4	0.05	-0.19360260978838764	1
20	5	0.05	-0.28933175387254906	1
20	6	0.05	4.247877380229101	1
20	7	0.05	-0.2817509454993111	1
20	8	0.05	0.9008465054668603	1
20	9	0.05	5.428155411955877	1
20	10	0.05	-0.28653505414752817	1
21	1	0.05	-1.2854689092195812	7
21	2	0.05	-3.874901957683087	7
21	3	0.05	2.1521910796471393	7
21	4	0.05	-4.220718766196615	7
21	5	0.05	0.8606787087403731	7
21	6	0.05	-3.8967258758771752	7
21	8	0.05	1.3308519812183957	7
21	9	0.05	0.4835410294874193	7
21	10	0.05	-3.340331011557719	7
22	1	0.05	-4.2118011460159055	7
22	2	0.05	-4.247733824519278	7
22	3	0.05	2.441174997235358	7
22	4	0.05	-2.6256311188551917	7
22	5	0.05	-2.504992880547287	7
22	6	0.05	-4.29851468915245	7
22	8	0.05	1.4873339241319716	7
22	9	0.05	1.4646257475384212	7
22	10	0.05	-1.513334627791183	7
23	1	0.05	-3.700365967472531	4
23	2	0.05	0.8256060880052657	4
23	3	0.05	1.0275560618270112	4
23	5	0.05	-4.485623116938077	4
23	6	0.05	2.1586337057648644	4
23	7	0.05	-4.397432754768704	4
23	8	0.05	-1.9562140100717413	4
23	9	0.05	-4.239456571729969	4
23	10	0.05	-2.7903446949923887	4
24	2	0.05	-7.470188920597584	1
24	3	0.05	-1.9567800873698975	1
24	4	0.05	-7.437934996391796	1
24	5	0.05	-7.6030909712615715	1
24	6	0.05	-7.388481903337015	1
24	7	0.05	-2.451095440665353	1
24	8	0.05	-7.583578563335654	1
24	9	0.05	-7.498194870499713	1
24	10	0.05	-7.2259309231892885	1
25	1	0.05	-3.2236379826805193	3
25	2	0.05	-4.969623511218195	3
25	4	0.05	-0.6601260205125511	3
25	5	0.05	-7.1834266342515045	3
25	6	0.05	-7.088568298539099	3
25	7	0.05	-1.5081116984745326	3
25	8	0.05	-7.121494086414851	3
25	9	0.05	-5.047742125745265	3
25	10	0.05	-7.089123519507627	3
26	1	0.05	-7.721803660494735	4
26	2	0.05	-7.689385280006454	4
26	3	0.05	-6.432027778729009	4
26	5	0.05	-7.969327236850351	4
26	6	0.05	-5.586624037432978	4
26	7	0.05	-7.922285475829923	4
26	8	0.05	-7.825647002169165	4
26	9	0.05	-7.76892295464786	4
26	10	0.05	-5.657615664210403	4
27	1	0.05	2.5556270166604484	7
27	2	0.05	2.9325660979589525	7
27	3	0.05	3.4737967894369577	7
27	4	0.05	5.233266254538743	7
27	5	0.05	1.3415563879585641	7
27	6	0.05	2.9855904116600156	7
27	8	0.05	-0.5417755164409285	7
27	9	0.05	5.910586665349727	7
27	10	0.05	-0.3317813002617783	7
28	1	0.05	-7.542992989581848	7
28	2	0.05	-7.624153324530635	7
28	3	0.05	-4.451186979646653	7
28	4	0.05	-6.5862332423103584	7
28	5	0.05	-7.311311664847962	7
28	6	0.05	-6.990423812334899	7
28	8	0.05	-7.733235254934121	7
28	9	0.05	-7.231284195006838	7
28	10	0.05	-7.703461839150252	7
29	1	0.05	-1.8870252107061312	8
29	2	0.05	-2.519360598268222	8
29	3	0.05	0.8830198145287896	8
29	4	0.05	2.071964914869209	8
29	5	0.05	-2.809540229907479	8
29	6	0.05	3.33498210547474	8
29	7	0.05	-2.934993461516105	8
29	9	0.05	2.300594744475584	8
29	10	0.05	-2.717577333844739	8
30	1	0.05	1.0525584534693695	5
30	2	0.05	-0.0702059981783321	5
30	3	0.05	1.5025621887138194	5
30	4	0.05	-0.10928317036885521	5
30	6	0.05	-0.22623124228609265	5
30	7	0.05	-0.20477736166398747	5
30	8	0.05	7.181294132756008	5
30	9	0.05	0.9378144689979788	5
30	10	0.05	3.689924931487793	5
32	1	0.05	-7.7268140823595335	4
32	2	0.05	-7.686831993147445	4
32	3	0.05	-7.311467900747904	4
32	5	0.05	-7.965846702765776	4
32	6	0.05	-7.949001761828755	4
32	7	0.05	-7.922282775488826	4
32	8	0.05	-7.819597638853949	4
32	9	0.05	-7.765385215149234	4
32	10	0.05	-7.740873472732666	4
33	1	0.05	-4.283815648332553	9
33	2	0.05	-4.940374681281365	9
33	3	0.05	-4.064286904031872	9
33	4	0.05	1.0764533325042183	9
33	5	0.05	-5.082700613434784	9
33	6	0.05	-5.101306676728867	9
33	7	0.05	-1.2883982245418453	9
33	8	0.05	-5.076521930140961	9
33	10	0.05	-2.207760813983479	9
34	1	0.05	0.3585132768352332	8
35	1	0.05	-7.298886653165611	6
35	2	0.05	-7.350740115846638	6
35	3	0.05	-7.470712069557581	6
35	4	0.05	-5.378795237867251	6
35	5	0.05	-7.505873515178676	6
35	7	0.05	-6.888862620085957	6
35	8	0.05	-7.48565948513054	6
35	9	0.05	-7.334963243515368	6
35	10	0.05	-5.437276324751413	6
36	1	0.05	-2.9066061986836154	5
36	2	0.05	-2.950719937651476	5
36	3	0.05	-3.0214254909051257	5
36	4	0.05	-2.9798029903233303	5
36	6	0.05	-3.054553304160271	5
36	7	0.05	-3.0869814767898967	5
36	8	0.05	-1.9770486481940586	5
36	9	0.05	4.082334417471062	5
36	10	0.05	1.8324790211931543	5
37	1	0.05	-1.037245438117158	3
37	2	0.05	-1.1046540990918285	3
37	4	0.05	6.502090795633862	3
37	5	0.05	-1.2640267816859103	3
37	6	0.05	-1.3765324875143528	3
37	7	0.05	-1.3993482485565918	3
37	8	0.05	-1.0475973466000816	3
37	9	0.05	3.602697660469463	3
37	10	0.05	-1.2651982508233917	3
38	1	0.05	-4.864344430394186	6
38	2	0.05	-7.328853595679959	6
38	3	0.05	-5.780924407702699	6
38	4	0.05	-5.417664249047628	6
38	5	0.05	-7.483599375525297	6
38	7	0.05	-7.556769577547122	6
38	8	0.05	-7.468239825553521	6
38	9	0.05	-3.353966969694487	6
38	10	0.05	-7.401771313855199	6
39	1	0.05	5.075302096058334	6
39	2	0.05	3.6925910366749544	6
39	3	0.05	5.2164912607045535	6
39	4	0.05	7.549092394082127	6
39	5	0.05	5.371084632843667	6
39	7	0.05	7.598453754669342	6
39	8	0.05	1.3184007916552403	6
39	9	0.05	7.3095136608878075	6
39	10	0.05	7.567604063465633	6
40	1	0.05	-2.451805171900607	9
40	2	0.05	-3.392960247819975	9
40	3	0.05	-3.105837685252546	9
40	4	0.05	-1.8062761083907437	9
40	5	0.05	-3.9708895146932455	9
40	6	0.05	-3.990342099064211	9
40	7	0.05	-4.0199001068278	9
40	8	0.05	-3.9660861676112305	9
40	10	0.05	-3.885580437221993	9
41	1	0.05	-7.287675452354747	6
41	2	0.05	-7.330245468585711	6
41	3	0.05	-7.454540483185354	6
41	4	0.05	-5.736658185282258	6
41	5	0.05	-7.496335240733655	6
41	7	0.05	-7.547305617123821	6
41	8	0.05	-7.438628533120868	6
41	9	0.05	-7.380551013533907	6
41	10	0.05	-2.9763455274165542	6
42	1	0.05	-1.6251999285727567	3
42	2	0.05	-1.9538560895372168	3
42	4	0.05	5.706873021867585	3
42	5	0.05	-2.1102983116306677	3
42	6	0.05	-2.1409248301703907	3
42	7	0.05	-2.1619728247458534	3
42	8	0.05	-1.877238149629558	3
42	9	0.05	4.06325159976759	3
42	10	0.05	-1.6612004327062349	3
43	1	0.05	3.826604180075819	10
43	2	0.05	0.004811351443355456	10
43	3	0.05	1.9987445035846696	10
43	4	0.05	3.2991557372136464	10
43	5	0.05	7.103891815994925	10
43	6	0.05	-0.13946901253346175	10
43	7	0.05	-0.012115285232293901	10
43	8	0.05	2.920578491143833	10
43	9	0.05	2.486449342592477	10
44	1	0.05	-2.168628531365298	3
44	2	0.05	-2.9674549350630324	3
44	4	0.05	-2.620912389525293	3
44	5	0.05	-2.5197735919354174	3
44	6	0.05	-3.0725724258708844	3
44	7	0.05	3.6624122902834877	3
44	8	0.05	-2.185946567657554	3
44	9	0.05	-2.9990091453294334	3
44	10	0.05	-3.014980398000458	3
45	1	0.05	-3.94860097573574	5
45	2	0.05	-4.008484057051471	5
45	3	0.05	0.3178674772987934	5
45	4	0.05	-4.035885196415409	5
45	6	0.05	-4.0851148765008345	5
45	7	0.05	-4.014455986901412	5
45	8	0.05	-1.1832599218290065	5
45	9	0.05	2.4479993954716965	5
45	10	0.05	0.9767501511131882	5
46	1	0.05	-7.595050062119598	3
46	2	0.05	-6.492928810545319	3
46	4	0.05	-7.29764272341936	3
46	5	0.05	-7.781816921719768	3
46	6	0.05	-7.768814381914491	3
46	7	0.05	-7.815761831719861	3
46	8	0.05	-7.778722658325773	3
46	9	0.05	-7.542984535268568	3
46	10	0.05	-7.7010040266677136	3
47	1	0.05	-1.2465792409767937	8
47	2	0.05	-1.180964378961703	8
47	3	0.05	-0.5059682677771188	8
47	4	0.05	5.518631410763163	8
47	5	0.05	-1.1190866947045204	8
47	6	0.05	-1.4012788448566114	8
47	7	0.05	-1.3843780640090146	8
47	9	0.05	1.3613267618131868	8
47	10	0.05	4.39550706245202	8
48	2	0.05	-7.48288542205032	1
48	3	0.05	-6.6208488754371775	1
48	4	0.05	-7.473322574182458	1
48	5	0.05	-7.624914326838643	1
48	6	0.05	-7.607128139933791	1
48	7	0.05	-7.478872258921677	1
48	8	0.05	-3.827505406012943	1
48	9	0.05	-7.501050042146058	1
48	10	0.05	-3.0751096103245237	1
49	1	0.05	-7.280471966676593	6
49	2	0.05	-7.31838878203398	6
49	3	0.05	-7.441391856810036	6
49	4	0.05	-3.76493188592957	6
49	5	0.05	-7.464342609991764	6
49	7	0.05	-7.543390319264117	6
49	8	0.05	-7.431475553054243	6
49	9	0.05	-5.575606239932953	6
49	10	0.05	-6.926537399814988	6
50	1	0.05	-5.238528661523158	2
50	3	0.05	-0.46910003942700396	2
50	4	0.05	-7.3596481274941965	2
50	5	0.05	-6.000554082866315	2
50	6	0.05	-4.586974337224466	2
50	7	0.05	-3.5095022213003406	2
50	8	0.05	-6.207834949649673	2
50	9	0.05	-0.0949009731409774	2
50	10	0.05	-7.641884654923308	2
51	2	0.05	-4.700536640239698	1
51	3	0.05	-1.6669631068218378	1
51	4	0.05	-4.533432354507792	1
51	5	0.05	-4.808577269002805	1
51	6	0.05	-4.844989064765987	1
51	7	0.05	-4.464904845713331	1
51	8	0.05	-4.822887632279598	1
51	9	0.05	-4.715086257734717	1
51	10	0.05	-2.5832229884317055	1
52	1	0.05	-7.560836559665786	8
52	2	0.05	-7.256176063933839	8
52	3	0.05	-1.8078389842323024	8
52	4	0.05	0.01060414279448163	8
52	5	0.05	-7.583164177226948	8
52	6	0.05	-7.666595963519755	8
52	7	0.05	-7.702548161095526	8
52	9	0.05	-0.3693573755903705	8
52	10	0.05	-4.0788758991108285	8
53	1	0.05	-1.5163575774502345	10
53	2	0.05	-1.5652928877361794	10
53	3	0.05	-1.6398989570318612	10
53	4	0.05	-0.8211079458851835	10
53	5	0.05	4.622710447523173	10
53	6	0.05	-1.7011528030212164	10
53	7	0.05	-1.7207992938376926	10
53	8	0.05	5.288852161212486	10
53	9	0.05	1.7199074459227404	10
54	1	0.05	-2.9054781449312754	10
54	2	0.05	-2.9496296142159286	10
54	3	0.05	-0.9254739982510497	10
54	4	0.05	-3.0098051090896147	10
55	1	0.05	-7.181293042750069	10
55	2	0.05	-7.2251821031276915	10
55	3	0.05	-7.306086724277633	10
55	4	0.05	-7.2718491578797675	10
55	5	0.05	-7.084957870582902	10
55	6	0.05	-7.369454135646292	10
55	7	0.05	-7.355579513618709	10
55	8	0.05	-6.517453914380814	10
55	9	0.05	-4.041996059431261	10
56	1	0.05	-7.556630283187872	7
56	2	0.05	-7.631129958644505	7
56	3	0.05	-5.398309476381683	7
56	4	0.05	-7.637415901461774	7
56	5	0.05	-4.898258648345958	7
56	6	0.05	-7.610152025142963	7
56	8	0.05	-7.474889278621187	7
56	9	0.05	-7.544859676693159	7
56	10	0.05	-7.558024035086067	7
57	1	0.05	0.4924140601236754	6
57	2	0.05	-0.32130228353880375	6
57	3	0.05	-0.4504084915406012	6
57	4	0.05	4.286119722142228	6
57	5	0.05	-0.535044047227559	6
57	7	0.05	-0.6632565536942246	6
57	8	0.05	-0.576547663022594	6
57	9	0.05	1.8328726436951448	6
57	10	0.05	5.869188853821063	6
58	1	0.05	-5.095773760618957	9
58	2	0.05	-7.471167870917579	9
58	3	0.05	-7.582143944983367	9
58	4	0.05	-3.6839266980829874	9
58	5	0.05	-7.437321315052584	9
58	6	0.05	-7.603516280008451	9
58	7	0.05	-3.607964598671235	9
58	8	0.05	-7.5989241792012026	9
58	10	0.05	-5.282846827980711	9
59	1	0.05	-6.063949649434734	9
59	2	0.05	-7.163546465896447	9
59	3	0.05	-5.393835648562822	9
59	4	0.05	-6.199495470117247	9
59	5	0.05	-7.200020284654215	9
59	6	0.05	-7.303722432943511	9
59	7	0.05	-7.357727951287944	9
59	8	0.05	-7.30707039964005	9
59	10	0.05	-5.281738826021615	9
60	1	0.05	-6.2682850431400094	7
60	2	0.05	-6.290212568071073	7
60	3	0.05	0.7086402468561304	7
60	4	0.05	-6.285619586498023	7
60	5	0.05	-6.4622773636806246	7
60	6	0.05	-4.336762805922977	7
60	8	0.05	-6.461318738685641	7
60	9	0.05	-3.7816919434689136	7
60	10	0.05	-6.419455929855959	7
61	1	0.05	-4.672043455307183	10
61	2	0.05	-4.680116936615156	10
61	3	0.05	-4.773503376235414	10
61	4	0.05	-0.17547591251790284	10
61	5	0.05	-4.048154017055398	10
61	6	0.05	-4.843967688596715	10
61	7	0.05	-4.834743520731732	10
61	8	0.05	-1.8264382816990175	10
61	9	0.05	-1.787184336255933	10
62	1	0.05	3.724752460336501	10
62	2	0.05	-1.3709551739607637	10
62	3	0.05	-1.4571685673345203	10
62	4	0.05	-1.3851724502787257	10
62	5	0.05	-1.1927132237770883	10
62	6	0.05	-1.5146619623978024	10
62	7	0.05	-1.5308425821358582	10
62	8	0.05	-1.3622186867669182	10
62	9	0.05	1.5431228316814412	10
63	1	0.05	-6.703730276870323	6
63	2	0.05	-2.951692830423359	6
63	3	0.05	-7.454609077273845	6
63	4	0.05	-6.875104456705784	6
63	5	0.05	-7.458135912776697	6
63	7	0.05	-7.558592289585811	6
63	8	0.05	-6.919235224869907	6
63	9	0.05	-7.290286646926154	6
63	10	0.05	-7.395229488040718	6
64	1	0.05	-2.7387360225409556	5
64	2	0.05	-0.3502903281626345	5
64	3	0.05	-1.6739636429272589	5
64	4	0.05	0.17951646534963492	5
64	6	0.05	-2.8569768150202814	5
64	7	0.05	-2.571519781863907	5
64	8	0.05	3.7488795933916013	5
64	9	0.05	-2.0576986242876374	5
64	10	0.05	0.2560143214261225	5
65	1	0.05	-3.9774827200773375	3
65	2	0.05	-3.9648928092932314	3
65	4	0.05	2.7953334921672894	3
65	5	0.05	-4.1323164926352955	3
65	6	0.05	-4.1570049745776005	3
65	7	0.05	-4.174919664991257	3
65	8	0.05	-2.5013393077965973	3
65	9	0.05	-3.812498075257905	3
65	10	0.05	-4.0261641745195496	3
66	1	0.05	-7.558420199692076	7
66	2	0.05	-7.637408470606003	7
66	3	0.05	-7.721326639300496	7
66	4	0.05	-7.6429249113823365	7
66	5	0.05	-7.499306945295503	7
66	6	0.05	-7.617931564885775	7
66	8	0.05	-7.738114313335911	7
66	9	0.05	-7.674789387225067	7
66	10	0.05	-7.705186603439795	7
67	1	0.05	4.827497096250329	9
67	2	0.05	-0.8631174720168745	9
67	3	0.05	-1.0412474726029606	9
67	4	0.05	3.7698384849560713	9
67	5	0.05	-0.8132219845477682	9
67	6	0.05	-1.0315205800883682	9
67	7	0.05	-1.0528148586087214	9
67	8	0.05	-0.9924369115147574	9
67	10	0.05	3.4564787214561083	9
68	1	0.05	-1.222654914864921	2
68	3	0.05	4.48953767407317	2
68	4	0.05	5.642811845885645	2
68	5	0.05	-1.4089666464920674	2
68	6	0.05	-1.3403913777468555	2
68	7	0.05	1.027950245359213	2
68	8	0.05	3.666152511726481	2
68	9	0.05	5.119376804178581	2
68	10	0.05	-1.3035338625465396	2
69	2	0.05	-4.7738496310563665	1
69	3	0.05	-4.8401686975404505	1
69	4	0.05	-4.790531844431239	1
69	5	0.05	-4.88042720423339	1
69	6	0.05	-4.8210256015965705	1
69	7	0.05	-2.770685323828774	1
69	8	0.05	1.2405989042743126	1
69	9	0.05	-4.801947092107135	1
69	10	0.05	-4.667387734095127	1
70	1	0.05	-7.307558683539009	7
70	2	0.05	-7.62702923364714	7
70	3	0.05	-4.758529024922936	7
70	4	0.05	-7.6278673123710785	7
70	5	0.05	-3.1303439851973347	7
70	6	0.05	-7.698099563545446	7
70	8	0.05	-7.282258610970873	7
70	9	0.05	-7.657353655672174	7
70	10	0.05	-7.702108451693856	7
71	1	0.05	-5.071803818382105	10
71	2	0.05	-5.312533548905384	10
71	3	0.05	-5.41854850511977	10
71	4	0.05	-0.7857010821869006	10
71	5	0.05	-5.011570013965377	10
71	6	0.05	0.731408073067634	10
71	7	0.05	-5.478138762548718	10
71	8	0.05	-1.14373982454957	10
71	9	0.05	-3.2799893916715503	10
72	1	0.05	-1.80827776432453	6
72	2	0.05	-3.3621304387643414	6
72	3	0.05	-3.490015612990899	6
72	4	0.05	3.283131294478985	6
72	5	0.05	-3.477086749591255	6
72	7	0.05	-3.5813350051878823	6
72	8	0.05	-1.1234633468597581	6
72	9	0.05	0.5294586095483064	6
72	10	0.05	0.8043564581829281	6
73	1	0.05	-7.298309091339943	6
73	2	0.05	-7.3479793636978945	6
73	3	0.05	-7.468209632134814	6
73	4	0.05	-5.510075835354562	6
73	5	0.05	-7.5244265555704075	6
73	7	0.05	-4.61083359893893	6
73	8	0.05	-7.481214002438877	6
73	9	0.05	-7.395804034480958	6
73	10	0.05	-6.8403408554281775	6
74	1	0.05	-7.888993239796697	5
74	2	0.05	-7.928715268570404	5
74	3	0.05	-8.011053775185543	5
74	4	0.05	-7.9878986514448105	5
74	6	0.05	-8.045495709097626	5
74	7	0.05	-8.07670838404207	5
74	8	0.05	-7.584517791590202	5
74	9	0.05	-7.105845697697722	5
74	10	0.05	-6.877395504938786	5
75	1	0.05	-7.604727442773109	2
75	3	0.05	-6.190124393252234	2
75	4	0.05	-7.028052725583584	2
75	5	0.05	-7.653178341828207	2
75	6	0.05	-7.724641644895619	2
75	7	0.05	-7.787027186566775	2
75	8	0.05	-2.730646336567311	2
75	9	0.05	-3.38289072396677	2
75	10	0.05	-7.674817617326226	2
76	1	0.05	-7.279780562417478	7
76	2	0.05	-5.900119555640879	7
76	3	0.05	0.2274215563076819	7
76	4	0.05	-1.2319589432797584	7
76	5	0.05	-7.5025596518817546	7
76	6	0.05	-7.415142060823516	7
76	8	0.05	-7.456639567272154	7
76	9	0.05	-7.348845065757007	7
76	10	0.05	-7.422094225440044	7
77	1	0.05	-2.6874476124201836	8
77	2	0.05	-2.6202478916852505	8
77	3	0.05	4.028249925662724	8
77	4	0.05	2.1968760422274958	8
77	5	0.05	-2.554440670183995	8
77	6	0.05	-2.7508936344537225	8
77	7	0.05	-2.828435848697541	8
77	9	0.05	1.1714057890254501	8
77	10	0.05	-0.46250194161544195	8
78	1	0.05	-4.954652798268114	6
78	2	0.05	-5.2868820717468	6
78	3	0.05	-5.403422493285461	6
78	4	0.05	-4.992960035146098	6
78	5	0.05	-5.417837095409822	6
78	7	0.05	-5.358440557147401	6
78	8	0.05	-5.416023478503184	6
78	9	0.05	-5.022747805354266	6
78	10	0.05	-3.291004711008858	6
79	1	0.05	-0.2667038829985442	3
79	2	0.05	2.717792362138047	3
79	4	0.05	3.5628593507293167	3
79	5	0.05	5.778896044931512	3
79	6	0.05	3.9074298814726256	3
79	7	0.05	2.6945729186822236	3
79	8	0.05	6.161853085549427	3
79	9	0.05	-0.33808404946481874	3
79	10	0.05	-0.22167507484395368	3
80	1	0.05	-0.42496965374626744	10
80	2	0.05	-0.4399552901666319	10
80	3	0.05	-0.5387878404449148	10
80	4	0.05	3.479516410913076	10
80	5	0.05	4.570604234909194	10
80	6	0.05	-0.6129366771762149	10
80	7	0.05	-0.6127541210691237	10
80	8	0.05	2.2891271082948896	10
80	9	0.05	2.2512829006714727	10
81	2	0.05	-7.480174775412197	1
81	3	0.05	-7.5641635500113455	1
81	4	0.05	-7.469867710076706	1
81	5	0.05	-4.5653129508951285	1
81	6	0.05	-7.566126100948212	1
81	7	0.05	-3.4300115929722743	1
81	8	0.05	-7.582370094038313	1
81	9	0.05	-7.507478563996686	1
81	10	0.05	-7.4945996374716914	1
82	1	0.05	-2.5965942699951903	7
82	2	0.05	-7.636802761472111	7
82	3	0.05	-6.82386856175183	7
82	4	0.05	-7.640017191321454	7
82	5	0.05	-7.494733990970599	7
82	6	0.05	-6.627801651834107	7
82	8	0.05	-7.732373205951735	7
82	9	0.05	-7.66977561410475	7
82	10	0.05	-7.707131009870242	7
83	1	0.05	-4.203513059432806	5
83	2	0.05	-4.263267970910153	5
83	3	0.05	-3.2903018582481107	5
83	4	0.05	-4.31269538344195	5
83	6	0.05	-4.346050738395256	5
83	7	0.05	1.604118278669194	5
83	8	0.05	0.17030128567443814	5
83	9	0.05	-4.227997399572804	5
83	10	0.05	-3.527120907360798	5
84	1	0.05	-4.159156927674401	5
84	2	0.05	-4.16701624408448	5
84	3	0.05	-4.259326038030328	5
84	4	0.05	-4.2201692194283105	5
84	6	0.05	-4.325254320164312	5
84	7	0.05	-4.322689824764317	5
84	8	0.05	-3.4518832031680917	5
84	9	0.05	-4.232003692569199	5
84	10	0.05	-1.2873955920341722	5
85	1	0.05	2.3724542878233152	3
85	2	0.05	-0.9178229817032924	3
85	4	0.05	3.067008920142873	3
85	5	0.05	-1.0513675857731586	3
85	6	0.05	-1.121249986834793	3
85	7	0.05	-1.1270697698826846	3
85	8	0.05	6.3154631724325405	3
85	9	0.05	4.914449383964087	3
85	10	0.05	-0.9014305501010966	3
86	1	0.05	-1.2478825242459424	9
86	2	0.05	-1.3318858656868324	9
86	3	0.05	2.5703989403042886	9
86	4	0.05	3.700479546860951	9
86	5	0.05	1.2050167776294218	9
86	6	0.05	-1.7496479561022413	9
86	7	0.05	-1.6413861258807059	9
86	8	0.05	-1.1724151182341371	9
86	10	0.05	-1.3262766186717578	9
87	1	0.05	-7.56154171870085	8
87	2	0.05	-7.508004524336817	8
87	3	0.05	-1.0748034356852842	8
87	4	0.05	-4.4712187735631295	8
87	5	0.05	-7.581078075640006	8
87	6	0.05	-7.685130722914571	8
87	7	0.05	-7.703912798080061	8
87	9	0.05	-5.224752407742178	8
87	10	0.05	-7.446530915096707	8
88	1	0.05	-7.442247571204091	9
88	2	0.05	-7.477878328611353	9
88	3	0.05	-0.790990750502438	9
88	4	0.05	-6.043204626225037	9
88	5	0.05	-7.6673369250462216	9
88	6	0.05	-7.609978674971867	9
88	7	0.05	-7.676081276843145	9
88	8	0.05	-7.6294925462910514	9
88	10	0.05	-7.544858125646757	9
89	1	0.05	-2.9142860043886993	4
89	2	0.05	-3.231161661451331	4
89	3	0.05	-3.3642194855548486	4
89	5	0.05	-3.3674609684010908	4
89	6	0.05	2.4299486469258347	4
89	7	0.05	-3.430912712377603	4
89	8	0.05	-3.3372606555746493	4
89	9	0.05	-3.187718476612177	4
89	10	0.05	2.7269503594154942	4
90	2	0.05	-7.497654286113719	1
90	3	0.05	-6.95458868774904	1
90	4	0.05	-7.485087618957082	1
90	5	0.05	-7.637827453095285	1
90	6	0.05	-7.628798971996862	1
90	7	0.05	-6.87982046327836	1
90	8	0.05	-7.602847955196539	1
90	9	0.05	-7.520002805255579	1
90	10	0.05	-7.407537051759707	1
91	1	0.05	-7.516872961843271	10
91	2	0.05	-7.532349436855323	10
91	3	0.05	-7.617580539105455	10
91	4	0.05	-6.440125107003548	10
91	5	0.05	-7.423694301851651	10
91	6	0.05	-7.701152017623261	10
91	7	0.05	-7.672059740364733	10
91	8	0.05	-3.431351799826823	10
91	9	0.05	-6.889127669183461	10
92	2	0.05	-7.191844872020849	1
92	3	0.05	-7.138348653769306	1
92	4	0.05	-7.462630257784044	1
92	5	0.05	-7.643451124737331	1
92	6	0.05	-5.566941325939093	1
92	7	0.05	-5.774954993573574	1
92	8	0.05	-7.564179249089666	1
92	9	0.05	-7.512237535886504	1
92	10	0.05	-7.540454119612839	1
93	1	0.05	-6.496480680142418	2
93	3	0.05	-6.25848676133344	2
93	4	0.05	-1.0153550561440505	2
93	5	0.05	-5.746197646374838	2
93	6	0.05	-6.609143291596481	2
93	7	0.05	-6.6988776519376465	2
93	8	0.05	-3.85602611011443	2
93	9	0.05	0.18509095145419188	2
93	10	0.05	-1.8176882862357358	2
94	1	0.05	-2.439732794054076	2
94	3	0.05	-2.410640665760704	2
94	4	0.05	3.939345965795749	2
94	5	0.05	0.14846990468088297	2
94	6	0.05	-2.5828983561172127	2
94	7	0.05	1.376871621666374	2
94	8	0.05	3.208126124301956	2
94	9	0.05	3.4414687224292524	2
94	10	0.05	-0.43269483961505883	2
95	1	0.05	-7.712295540010527	10
95	2	0.05	-7.730104072208887	10
95	3	0.05	-7.816799550943009	10
95	4	0.05	-4.8894977803269715	10
95	5	0.05	-7.654183469737226	10
95	6	0.05	-3.8164825890465184	10
95	7	0.05	-7.880968763412901	10
95	8	0.05	-2.931794726928991	10
95	9	0.05	-7.493635259188078	10
96	1	0.05	-5.811947473967633	5
96	2	0.05	-5.780656229126166	5
96	3	0.05	-5.834545479890444	5
96	4	0.05	-5.8749152372191205	5
96	6	0.05	-5.953018729111155	5
96	7	0.05	-5.940469138904575	5
96	8	0.05	-2.1120143465196763	5
96	9	0.05	-4.239169215801243	5
96	10	0.05	-1.3487483841235663	5
97	1	0.05	3.180833496080107	6
97	2	0.05	1.6490869231886043	6
97	3	0.05	0.43876455092856737	6
97	4	0.05	7.3081393973936395	6
97	5	0.05	1.4416290692099492	6
97	7	0.05	5.740438338277274	6
97	8	0.05	0.06703725106500241	6
97	9	0.05	3.6074936204948926	6
97	10	0.05	0.12493733055899098	6
98	1	0.05	1.087221239464791	10
98	2	0.05	-0.46488945373671064	10
98	3	0.05	3.7109873003083598	10
98	4	0.05	0.006227930171361791	10
98	5	0.05	4.932607795936433	10
98	6	0.05	-0.5767199960789775	10
98	7	0.05	-0.6188845815116583	10
98	8	0.05	5.090855938060166	10
98	9	0.05	0.7965285293793235	10
100	1	0.05	-5.813368251393168	7
100	2	0.05	-6.327592991491012	7
100	3	0.05	-3.386603741977728	7
100	4	0.05	-6.323853535133679	7
100	5	0.05	-2.6872655513497476	7
100	6	0.05	-3.7258716799268883	7
100	8	0.05	-5.813397312295951	7
100	9	0.05	-6.3460360889881695	7
100	10	0.05	-6.400310581333405	7
101	1	0.05	-6.624195301305687	7
101	2	0.05	-6.9030289447859285	7
101	3	0.05	-6.895760419749909	7
101	4	0.05	-6.7174237193873445	7
101	5	0.05	-7.064113850357125	7
101	6	0.05	-2.0084790196896147	7
101	8	0.05	-7.02403251168622	7
101	9	0.05	-1.7698493305962517	7
101	10	0.05	-6.695104699740461	7
102	2	0.05	-7.493638044874061	1
102	3	0.05	-6.583352522904378	1
102	4	0.05	-7.479306043029926	1
102	5	0.05	-7.63463603007958	1
102	6	0.05	-7.625514751087877	1
102	7	0.05	-7.4327074096081445	1
102	8	0.05	-7.604472148960541	1
102	9	0.05	-7.5199923177728625	1
102	10	0.05	-6.790560204120293	1
103	1	0.05	-4.896519141137433	8
103	2	0.05	-4.8390725185870815	8
103	3	0.05	-4.368711567057144	8
103	4	0.05	-0.22796676926486548	8
103	5	0.05	-4.920805155068431	8
103	6	0.05	-4.846456171727252	8
103	7	0.05	-5.042921997261153	8
103	9	0.05	-4.003744996190122	8
103	10	0.05	-1.5631676903565819	8
104	1	0.05	-0.09266419667559783	8
104	2	0.05	-0.08186777651092506	8
104	3	0.05	-0.19557166135746096	8
105	1	0.05	0.22913316215964635	9
105	2	0.05	1.4397564198244512	9
105	3	0.05	5.8890690485866966	9
105	4	0.05	7.658290202743112	9
105	5	0.05	-0.02799851960549839	9
105	6	0.05	-0.11868815011632314	9
105	7	0.05	-0.12513130648493978	9
105	8	0.05	1.4301251229384921	9
105	10	0.05	5.788475114669375	9
106	1	0.05	2.146686214111317	5
106	2	0.05	0.04669398239904279	5
106	3	0.05	5.122787599857464	5
106	4	0.05	0.01883320337562693	5
106	6	0.05	-0.05281900841803054	5
106	7	0.05	5.1805957851402145	5
106	8	0.05	3.789155114822754	5
106	9	0.05	-0.02850181664367866	5
106	10	0.05	0.19978698106083317	5
107	1	0.05	-3.360817930055146	9
107	2	0.05	-5.895894576029842	9
107	3	0.05	-2.161290900086988	9
107	4	0.05	0.30349707672127074	9
107	5	0.05	-6.076688528441079	9
107	6	0.05	-6.0651205833547985	9
107	7	0.05	-6.094949170301971	9
107	8	0.05	0.7861151745913662	9
107	10	0.05	-3.929476426259679	9
108	1	0.05	0.08403554249546251	9
109	1	0.05	-0.2788441232022415	2
109	3	0.05	4.987695605114061	2
109	4	0.05	5.765021764040307	2
109	5	0.05	2.409571279531616	2
109	6	0.05	3.8930456987182405	2
109	7	0.05	4.55523688838318	2
109	8	0.05	2.7195852083842857	2
109	9	0.05	6.944351798063183	2
109	10	0.05	1.4270206901307732	2
110	1	0.05	0.26852378147092526	9
110	2	0.05	-0.12403760333440608	9
110	3	0.05	4.250396685508123	9
110	4	0.05	1.982034094728313	9
110	5	0.05	-0.13433412619839616	9
110	6	0.05	1.5755155692433103	9
110	7	0.05	2.34130218600607	9
110	8	0.05	-0.25914453266161974	9
110	10	0.05	0.6387919590775418	9
111	2	0.05	-7.487503533398576	1
111	3	0.05	-7.574491820812452	1
111	4	0.05	-7.470040274613565	1
111	5	0.05	-7.607829306432118	1
111	6	0.05	-7.012136933782897	1
111	7	0.05	-7.427990218881743	1
111	8	0.05	-7.580367137665782	1
111	9	0.05	-6.222509652560917	1
111	10	0.05	-7.530039019124257	1
112	1	0.05	-6.4318739496477635	3
112	2	0.05	-7.031707645603466	3
112	4	0.05	-4.662958820445156	3
112	5	0.05	-7.170491687663312	3
112	6	0.05	-7.1422755488617735	3
112	7	0.05	-6.765275627538989	3
112	8	0.05	-7.149526691019229	3
112	9	0.05	0.09151806215514122	3
112	10	0.05	-7.107626366233948	3
113	1	0.05	0.222612592057051	10
113	2	0.05	1.6997849229707127	10
113	3	0.05	-0.37797651936329596	10
113	4	0.05	1.2792361260377492	10
113	5	0.05	3.6866174712509587	10
113	6	0.05	-0.46063044976085143	10
113	7	0.05	-0.46266990919145295	10
113	8	0.05	6.540209073477412	10
113	9	0.05	4.86189231991112	10
114	1	0.05	-2.6119061953919958	2
114	3	0.05	2.6766108548785783	2
114	4	0.05	0.26290729255567186	2
114	5	0.05	-3.5525481817108657	2
114	6	0.05	-3.5393500591958285	2
114	7	0.05	0.44486309793898116	2
114	8	0.05	-2.418457497676445	2
114	9	0.05	2.1459739824411854	2
114	10	0.05	-3.5460893093175256	2
115	2	0.05	-5.540676113633085	1
115	3	0.05	-2.4906758119814385	1
115	4	0.05	-4.086935764064055	1
115	5	0.05	-5.680099595018193	1
115	6	0.05	-2.755346305860342	1
115	7	0.05	-2.6838465208513194	1
115	8	0.05	-5.655491738243073	1
115	9	0.05	-5.568702071464058	1
115	10	0.05	-5.578440214107663	1
116	1	0.05	-6.721692871339029	4
116	2	0.05	-6.692943272466088	4
116	3	0.05	-3.7567939599311737	4
116	5	0.05	-6.870362734329114	4
116	6	0.05	-5.8163145667876845	4
116	7	0.05	-6.922014867702381	4
116	8	0.05	-6.825326760094318	4
116	9	0.05	-6.766749727714295	4
116	10	0.05	-4.96881446024261	4
117	1	0.05	-4.948102114111783	10
117	2	0.05	-4.941050800343462	10
117	3	0.05	-5.030738889688859	10
117	4	0.05	0.10724813731022528	10
117	5	0.05	-4.830229582069461	10
117	6	0.05	-5.107580479979027	10
117	7	0.05	-5.095301067569973	10
117	8	0.05	-1.0248775704316366	10
117	9	0.05	-1.8232576763473591	10
118	1	0.05	-7.56659452635838	8
118	2	0.05	-7.51237488385054	8
118	3	0.05	-4.920909728915164	8
118	4	0.05	-7.2451935186630205	8
118	5	0.05	-7.5696137985799465	8
118	6	0.05	-7.718907504574393	8
118	7	0.05	-7.71141287986487	8
118	9	0.05	-7.548797247477464	8
118	10	0.05	-6.57313809072018	8
119	2	0.05	-7.4973179779036965	1
119	3	0.05	-7.582498761333948	1
119	4	0.05	-7.484923565147149	1
119	5	0.05	-7.638725628686135	1
119	6	0.05	-7.634160626010106	1
119	7	0.05	-7.388376798027637	1
119	8	0.05	-7.605292059129946	1
119	9	0.05	-7.5231234307605765	1
119	10	0.05	-7.547394783912736	1
120	1	0.05	-7.867979543676125	5
120	2	0.05	-7.92494496384151	5
120	3	0.05	-8.008040656976487	5
120	4	0.05	-7.986219883277574	5
120	6	0.05	-8.039457412031185	5
120	7	0.05	-8.072987628633594	5
120	8	0.05	-7.5848203155648015	5
120	9	0.05	-7.926565525696149	5
120	10	0.05	-5.482437987360597	5
121	1	0.05	-1.8410076507289546	10
121	2	0.05	-3.4440168238028086	10
121	3	0.05	-3.5670243721947137	10
121	4	0.05	-2.6061959352856428	10
121	5	0.05	2.4875288259134893	10
121	6	0.05	-3.635049767988146	10
121	7	0.05	-3.5917368878949305	10
121	8	0.05	2.5920589840921457	10
121	9	0.05	-3.1762258384574027	10
122	1	0.05	-6.824802479333142	7
122	2	0.05	-6.901519006208839	7
122	3	0.05	-2.3062265624235025	7
122	4	0.05	-6.89437877776153	7
122	5	0.05	-7.047431584621805	7
122	6	0.05	-6.86601532344309	7
122	8	0.05	-7.015616933204281	7
122	9	0.05	-5.221328040311338	7
122	10	0.05	-6.978834363227511	7
123	1	0.05	0.46956177186987763	9
123	2	0.05	0.07646877122948462	9
123	3	0.05	0.9487446420431944	9
123	4	0.05	6.305315653640048	9
123	5	0.05	0.05526733685208847	9
123	6	0.05	-0.13354310943778264	9
123	7	0.05	-0.12195344737363338	9
123	8	0.05	7.580709201170087	9
123	10	0.05	6.23172928728878	9
124	1	0.05	-0.09531466377392812	10
124	2	0.05	-0.0771881198748217	10
124	3	0.05	-0.1748540379581989	10
124	4	0.05	2.956638343199545	10
124	5	0.05	0.4770741490431773	10
124	6	0.05	-0.24880413437687393	10
124	7	0.05	-0.26642675966755086	10
124	8	0.05	4.319215088009998	10
124	9	0.05	7.006584453384815	10
125	1	0.05	-7.675033343413073	4
125	2	0.05	-7.648008252331553	4
125	3	0.05	-7.793915458469572	4
125	5	0.05	-7.84945823417694	4
125	6	0.05	-7.805918901890439	4
125	7	0.05	-7.8578633455608085	4
125	8	0.05	-6.874467692879241	4
125	9	0.05	-7.632121634636017	4
125	10	0.05	-4.282688978975822	4
126	1	0.05	4.9309169900486625	6
126	2	0.05	1.8076341392666595	6
126	3	0.05	0.9323243894398157	6
126	4	0.05	7.8833056425500745	6
126	5	0.05	0.1588964102852584	6
127	1	0.05	-0.2747804283071712	5
127	2	0.05	-0.31732840212793334	5
127	3	0.05	0.10530278283941695	5
127	4	0.05	0.5524082109326504	5
127	6	0.05	-0.5798032049681415	5
127	7	0.05	6.783104256054851	5
127	8	0.05	4.451461419866533	5
127	9	0.05	-0.51184815880146	5
127	10	0.05	1.699451007354307	5
128	1	0.05	-7.718243368233891	4
128	2	0.05	-7.684448577099151	4
128	3	0.05	-7.0729844045502865	4
128	5	0.05	-7.960473350759716	4
128	6	0.05	-7.231493941714444	4
128	7	0.05	-7.914098623309861	4
128	8	0.05	-7.811895202593675	4
128	9	0.05	-7.72030705988461	4
128	10	0.05	-5.651088250885111	4
129	1	0.05	-7.071890332235561	3
129	2	0.05	-3.956134059925822	3
129	4	0.05	-4.800205440173189	3
129	5	0.05	-7.755848171683694	3
129	6	0.05	-7.6877637037722195	3
129	7	0.05	-3.933129233263228	3
129	8	0.05	-7.7405012152509025	3
129	9	0.05	-4.444037545613353	3
129	10	0.05	-7.689864435661583	3
130	1	0.05	1.2092859195167522	3
130	2	0.05	0.18795634518887963	3
130	4	0.05	6.515576008142219	3
130	5	0.05	-0.03488993154414682	3
130	6	0.05	-0.019909004103091005	3
130	7	0.05	-0.05791074940536175	3
130	8	0.05	0.7181294354216285	3
131	1	0.05	-7.873063938845782	5
131	2	0.05	-7.880024935633568	5
131	3	0.05	-7.947075463438789	5
131	4	0.05	-7.964185806631503	5
131	6	0.05	-7.997201032544497	5
131	7	0.05	-8.029128071030682	5
131	8	0.05	-0.6642703900617637	5
131	9	0.05	-7.836468698887267	5
131	10	0.05	-3.552298630021431	5
132	2	0.05	-7.486657741352304	1
132	3	0.05	-6.745391344853032	1
132	4	0.05	-7.470562074373089	1
132	5	0.05	-7.595647024452833	1
132	6	0.05	-7.602724787097669	1
132	7	0.05	-6.217318828643513	1
132	8	0.05	-7.589604498500689	1
132	9	0.05	-7.514373792376863	1
132	10	0.05	-7.539053091924239	1
133	1	0.05	-4.745124186951593	4
133	2	0.05	-1.13222344902087	4
133	3	0.05	-1.5171564274757219	4
133	5	0.05	-5.630004892376862	4
133	6	0.05	-1.6541871337851086	4
133	7	0.05	-5.631094824769424	4
133	8	0.05	-5.541389186285587	4
133	9	0.05	-5.44961750564664	4
133	10	0.05	-0.9709519432880634	4
134	1	0.05	2.80791503514117	3
134	2	0.05	-3.298669124518299	3
134	4	0.05	-3.1191609148059505	3
134	5	0.05	-3.449140319309759	3
134	6	0.05	-3.4179582606728243	3
134	7	0.05	-2.555877471828996	3
134	8	0.05	-3.170006974295659	3
134	9	0.05	-3.3965603910110063	3
134	10	0.05	-3.428171285590797	3
135	1	0.05	-7.315115254671263	4
135	2	0.05	-6.2249165243944615	4
135	3	0.05	-6.677618053276352	4
135	5	0.05	-7.279724867743652	4
135	6	0.05	-6.1468915910335555	4
135	7	0.05	-7.504429875839764	4
135	8	0.05	-7.409529056062279	4
135	9	0.05	-3.7372486930036737	4
135	10	0.05	-3.922294065817867	4
136	1	0.05	-0.053712515285126126	6
136	2	0.05	-0.02544382504181145	6
136	3	0.05	1.2851105442915913	6
136	4	0.05	7.389090243862682	6
136	5	0.05	-0.20132985882933402	6
136	7	0.05	-0.2654152631237574	6
136	8	0.05	1.327361427878523	6
136	9	0.05	1.107624408052762	6
136	10	0.05	-0.009211716013802546	6
137	1	0.05	-1.9854614364720657	2
137	3	0.05	1.7060060423265646	2
137	4	0.05	-1.0976266381990636	2
137	5	0.05	-3.5432731746715658	2
137	6	0.05	-3.894258933563218	2
137	7	0.05	0.4707184145433645	2
137	8	0.05	0.6180710779707339	2
137	9	0.05	2.6314819821987436	2
137	10	0.05	-3.878976232857862	2
138	1	0.05	-0.968440173751149	2
138	3	0.05	0.797238546521118	2
138	4	0.05	5.859502069888305	2
138	5	0.05	3.9783992446196548	2
138	6	0.05	-1.0859571819550493	2
138	7	0.05	-1.0926342340538595	2
138	8	0.05	4.650575930857085	2
138	9	0.05	4.859838378691115	2
138	10	0.05	5.262948567416601	2
139	1	0.05	-7.36073796828783	3
139	2	0.05	-0.5691079310672947	3
139	4	0.05	-3.9336148735550918	3
139	5	0.05	-7.55088917400849	3
139	6	0.05	-7.497081978545399	3
139	7	0.05	-7.574437457337683	3
139	8	0.05	-3.298790089005925	3
139	9	0.05	-3.115318061556574	3
139	10	0.05	-7.460971075100298	3
140	1	0.05	-7.888764669769984	5
140	2	0.05	-7.931816889899631	5
140	3	0.05	-8.006872339816026	5
140	4	0.05	-7.99120265285831	5
140	6	0.05	-8.043654477070609	5
140	7	0.05	-8.075766643763968	5
140	8	0.05	-5.52540924284964	5
140	9	0.05	-7.544672012303545	5
140	10	0.05	-6.807237736183703	5
141	1	0.05	0.21502011033866775	9
141	2	0.05	-1.2042269730866497	9
141	3	0.05	3.4648657530362375	9
141	4	0.05	3.5874836967932766	9
141	5	0.05	-1.3465249465672602	9
141	6	0.05	-1.3598413241835696	9
141	7	0.05	4.662250457371582	9
141	8	0.05	-1.3465224710307777	9
141	10	0.05	-1.2798318176115846	9
142	1	0.05	-6.83065726801432	3
142	2	0.05	-6.561713652543321	3
142	4	0.05	-2.254092608856466	3
142	5	0.05	-7.760876182514438	3
142	6	0.05	-7.733731430892497	3
142	7	0.05	-6.868327960397244	3
142	8	0.05	-6.807568187443414	3
142	9	0.05	-6.563303239829599	3
142	10	0.05	-7.674116231087242	3
143	1	0.05	-6.484171021426002	3
143	2	0.05	-7.589695373051658	3
143	4	0.05	-2.935464988829046	3
143	5	0.05	-7.643057420124603	3
143	6	0.05	-7.738426483787281	3
143	7	0.05	-7.770268123185481	3
143	8	0.05	-7.726937067013383	3
143	9	0.05	-7.6489909720786535	3
143	10	0.05	-7.680274484542423	3
144	1	0.05	-6.106388281331495	7
144	2	0.05	-7.634227396854386	7
144	3	0.05	-5.809529194176142	7
144	4	0.05	-7.644300100198184	7
144	5	0.05	-7.712381945683866	7
144	6	0.05	-7.711680198628983	7
144	8	0.05	-7.733311199977846	7
144	9	0.05	-7.672187949992195	7
144	10	0.05	-7.53573400749023	7
145	1	0.05	-2.2607013936141094	9
145	2	0.05	-1.7428294266174955	9
145	3	0.05	5.203561998609197	9
145	4	0.05	2.7531327701616473	9
145	5	0.05	-2.444661889530476	9
145	6	0.05	-2.437261251150234	9
145	7	0.05	-2.3464742421016025	9
145	8	0.05	-2.4222849061070795	9
145	10	0.05	-1.2584190796745611	9
146	1	0.05	2.2221273601692326	7
146	2	0.05	-0.7102735273064621	7
146	3	0.05	-3.706866682691353	7
146	4	0.05	1.1924444017634295	7
146	5	0.05	-3.850264066413703	7
146	6	0.05	-0.5692244506682161	7
146	8	0.05	-3.812845127647993	7
146	9	0.05	0.8816971307326671	7
146	10	0.05	-3.6905258316293668	7
147	1	0.05	-0.389842746864515	2
147	3	0.05	7.135443318237952	2
147	4	0.05	1.6895993999953625	2
147	5	0.05	0.4591611750573004	2
147	6	0.05	-0.15152057499470223	2
147	7	0.05	3.1270330603609944	2
147	8	0.05	1.2912339452697914	2
147	9	0.05	6.100303257714763	2
147	10	0.05	-0.5194215286436439	2
148	1	0.05	0.1132708060101168	8
148	2	0.05	6.5564574222661545	8
148	3	0.05	7.541755222774683	8
148	4	0.05	7.63763108663656	8
148	5	0.05	5.513063033172151	8
148	6	0.05	0.007824145827489064	8
148	7	0.05	0.806062641146071	8
148	9	0.05	0.15959302208387416	8
148	10	0.05	0.6295966239181363	8
149	2	0.05	-7.49513117634565	1
149	3	0.05	-1.0900529657158073	1
149	4	0.05	-7.4779356611309895	1
149	5	0.05	-7.641909103847181	1
149	6	0.05	-7.6060551132610135	1
149	7	0.05	-7.6667809553561295	1
149	8	0.05	-7.597938801140262	1
149	9	0.05	-7.515033796533626	1
149	10	0.05	-7.447578027806011	1
150	1	0.05	0.3707815009009982	7
150	2	0.05	-5.599111735976886	7
150	3	0.05	-1.0813445958389947	7
150	4	0.05	-5.418247760281202	7
150	5	0.05	-1.5910565783366954	7
150	6	0.05	-5.670207942227145	7
150	8	0.05	-3.832075735156829	7
150	9	0.05	-5.630423940086577	7
150	10	0.05	-5.6494746970965855	7
